time,X_NOSE,Y_NOSE,Z_NOSE,visibility_NOSE,X_LEFT_EYE_INNER,Y_LEFT_EYE_INNER,Z_LEFT_EYE_INNER,visibility_LEFT_EYE_INNER,X_LEFT_EYE,Y_LEFT_EYE,Z_LEFT_EYE,visibility_LEFT_EYE,X_LEFT_EYE_OUTER,Y_LEFT_EYE_OUTER,Z_LEFT_EYE_OUTER,visibility_LEFT_EYE_OUTER,X_RIGHT_EYE_OUTER,Y_RIGHT_EYE_OUTER,Z_RIGHT_EYE_OUTER,visibility_RIGHT_EYE_OUTER,X_RIGHT_EYE,Y_RIGHT_EYE,Z_RIGHT_EYE,visibility_RIGHT_EYE,X_RIGHT_EYE_OUTER,Y_RIGHT_EYE_OUTER,Z_RIGHT_EYE_OUTER,visibility_RIGHT_EYE_OUTER,X_LEFT_EAR,Y_LEFT_EAR,Z_LEFT_EAR,visibility_LEFT_EAR,X_RIGHT_EAR,Y_RIGHT_EAR,Z_RIGHT_EAR,visibility_RIGHT_EAR,X_MOUTH_LEFT,Y_MOUTH_LEFT,Z_MOUTH_LEFT,visibility_MOUTH_LEFT,X_MOUTH_RIGHT,Y_MOUTH_RIGHT,Z_MOUTH_RIGHT,visibility_MOUTH_RIGHT,X_LEFT_SHOULDER,Y_LEFT_SHOULDER,Z_LEFT_SHOULDER,visibility_LEFT_SHOULDER,X_RIGHT_SHOULDER,Y_RIGHT_SHOULDER,Z_RIGHT_SHOULDER,visibility_RIGHT_SHOULDER,X_LEFT_ELBOW,Y_LEFT_ELBOW,Z_LEFT_ELBOW,visibility_LEFT_ELBOW,X_RIGHT_ELBOW,Y_RIGHT_ELBOW,Z_RIGHT_ELBOW,visibility_RIGHT_ELBOW,X_LEFT_WRIST,Y_LEFT_WRIST,Z_LEFT_WRIST,visibility_LEFT_WRIST,X_RIGHT_WRIST,Y_RIGHT_WRIST,Z_RIGHT_WRIST,visibility_RIGHT_WRIST,X_LEFT_PINKY,Y_LEFT_PINKY,Z_LEFT_PINKY,visibility_LEFT_PINKY,X_RIGHT_PINKY,Y_RIGHT_PINKY,Z_RIGHT_PINKY,visibility_RIGHT_PINKY,X_LEFT_INDEX,Y_LEFT_INDEX,Z_LEFT_INDEX,visibility_LEFT_INDEX,X_RIGHT_INDEX,Y_RIGHT_INDEX,Z_RIGHT_INDEX,visibility_RIGHT_INDEX,X_LEFT_THUMB,Y_LEFT_THUMB,Z_LEFT_THUMB,visibility_LEFT_THUMB,X_RIGHT_THUMB,Y_RIGHT_THUMB,Z_RIGHT_THUMB,visibility_RIGHT_THUMB,X_LEFT_HIP,Y_LEFT_HIP,Z_LEFT_HIP,visibility_LEFT_HIP,X_RIGHT_HIP,Y_RIGHT_HIP,Z_RIGHT_HIP,visibility_RIGHT_HIP,X_LEFT_KNEE,Y_LEFT_KNEE,Z_LEFT_KNEE,visibility_LEFT_KNEE,X_RIGHT_KNEE,Y_RIGHT_KNEE,Z_RIGHT_KNEE,visibility_RIGHT_KNEE,X_LEFT_ANKLE,Y_LEFT_ANKLE,Z_LEFT_ANKLE,visibility_LEFT_ANKLE,X_RIGHT_ANKLE,Y_RIGHT_ANKLE,Z_RIGHT_ANKLE,visibility_RIGHT_ANKLE,X_LEFT_HEEL,Y_LEFT_HEEL,Z_LEFT_HEEL,visibility_LEFT_HEEL,X_RIGHT_HEEL,Y_RIGHT_HEEL,Z_RIGHT_HEEL,visibility_RIGHT_HEEL,X_LEFT_FOOT_INDEX,Y_LEFT_FOOT_INDEX,Z_LEFT_FOOT_INDEX,visibility_LEFT_FOOT_INDEX,X_RIGHT_FOOT_INDEX,Y_RIGHT_FOOT_INDEX,Z_RIGHT_FOOT_INDEX,visibility_RIGHT_FOOT_INDEX
0,0.5321194529533386,0.308797687292099,-0.17005525529384613,0.9999850988388062,0.5326644778251648,0.295695424079895,-0.15530267357826233,0.9999781847000122,0.5339785814285278,0.2953914403915405,-0.15532271564006805,0.9999701976776123,0.5351240038871765,0.29511457681655884,-0.15531279146671295,0.9999685287475586,0.5271314978599548,0.29580235481262207,-0.16932828724384308,0.999976396560669,0.5243184566497803,0.2954231798648834,-0.1693415492773056,0.999971866607666,0.5211554169654846,0.2951372265815735,-0.16936887800693512,0.9999736547470093,0.5317505598068237,0.29913416504859924,-0.05671738460659981,0.9999146461486816,0.5120338201522827,0.2993163764476776,-0.12019724398851395,0.9999834299087524,0.5334005355834961,0.3206024765968323,-0.1307782530784607,0.9999903440475464,0.5271835923194885,0.32145166397094727,-0.14915341138839722,0.9999934434890747,0.5475833415985107,0.37071692943573,0.03791350498795509,0.9999563694000244,0.4901849925518036,0.3767928183078766,-0.09793497622013092,0.9999819993972778,0.5730645060539246,0.46757644414901733,-0.014271404594182968,0.9400781989097595,0.47874191403388977,0.4768277704715729,-0.09866811335086823,0.9950786828994751,0.5542047023773193,0.4376724362373352,-0.2162700742483139,0.9541204571723938,0.5259547233581543,0.4583802819252014,-0.12153545767068863,0.9808157086372375,0.550017774105072,0.43424224853515625,-0.2536056637763977,0.9101325273513794,0.5372976660728455,0.45386603474617004,-0.1415223777294159,0.9478439688682556,0.5468785762786865,0.42075443267822266,-0.2547735273838043,0.9114015102386475,0.5363052487373352,0.4379364252090454,-0.1454911082983017,0.9415899515151978,0.5467807650566101,0.42119014263153076,-0.22236104309558868,0.8821310997009277,0.533050000667572,0.4382445812225342,-0.12068229168653488,0.9048145413398743,0.5421492457389832,0.5592016577720642,0.0492597259581089,0.9995452761650085,0.5065816640853882,0.562012791633606,-0.049306098371744156,0.9994457364082336,0.5340312123298645,0.7103514075279236,0.06724808365106583,0.8678414225578308,0.5060669183731079,0.7125866413116455,-0.033542532473802567,0.9796454310417175,0.5237311124801636,0.8257564902305603,0.22533045709133148,0.9262235760688782,0.49810782074928284,0.842553973197937,0.10054940730333328,0.9777694940567017,0.5179838538169861,0.8371150493621826,0.23632048070430756,0.9063245058059692,0.49282047152519226,0.8578553199768066,0.10859822481870651,0.8695846199989319,0.5358853936195374,0.8771593570709229,0.15801192820072174,0.9534411430358887,0.5160500407218933,0.8905540108680725,0.0077879722230136395,0.9760981798171997
33.333333333333336,0.5316025018692017,0.3087896406650543,-0.14587920904159546,0.9999843835830688,0.5322919487953186,0.2953454554080963,-0.13016992807388306,0.9999774098396301,0.5337734818458557,0.29503917694091797,-0.13019002974033356,0.999968945980072,0.5350896716117859,0.2947014272212982,-0.13018451631069183,0.9999675154685974,0.5263432264328003,0.29527661204338074,-0.14282946288585663,0.9999755024909973,0.523486852645874,0.294933557510376,-0.14283916354179382,0.9999707341194153,0.520216166973114,0.2946556806564331,-0.14285114407539368,0.9999728202819824,0.5319288969039917,0.2985149025917053,-0.028620567172765732,0.9999130368232727,0.5113993287086487,0.29917117953300476,-0.08654027432203293,0.9999825358390808,0.5332650542259216,0.3205842971801758,-0.1059328019618988,0.9999898076057434,0.5265306234359741,0.32125210762023926,-0.12266798317432404,0.999993085861206,0.547320544719696,0.3690519630908966,0.05625009164214134,0.9999541640281677,0.4902094900608063,0.3737037479877472,-0.05769824609160423,0.9999796748161316,0.5731467604637146,0.4660385847091675,0.0025279324036091566,0.9408013820648193,0.4786366820335388,0.4753774106502533,-0.06904006004333496,0.9947038888931274,0.5540285110473633,0.4387761652469635,-0.1945728212594986,0.9548597931861877,0.5254390835762024,0.45547035336494446,-0.1101335734128952,0.9803985357284546,0.5496008396148682,0.43533051013946533,-0.23412807285785675,0.9111419916152954,0.536249577999115,0.4513298571109772,-0.13226725161075592,0.9472824931144714,0.5461083650588989,0.42115965485572815,-0.23495355248451233,0.9124313592910767,0.5356650948524475,0.4355100095272064,-0.1367267519235611,0.9411382675170898,0.5460938811302185,0.42154985666275024,-0.20043300092220306,0.8833937048912048,0.5325692892074585,0.43595123291015625,-0.11014057695865631,0.9047032594680786,0.5421508550643921,0.5592095255851746,0.04450742527842522,0.9995298981666565,0.5067298412322998,0.5620108246803284,-0.04450208693742752,0.9994301199913025,0.5343369841575623,0.7091675996780396,0.0568045899271965,0.8742105960845947,0.5059331655502319,0.7124614119529724,-0.03354247286915779,0.9801821708679199,0.524995744228363,0.8263053894042969,0.21541722118854523,0.9285602569580078,0.49838176369667053,0.8423747420310974,0.10054746270179749,0.9782888293266296,0.5183099508285522,0.8377636075019836,0.22638116776943207,0.9066726565361023,0.4948299527168274,0.857453465461731,0.10858327895402908,0.8692508339881897,0.5360468029975891,0.8767344951629639,0.14311246573925018,0.9542414546012878,0.5161097645759583,0.8897764682769775,0.0057239956222474575,0.976237416267395
66.66666666666667,0.5314350724220276,0.3086911141872406,-0.14469268918037415,0.9999832510948181,0.5321477055549622,0.2948637306690216,-0.12889167666435242,0.9999759793281555,0.5337080359458923,0.2945377826690674,-0.1289142370223999,0.9999668598175049,0.5350872874259949,0.2941448986530304,-0.12890899181365967,0.9999656081199646,0.5260404944419861,0.29471248388290405,-0.14149923622608185,0.9999738335609436,0.5231459736824036,0.29442518949508667,-0.14150825142860413,0.9999687075614929,0.519812822341919,0.29415202140808105,-0.1415206640958786,0.9999712109565735,0.5320830941200256,0.29774612188339233,-0.027217349037528038,0.9999092221260071,0.5110281109809875,0.2988351881504059,-0.084834024310112,0.9999810457229614,0.5332377552986145,0.3204795718193054,-0.1047210618853569,0.9999889731407166,0.5263366103172302,0.32094088196754456,-0.12136583030223846,0.9999925494194031,0.5471554398536682,0.3679966926574707,0.05712376907467842,0.9999517202377319,0.49023792147636414,0.3717877268791199,-0.05587252229452133,0.9999769926071167,0.5732058882713318,0.464966744184494,0.003426231211051345,0.9405086040496826,0.4783448874950409,0.4740179777145386,-0.06884584575891495,0.994383692741394,0.554029107093811,0.43974506855010986,-0.19353464245796204,0.9549384713172913,0.5244578719139099,0.45295828580856323,-0.11089327931404114,0.9800873398780823,0.5495777130126953,0.43626585602760315,-0.23292893171310425,0.9110947847366333,0.5350450873374939,0.44873127341270447,-0.13297660648822784,0.9469224810600281,0.5460634231567383,0.42167243361473083,-0.23386649787425995,0.9124189615249634,0.5344300866127014,0.43236157298088074,-0.1372721791267395,0.940882682800293,0.546039342880249,0.4219995439052582,-0.1994582563638687,0.8834009766578674,0.531499981880188,0.43329110741615295,-0.1108609214425087,0.9048401117324829,0.5421367287635803,0.5593216419219971,0.04274071753025055,0.9995154738426208,0.5067518949508667,0.56209796667099,-0.04272975027561188,0.9994106292724609,0.5344532132148743,0.708389401435852,0.053660180419683456,0.8797578811645508,0.5057564377784729,0.7121605277061462,-0.03280957043170929,0.9806077480316162,0.5260732769966125,0.8266933560371399,0.2143121212720871,0.9305298924446106,0.4989868104457855,0.8418300151824951,0.10411854833364487,0.9786230325698853,0.5189369916915894,0.8379549384117126,0.22546692192554474,0.9064727425575256,0.4964963495731354,0.8564862012863159,0.11242952197790146,0.8682551980018616,0.53627610206604,0.8761674165725708,0.14191952347755432,0.9548895955085754,0.5161257386207581,0.8886747360229492,0.008113127201795578,0.9762620329856873
100.0,0.53141850233078,0.30857715010643005,-0.13601210713386536,0.9999816417694092,0.532128632068634,0.29449981451034546,-0.12021579593420029,0.9999738931655884,0.5337055921554565,0.29416826367378235,-0.12023842334747314,0.9999638199806213,0.5350989103317261,0.2937626242637634,-0.12023426592350006,0.9999626278877258,0.5260182619094849,0.2942371964454651,-0.13302385807037354,0.9999716281890869,0.5231181979179382,0.2939562201499939,-0.13303248584270477,0.9999660849571228,0.5197938680648804,0.2936464250087738,-0.1330457478761673,0.9999691843986511,0.5322092771530151,0.29715219140052795,-0.019577546045184135,0.9999033212661743,0.5109813213348389,0.298322468996048,-0.07821213454008102,0.9999792575836182,0.5332368016242981,0.3203563690185547,-0.09644713997840881,0.9999879002571106,0.5263095498085022,0.32056674361228943,-0.11337067931890488,0.9999919533729553,0.5471333861351013,0.3673706352710724,0.0627153143286705,0.9999484419822693,0.49028339982032776,0.3705880045890808,-0.05064862221479416,0.9999744892120361,0.5733346343040466,0.46432802081108093,0.009437737055122852,0.9396888613700867,0.4781096279621124,0.47332438826560974,-0.06858132779598236,0.9942101836204529,0.5540323853492737,0.4402414560317993,-0.18462930619716644,0.9547671675682068,0.5238772034645081,0.4506976306438446,-0.11242193728685379,0.9802671670913696,0.5495960712432861,0.4365415871143341,-0.22351108491420746,0.9106608033180237,0.5345917344093323,0.4466499984264374,-0.13346709311008453,0.9476186633110046,0.5460710525512695,0.42181000113487244,-0.22430308163166046,0.91200190782547,0.534116804599762,0.43106067180633545,-0.13796094059944153,0.941734790802002,0.546044647693634,0.422125905752182,-0.19048313796520233,0.8829506635665894,0.5312129259109497,0.43181419372558594,-0.11216842383146286,0.9064446091651917,0.5421186685562134,0.5597316026687622,0.041454847902059555,0.9995025992393494,0.5067678093910217,0.5622919797897339,-0.04143873229622841,0.9993916153907776,0.5344701409339905,0.7082585096359253,0.04852267727255821,0.8851408362388611,0.5054925084114075,0.7121260166168213,-0.03261755779385567,0.9808827638626099,0.526614785194397,0.8270803093910217,0.21240586042404175,0.9320412278175354,0.4992254674434662,0.8415166139602661,0.10741046816110611,0.9787651896476746,0.5193331837654114,0.8380960822105408,0.22397193312644958,0.9056055545806885,0.49714404344558716,0.8557316064834595,0.11614073067903519,0.866300106048584,0.5364013314247131,0.8759121894836426,0.140754833817482,0.9552110433578491,0.5160817503929138,0.8878529071807861,0.011782343499362469,0.9760788083076477
133.33333333333334,0.5314070582389832,0.30845940113067627,-0.13189776241779327,0.9999807476997375,0.5321129560470581,0.2942436933517456,-0.11622682213783264,0.9999727010726929,0.5336983799934387,0.2939077913761139,-0.11625025421380997,0.9999621510505676,0.5350993871688843,0.2934953272342682,-0.11625082045793533,0.9999611973762512,0.5260093212127686,0.2938581705093384,-0.12862053513526917,0.9999702572822571,0.523108184337616,0.29353731870651245,-0.12862610816955566,0.9999644160270691,0.5197932720184326,0.2931402921676636,-0.12863582372665405,0.9999679327011108,0.5322293639183044,0.296697199344635,-0.01625976525247097,0.9999010562896729,0.5109706521034241,0.2975744605064392,-0.07312246412038803,0.9999779462814331,0.5332276225090027,0.3201761841773987,-0.09260236471891403,0.9999873042106628,0.5262663960456848,0.3201667368412018,-0.10902375727891922,0.9999915361404419,0.5471067428588867,0.3663907051086426,0.06410595774650574,0.9999470114707947,0.4903225600719452,0.3697702884674072,-0.04391491040587425,0.9999720454216003,0.5733945965766907,0.4638321101665497,0.011320319958031178,0.9397187829017639,0.4780571162700653,0.47276365756988525,-0.06535902619361877,0.994016170501709,0.5542203783988953,0.4402126967906952,-0.1811743825674057,0.955414891242981,0.5237643718719482,0.45041128993034363,-0.11590304970741272,0.9803785085678101,0.5497893691062927,0.4364524781703949,-0.22015738487243652,0.9116522073745728,0.534532368183136,0.44643375277519226,-0.139891117811203,0.9481838345527649,0.5462252497673035,0.4217672646045685,-0.22117525339126587,0.9129999876022339,0.5341112017631531,0.43132728338241577,-0.14290958642959595,0.942440390586853,0.546187162399292,0.42209362983703613,-0.1870291382074356,0.8841574192047119,0.5311768651008606,0.43195879459381104,-0.11593353003263474,0.9078063368797302,0.542132556438446,0.5596504211425781,0.0394839383661747,0.99949049949646,0.5068463683128357,0.5620604753494263,-0.039459582418203354,0.9993693232536316,0.5344966053962708,0.7079455852508545,0.04021918401122093,0.8907233476638794,0.5053626298904419,0.7119659185409546,-0.032472215592861176,0.9811645746231079,0.5270938873291016,0.827263355255127,0.20244982838630676,0.9337026476860046,0.4993664622306824,0.8410114645957947,0.10842759162187576,0.9789462685585022,0.5197117924690247,0.838137686252594,0.21396389603614807,0.904852569103241,0.4974305331707001,0.8547886610031128,0.11724357306957245,0.8642131686210632,0.5366576313972473,0.875726580619812,0.1302667111158371,0.9556556344032288,0.5160598158836365,0.8870517015457153,0.013296609744429588,0.9759243726730347
166.66666666666669,0.5313804149627686,0.3081788420677185,-0.13209715485572815,0.9999799132347107,0.5320736765861511,0.2938123643398285,-0.11648015677928925,0.9999715685844421,0.533670961856842,0.29347386956214905,-0.11650320887565613,0.9999606013298035,0.535094678401947,0.29304325580596924,-0.11650204658508301,0.9999597668647766,0.5259691476821899,0.29320642352104187,-0.1287463903427124,0.999968945980072,0.5230726003646851,0.2928003668785095,-0.12875130772590637,0.9999628067016602,0.5197651386260986,0.2922193109989166,-0.12876254320144653,0.9999667406082153,0.5322356820106506,0.2959352135658264,-0.01652216725051403,0.999898374080658,0.5109541416168213,0.2963753044605255,-0.07271958142518997,0.9999767541885376,0.5331857800483704,0.3197562098503113,-0.09278722107410431,0.9999866485595703,0.5261906385421753,0.31954747438430786,-0.10902289301156998,0.9999911785125732,0.5470507740974426,0.36502763628959656,0.06464768946170807,0.9999456405639648,0.49045225977897644,0.36898520588874817,-0.04369529336690903,0.9999700784683228,0.573405921459198,0.46289536356925964,0.011308099143207073,0.9394659996032715,0.47800126671791077,0.4717412292957306,-0.06510019302368164,0.993927538394928,0.554397702217102,0.439828485250473,-0.1828533262014389,0.9559056162834167,0.5238000750541687,0.45024025440216064,-0.11726025491952896,0.9806424379348755,0.5499386191368103,0.4350970387458801,-0.22203610837459564,0.9123697876930237,0.5345833897590637,0.44603320956230164,-0.14193575084209442,0.948952853679657,0.546466588973999,0.42047950625419617,-0.2232232689857483,0.9137234091758728,0.5341482162475586,0.4311337172985077,-0.14435133337974548,0.9433351755142212,0.5463998913764954,0.42106348276138306,-0.18883778154850006,0.8849859833717346,0.5312010049819946,0.4317249357700348,-0.11719358712434769,0.9093768000602722,0.5421446561813354,0.5591463446617126,0.039154086261987686,0.9994765520095825,0.5069645643234253,0.5615317225456238,-0.03913113847374916,0.9993468523025513,0.5346277356147766,0.7070760130882263,0.03911353275179863,0.8958583474159241,0.505354642868042,0.7113451957702637,-0.03251845762133598,0.9815301895141602,0.5276457071304321,0.8273191452026367,0.2004331648349762,0.9354291558265686,0.4995162785053253,0.8407192230224609,0.10784231871366501,0.9792496562004089,0.5200965404510498,0.8381962776184082,0.21178008615970612,0.9043877124786377,0.49755021929740906,0.8542526364326477,0.11654878407716751,0.8631399869918823,0.5370317101478577,0.875482439994812,0.12758207321166992,0.9562618136405945,0.5160563588142395,0.8867707848548889,0.012775101698935032,0.9759765267372131
200.00000000000003,0.5313557982444763,0.30775293707847595,-0.1304272711277008,0.9999794960021973,0.532034695148468,0.29324039816856384,-0.11468875408172607,0.9999710321426392,0.533640444278717,0.2928614914417267,-0.1147134080529213,0.9999599456787109,0.5350859761238098,0.29237666726112366,-0.11471304297447205,0.9999592900276184,0.5259230732917786,0.29259416460990906,-0.12660634517669678,0.9999681115150452,0.5230270624160767,0.29217788577079773,-0.12660792469978333,0.9999616742134094,0.5197161436080933,0.29153239727020264,-0.12661419808864594,0.9999658465385437,0.5322396755218506,0.29510268568992615,-0.014354825019836426,0.9998980760574341,0.5109140276908875,0.2955412268638611,-0.06903199106454849,0.9999756217002869,0.533143162727356,0.31921252608299255,-0.09102809429168701,0.9999863505363464,0.5261350870132446,0.3189946413040161,-0.10682357847690582,0.9999908804893494,0.5470283627510071,0.3635905086994171,0.06563843786716461,0.9999464154243469,0.4905036687850952,0.3684299886226654,-0.038373079150915146,0.9999680519104004,0.5734421014785767,0.4620096981525421,0.011228648945689201,0.940658450126648,0.4779082238674164,0.4707913100719452,-0.06198631972074509,0.993738055229187,0.5546520352363586,0.43886324763298035,-0.18399029970169067,0.9575503468513489,0.5237067341804504,0.4500875771045685,-0.12150762230157852,0.9808017611503601,0.5501229763031006,0.43330302834510803,-0.2236173450946808,0.9152141809463501,0.5345678925514221,0.4456769824028015,-0.1469617486000061,0.9495802521705627,0.5467299818992615,0.4192297160625458,-0.22488746047019958,0.9165437817573547,0.534072756767273,0.43084636330604553,-0.149420365691185,0.9440888166427612,0.5466564893722534,0.42001062631607056,-0.1899479180574417,0.888418436050415,0.5311062335968018,0.4315234124660492,-0.12162451446056366,0.9107466340065002,0.5421431660652161,0.558614194393158,0.0386749766767025,0.9994701743125916,0.5070280432701111,0.5608982443809509,-0.038651950657367706,0.9993249177932739,0.5348266363143921,0.7065074443817139,0.03554368391633034,0.9003190398216248,0.5053568482398987,0.7106890082359314,-0.03271244838833809,0.9816530346870422,0.5280135273933411,0.8273800611495972,0.1932533085346222,0.9367921948432922,0.4996839165687561,0.8402162790298462,0.10748843848705292,0.9793058633804321,0.5202910900115967,0.838207483291626,0.20416978001594543,0.9034478664398193,0.4977141320705414,0.8534256815910339,0.11615177243947983,0.8612260222434998,0.5372008681297302,0.8754087686538696,0.11929233372211456,0.9566132426261902,0.5159593820571899,0.8861987590789795,0.012470110319554806,0.9757882952690125
233.33333333333337,0.5313533544540405,0.3073667287826538,-0.13190092146396637,0.9999791383743286,0.5320225954055786,0.2928750216960907,-0.1162891685962677,0.9999704957008362,0.5336209535598755,0.29250088334083557,-0.1163128912448883,0.9999592900276184,0.5350709557533264,0.2920135259628296,-0.11631111800670624,0.9999587535858154,0.5259246230125427,0.2921677529811859,-0.12853124737739563,0.9999673366546631,0.5230293869972229,0.2917211949825287,-0.12853354215621948,0.999960720539093,0.5197213292121887,0.29103150963783264,-0.1285419464111328,0.9999650716781616,0.5322020053863525,0.29462528228759766,-0.015885360538959503,0.9998976588249207,0.5109158754348755,0.2948223948478699,-0.07208962738513947,0.9999747276306152,0.5330935716629028,0.31874987483024597,-0.09237034618854523,0.9999859929084778,0.5261127948760986,0.31845948100090027,-0.10859572887420654,0.9999906420707703,0.5469771027565002,0.3625025153160095,0.06502441316843033,0.9999467134475708,0.4905880093574524,0.36771637201309204,-0.04165149852633476,0.9999663829803467,0.5733707547187805,0.4611022174358368,0.010226856917142868,0.9414636492729187,0.4777996242046356,0.47010403871536255,-0.06505374610424042,0.9936299324035645,0.5547155141830444,0.43762829899787903,-0.18574896454811096,0.9588106274604797,0.5236652493476868,0.4487828314304352,-0.1248219907283783,0.981019139289856,0.5501628518104553,0.43130365014076233,-0.22532841563224792,0.917307436466217,0.5345744490623474,0.44379547238349915,-0.14991669356822968,0.9502277970314026,0.5468130111694336,0.4175569415092468,-0.2264682948589325,0.9186084866523743,0.5339111089706421,0.42869848012924194,-0.152163565158844,0.9448273181915283,0.5467287302017212,0.4185744822025299,-0.19168294966220856,0.890893816947937,0.5309461355209351,0.42981797456741333,-0.12472668290138245,0.9120108485221863,0.5421412587165833,0.5581342577934265,0.03862620145082474,0.9994609951972961,0.5070830583572388,0.5603584051132202,-0.038602665066719055,0.9993042349815369,0.5349141955375671,0.7056643962860107,0.03781025856733322,0.9046142101287842,0.5053468346595764,0.7101088762283325,-0.03270997479557991,0.9818776845932007,0.5284090638160706,0.8274257183074951,0.1961401402950287,0.9382011890411377,0.4998911917209625,0.8401861786842346,0.1073237955570221,0.9794695973396301,0.5205914974212646,0.8382121920585632,0.2071274071931839,0.9030720591545105,0.49793943762779236,0.8532021045684814,0.11594345420598984,0.8602657914161682,0.537359893321991,0.8753794431686401,0.12232686579227448,0.9571303725242615,0.5159474015235901,0.8860222697257996,0.012306288816034794,0.9757508039474487
266.6666666666667,0.5313541293144226,0.30689436197280884,-0.13327206671237946,0.9999785423278809,0.5320155620574951,0.29238539934158325,-0.11786285787820816,0.9999696016311646,0.5336061120033264,0.29199403524398804,-0.117885522544384,0.9999580979347229,0.5350571870803833,0.29148003458976746,-0.11788178235292435,0.9999576210975647,0.525926411151886,0.291621595621109,-0.13013607263565063,0.9999662041664124,0.5230318903923035,0.2911338806152344,-0.13013941049575806,0.9999592900276184,0.5197249054908752,0.290393203496933,-0.13014976680278778,0.9999639987945557,0.5321437120437622,0.2938584089279175,-0.017794961109757423,0.9998955130577087,0.5109166502952576,0.29385194182395935,-0.074025459587574,0.9999735355377197,0.5330640077590942,0.31822407245635986,-0.09377269446849823,0.99998539686203,0.5261064171791077,0.31779810786247253,-0.11000772565603256,0.9999902248382568,0.5467687845230103,0.3609618544578552,0.06339879333972931,0.9999459385871887,0.4906512498855591,0.3666711747646332,-0.042845770716667175,0.9999646544456482,0.5730201601982117,0.46016404032707214,0.00872033555060625,0.9414060115814209,0.4778563678264618,0.4691969156265259,-0.06168288737535477,0.9935882091522217,0.5547133088111877,0.435450941324234,-0.18713437020778656,0.9594652652740479,0.5237708687782288,0.4467349350452423,-0.11381839960813522,0.9812646508216858,0.5501642227172852,0.42900627851486206,-0.2266203761100769,0.9183310866355896,0.5346534848213196,0.44203585386276245,-0.1371421217918396,0.9508233666419983,0.5468466877937317,0.4151940941810608,-0.22771018743515015,0.9196241497993469,0.5339252948760986,0.4262753427028656,-0.13968192040920258,0.945516049861908,0.5467615723609924,0.41618892550468445,-0.19308964908123016,0.8920977711677551,0.5309569835662842,0.42747193574905396,-0.11348526179790497,0.9132624864578247,0.5421496033668518,0.557096004486084,0.03765088692307472,0.9994472861289978,0.5071583986282349,0.5595244765281677,-0.037619587033987045,0.9992806315422058,0.5349715948104858,0.704955518245697,0.036918047815561295,0.9088103175163269,0.5053460597991943,0.7093958258628845,-0.03117922507226467,0.9821120500564575,0.5285225510597229,0.8274266123771667,0.19471463561058044,0.9397006034851074,0.5000278949737549,0.8399525880813599,0.10958679020404816,0.9796675443649292,0.5206896066665649,0.8382129073143005,0.20565012097358704,0.9030693769454956,0.49801743030548096,0.8530046939849854,0.11827374249696732,0.8597695231437683,0.5373876690864563,0.875064492225647,0.12057731300592422,0.9577971696853638,0.5159629583358765,0.8857832551002502,0.014134914614260197,0.9758033156394958
300.0,0.5313488245010376,0.30619627237319946,-0.13455472886562347,0.9999780058860779,0.5320099592208862,0.29171234369277954,-0.11918982118368149,0.9999688267707825,0.5335984826087952,0.2913050949573517,-0.11921226978302002,0.9999570846557617,0.5350528359413147,0.29077285528182983,-0.11920953541994095,0.9999566674232483,0.5259279012680054,0.2908763885498047,-0.13134725391864777,0.9999651908874512,0.5230346918106079,0.29033949971199036,-0.13135094940662384,0.9999580383300781,0.5197345614433289,0.2895240783691406,-0.13136251270771027,0.9999629855155945,0.5321377515792847,0.2930038571357727,-0.01888273097574711,0.9998937845230103,0.5109411478042603,0.29263320565223694,-0.07448093593120575,0.9999724626541138,0.5330263376235962,0.3174292743206024,-0.09492471069097519,0.9999849200248718,0.5260880589485168,0.3169184923171997,-0.11102137714624405,0.999989926815033,0.5467008352279663,0.36009055376052856,0.06256573647260666,0.9999455809593201,0.4907015562057495,0.365425169467926,-0.04207472503185272,0.9999630451202393,0.5729243755340576,0.45975467562675476,0.007935326546430588,0.9420159459114075,0.4778018295764923,0.468314528465271,-0.06183682009577751,0.9934625625610352,0.554713785648346,0.4344784915447235,-0.18783728778362274,0.9602723717689514,0.5240468382835388,0.4457234740257263,-0.11469808965921402,0.9812273979187012,0.5501649975776672,0.4278145134449005,-0.2273716777563095,0.9195584654808044,0.5349572896957397,0.4416644871234894,-0.13757258653640747,0.9507822394371033,0.5468736290931702,0.41416794061660767,-0.22845429182052612,0.9208475351333618,0.5341008901596069,0.4256996810436249,-0.14048686623573303,0.9455082416534424,0.5467828512191772,0.41522103548049927,-0.19377364218235016,0.8935064077377319,0.5311149954795837,0.42668455839157104,-0.11435746401548386,0.9134239554405212,0.5421503186225891,0.5564335584640503,0.03709239140152931,0.9994373917579651,0.5071976184844971,0.5587484836578369,-0.03705775365233421,0.9992632865905762,0.5350365042686462,0.7042880058288574,0.03635634109377861,0.9129402041435242,0.505327582359314,0.709003210067749,-0.03100126050412655,0.982403576374054,0.5287089943885803,0.8272532224655151,0.19622139632701874,0.9413414001464844,0.5000740885734558,0.839417040348053,0.11067145317792892,0.9799685478210449,0.5207358002662659,0.8380849361419678,0.2073456346988678,0.9034431576728821,0.49803224205970764,0.8527088761329651,0.11943990737199783,0.8596386313438416,0.5374582409858704,0.87481290102005,0.12163174152374268,0.9585446119308472,0.51600581407547,0.885725736618042,0.014467284083366394,0.975960910320282
333.3333333333333,0.531348705291748,0.3054448366165161,-0.13273833692073822,0.9999778270721436,0.5320101380348206,0.29089415073394775,-0.11731917411088943,0.9999685883522034,0.5335979461669922,0.2904527187347412,-0.11734163016080856,0.9999567270278931,0.5350551605224609,0.2898939549922943,-0.11733873188495636,0.9999564290046692,0.5259371995925903,0.29000282287597656,-0.1294393390417099,0.9999647736549377,0.5230425000190735,0.28939563035964966,-0.12944205105304718,0.9999574422836304,0.519748330116272,0.28848394751548767,-0.12945063412189484,0.999962568283081,0.5321363210678101,0.29192203283309937,-0.0167966578155756,0.9998933672904968,0.5109813809394836,0.29125550389289856,-0.07230141013860703,0.9999719858169556,0.5329903960227966,0.31665048003196716,-0.09301526844501495,0.9999846816062927,0.5260618925094604,0.3160957098007202,-0.10905151069164276,0.9999898076057434,0.5465940237045288,0.35943669080734253,0.06386242806911469,0.999945878982544,0.49070391058921814,0.36450353264808655,-0.039205171167850494,0.9999622106552124,0.5727776885032654,0.4592083990573883,0.008529272861778736,0.9425075650215149,0.4777948558330536,0.4678097367286682,-0.05288352072238922,0.9934380054473877,0.554685652256012,0.4334086775779724,-0.18793314695358276,0.961104691028595,0.5242089033126831,0.4454915225505829,-0.09966485947370529,0.9814057350158691,0.5501501560211182,0.4265875816345215,-0.22783836722373962,0.9209246039390564,0.5351867079734802,0.4414532482624054,-0.1222950741648674,0.9511886239051819,0.5468854308128357,0.41308531165122986,-0.22891119122505188,0.9222161173820496,0.5342807769775391,0.4256110191345215,-0.1255161464214325,0.9459999799728394,0.5467894077301025,0.41428112983703613,-0.19393722712993622,0.895174503326416,0.5312618017196655,0.4264742136001587,-0.09932883083820343,0.9143677949905396,0.5421558022499084,0.5556122064590454,0.03670649230480194,0.9994309544563293,0.5072566270828247,0.5580500960350037,-0.03666629642248154,0.9992475509643555,0.5350576043128967,0.7037366628646851,0.03477662801742554,0.9164310693740845,0.5053311586380005,0.7087245583534241,-0.030271977186203003,0.9825006127357483,0.5287996530532837,0.8272506594657898,0.19400188326835632,0.942577064037323,0.5002062320709229,0.8388792276382446,0.11305292695760727,0.980011522769928,0.5208531022071838,0.8380845785140991,0.20506884157657623,0.9033290147781372,0.49816808104515076,0.8523736596107483,0.12196755409240723,0.8587549924850464,0.537458062171936,0.8747509121894836,0.11874499917030334,0.9590857625007629,0.516009509563446,0.8854040503501892,0.01689813658595085,0.9759021401405334
366.66666666666663,0.5313491821289062,0.30457714200019836,-0.13329102098941803,0.9999774694442749,0.5320104956626892,0.290048748254776,-0.11798333376646042,0.9999679923057556,0.5335971713066101,0.28957781195640564,-0.11800653487443924,0.9999558925628662,0.5350555181503296,0.28899911046028137,-0.11800261586904526,0.9999555945396423,0.5259503722190857,0.2891380190849304,-0.13025778532028198,0.9999641180038452,0.523055911064148,0.2884771227836609,-0.1302618682384491,0.9999566674232483,0.5197732448577881,0.28749150037765503,-0.1302715688943863,0.9999620318412781,0.5321272611618042,0.290838360786438,-0.017762161791324615,0.9998914003372192,0.5110423564910889,0.2900370955467224,-0.0739462673664093,0.9999714493751526,0.5329535007476807,0.31570887565612793,-0.09364307671785355,0.9999843239784241,0.5260458588600159,0.31515297293663025,-0.10985825955867767,0.9999896287918091,0.5463516116142273,0.35861605405807495,0.06393042206764221,0.9999457001686096,0.49069860577583313,0.3637378215789795,-0.042091526091098785,0.9999620914459229,0.572574257850647,0.45838889479637146,0.010352898389101028,0.9422571659088135,0.4777824282646179,0.4675506055355072,-0.05526082590222359,0.9935410618782043,0.5546113848686218,0.43331795930862427,-0.18686717748641968,0.9616231322288513,0.5242114067077637,0.4452975392341614,-0.1020277738571167,0.9819669723510742,0.5501538515090942,0.42669713497161865,-0.22718201577663422,0.9218758344650269,0.5351955890655518,0.44157683849334717,-0.12485550343990326,0.9525669813156128,0.546905517578125,0.4132794737815857,-0.22863267362117767,0.9231839776039124,0.5342947840690613,0.42572882771492004,-0.12821702659130096,0.9475443959236145,0.5467901229858398,0.4143669903278351,-0.193119615316391,0.8963810801506042,0.5312686562538147,0.4264010787010193,-0.10170086473226547,0.9167888760566711,0.5421599745750427,0.5549742579460144,0.037082020193338394,0.999418318271637,0.507344126701355,0.5576158165931702,-0.037046872079372406,0.999230682849884,0.5350974202156067,0.703141987323761,0.03656402975320816,0.9186233282089233,0.5053344368934631,0.7086275219917297,-0.030321473255753517,0.9825071692466736,0.5288915634155273,0.827275276184082,0.19568587839603424,0.9429036974906921,0.5003447532653809,0.8388710618019104,0.1122165396809578,0.9798528552055359,0.520939826965332,0.8381001353263855,0.20675578713417053,0.9029231071472168,0.49819841980934143,0.8523952960968018,0.121033675968647,0.8576436042785645,0.5374990701675415,0.8746776580810547,0.12159572541713715,0.9591191411018372,0.5160971283912659,0.8854182958602905,0.01628703437745571,0.9756290912628174
399.99999999999994,0.5313701629638672,0.3033026158809662,-0.13290628790855408,0.9999765753746033,0.5320159792900085,0.28876200318336487,-0.11751262098550797,0.9999666213989258,0.533604621887207,0.28823259472846985,-0.11753752082586288,0.9999538064002991,0.5350663661956787,0.28762954473495483,-0.11753074824810028,0.9999533295631409,0.5259619951248169,0.28802362084388733,-0.13003072142601013,0.9999629259109497,0.5230625867843628,0.2874230146408081,-0.13003605604171753,0.9999552965164185,0.5197778940200806,0.2864724099636078,-0.13004779815673828,0.9999610781669617,0.5321291089057922,0.2895757555961609,-0.01716627925634384,0.9998846054077148,0.5110827088356018,0.2890474200248718,-0.07434967905282974,0.9999710917472839,0.5329554080963135,0.31449759006500244,-0.09321577847003937,0.9999834299087524,0.5260559320449829,0.3141174912452698,-0.10970035940408707,0.9999893307685852,0.5461841821670532,0.3574953079223633,0.06706832349300385,0.9999433755874634,0.4907000660896301,0.3626624643802643,-0.04392600804567337,0.9999628663063049,0.5721016526222229,0.4577317535877228,0.01629357598721981,0.9393404126167297,0.4776816964149475,0.46664562821388245,-0.056400999426841736,0.9938021898269653,0.5544800162315369,0.4333333671092987,-0.1818433254957199,0.9607681632041931,0.5240971446037292,0.44378575682640076,-0.09522537142038345,0.9828238487243652,0.5501718521118164,0.4269328713417053,-0.22214961051940918,0.9207361340522766,0.535203218460083,0.4411940276622772,-0.11714936792850494,0.9546056389808655,0.5469151139259338,0.4134694039821625,-0.2244754284620285,0.9220940470695496,0.5343152284622192,0.42538636922836304,-0.12052304297685623,0.9498029947280884,0.5467710494995117,0.4145270586013794,-0.18861743807792664,0.8951638340950012,0.5312709212303162,0.4256829619407654,-0.09450168162584305,0.9202862977981567,0.5421804785728455,0.5537247657775879,0.03934989124536514,0.9993991255760193,0.5075972080230713,0.5570104718208313,-0.03931523486971855,0.9992150068283081,0.5352784395217896,0.7028932571411133,0.04168890789151192,0.9188708066940308,0.5054633021354675,0.7085084915161133,-0.030444301664829254,0.982517421245575,0.5289703011512756,0.8277743458747864,0.19572964310646057,0.9425833225250244,0.5008541941642761,0.8389647603034973,0.10736828297376633,0.9796383380889893,0.5209745168685913,0.8392909169197083,0.2061781883239746,0.9033385515213013,0.49861574172973633,0.8529505133628845,0.11567709594964981,0.8569905757904053,0.5378825664520264,0.8746743202209473,0.12279728055000305,0.9588800072669983,0.5164738893508911,0.885648787021637,0.012785617262125015,0.9753101468086243
433.33333333333326,0.5313732624053955,0.3019247353076935,-0.13310572504997253,0.9999752044677734,0.5320156216621399,0.28737562894821167,-0.11758807301521301,0.9999646544456482,0.5336049199104309,0.2868293821811676,-0.11761318147182465,0.9999509453773499,0.5350697040557861,0.2862350046634674,-0.11760519444942474,0.9999502897262573,0.5259630084037781,0.2867443859577179,-0.13001790642738342,0.9999610781669617,0.5230650901794434,0.2861885726451874,-0.13002300262451172,0.9999531507492065,0.519782304763794,0.28528115153312683,-0.1300341635942459,0.9999594688415527,0.5321292281150818,0.288605660200119,-0.017124850302934647,0.9998753666877747,0.5111389756202698,0.28815579414367676,-0.07384223490953445,0.9999703168869019,0.5329551100730896,0.3131657540798187,-0.0934675857424736,0.9999820590019226,0.5260590314865112,0.3129204213619232,-0.10981865972280502,0.999988853931427,0.5460404753684998,0.3567524552345276,0.06784193217754364,0.9999396800994873,0.4908732771873474,0.36177223920822144,-0.045042455196380615,0.9999632239341736,0.571523904800415,0.45736971497535706,0.018061958253383636,0.9353981018066406,0.477565735578537,0.4656672775745392,-0.05648719519376755,0.994022786617279,0.5544042587280273,0.4333842992782593,-0.17921407520771027,0.9591268301010132,0.5240965485572815,0.443197101354599,-0.09212307631969452,0.9834756851196289,0.5502774119377136,0.42714640498161316,-0.21926549077033997,0.9183816909790039,0.5352112054824829,0.44114598631858826,-0.11355665326118469,0.956121027469635,0.5469236969947815,0.4138088524341583,-0.22197116911411285,0.9198165535926819,0.5345236659049988,0.42549383640289307,-0.11692725867033005,0.9514887928962708,0.5467471480369568,0.4147525429725647,-0.1861400455236435,0.8925317525863647,0.531412661075592,0.42571958899497986,-0.09131497889757156,0.9229789972305298,0.5421782732009888,0.5526927709579468,0.041195325553417206,0.9993714690208435,0.5078758597373962,0.556312620639801,-0.041163839399814606,0.999193012714386,0.5354136228561401,0.7024698257446289,0.0450795479118824,0.9179853796958923,0.5057418346405029,0.7080568075180054,-0.030744899064302444,0.98248291015625,0.5290470123291016,0.8280566930770874,0.1924881488084793,0.9419510364532471,0.5011484622955322,0.83903568983078,0.10201644897460938,0.9793442487716675,0.5209800601005554,0.839756429195404,0.20200315117835999,0.9033569097518921,0.49871012568473816,0.8530251979827881,0.10989987105131149,0.8557817339897156,0.5380727052688599,0.8746622800827026,0.1204393059015274,0.9583669304847717,0.5166825652122498,0.8856810331344604,0.008345406502485275,0.9748648405075073
466.6666666666666,0.5314569473266602,0.30138835310935974,-0.13630391657352448,0.9999740123748779,0.5320673584938049,0.28676074743270874,-0.12068705260753632,0.9999623894691467,0.5336834788322449,0.2862217426300049,-0.12071101367473602,0.9999476671218872,0.5351598262786865,0.28565865755081177,-0.12069915235042572,0.9999468922615051,0.5259940028190613,0.2862394154071808,-0.1325262486934662,0.9999589323997498,0.5230912566184998,0.2857663333415985,-0.13252760469913483,0.9999507069587708,0.5198195576667786,0.28497007489204407,-0.13253825902938843,0.9999574422836304,0.532221794128418,0.288217157125473,-0.020462028682231903,0.9998658299446106,0.5112051367759705,0.2881160378456116,-0.07485201209783554,0.9999683499336243,0.5330734848976135,0.3127329349517822,-0.0969458520412445,0.9999806880950928,0.5261358618736267,0.312545508146286,-0.11264591664075851,0.9999881982803345,0.5459905862808228,0.35684433579444885,0.06171536073088646,0.9999366998672485,0.49090901017189026,0.36151689291000366,-0.045156098902225494,0.999962568283081,0.5713695883750916,0.4574567377567291,0.017513703554868698,0.9337226152420044,0.47734329104423523,0.4650931656360626,-0.06743964552879333,0.9941564798355103,0.5544893741607666,0.43402430415153503,-0.1801152229309082,0.9589983820915222,0.5238469839096069,0.443247526884079,-0.12818051874637604,0.9840757250785828,0.5505339503288269,0.42806512117385864,-0.21929629147052765,0.9182854890823364,0.5349905490875244,0.4412223696708679,-0.152101069688797,0.9576399326324463,0.5470724105834961,0.41483840346336365,-0.22177337110042572,0.9197405576705933,0.5345234274864197,0.42567721009254456,-0.1548735797405243,0.9531728029251099,0.5468153357505798,0.41564318537712097,-0.18667541444301605,0.8922794461250305,0.5314046740531921,0.4257582426071167,-0.12786200642585754,0.9255518317222595,0.5421749353408813,0.5521684885025024,0.0404229536652565,0.9993429183959961,0.507933497428894,0.5561115741729736,-0.04040493816137314,0.9991577863693237,0.5357117056846619,0.7018373012542725,0.04474852234125137,0.9180354475975037,0.5057474970817566,0.7077164649963379,-0.02917461469769478,0.9822556376457214,0.5291575193405151,0.8281185030937195,0.18719373643398285,0.9412726163864136,0.5015584230422974,0.8390496969223022,0.10251973569393158,0.9787701368331909,0.5210496783256531,0.8398504257202148,0.19645388424396515,0.9019963145256042,0.4993346035480499,0.853037416934967,0.11066591739654541,0.8529127240180969,0.5383139848709106,0.8746505379676819,0.1137886568903923,0.9578302502632141,0.5167858600616455,0.8856980204582214,0.008620750159025192,0.9741937518119812
499.9999999999999,0.5315637588500977,0.3012537360191345,-0.13820485770702362,0.9999724626541138,0.5321241617202759,0.2865616977214813,-0.12267280369997025,0.9999595880508423,0.5337753891944885,0.28605252504348755,-0.12269450724124908,0.9999436736106873,0.5352762937545776,0.2855224013328552,-0.1226784735918045,0.9999426603317261,0.5260174870491028,0.2861109673976898,-0.13485878705978394,0.999956488609314,0.5231066942214966,0.28568944334983826,-0.13486316800117493,0.9999479651451111,0.5198348760604858,0.2849749028682709,-0.13487938046455383,0.9999552965164185,0.5324323177337646,0.288241982460022,-0.02321469783782959,0.999853789806366,0.5112548470497131,0.28828009963035583,-0.07938528060913086,0.9999665021896362,0.5333282351493835,0.31268423795700073,-0.0991218090057373,0.9999789595603943,0.5262871384620667,0.3125298321247101,-0.11527623981237411,0.9999874234199524,0.5459913015365601,0.3570212721824646,0.05832313373684883,0.9999316334724426,0.49086275696754456,0.36170947551727295,-0.04971657320857048,0.9999621510505676,0.5711609721183777,0.45748987793922424,0.014175060205161572,0.9308699369430542,0.4772762060165405,0.4652113616466522,-0.06793200224637985,0.994324803352356,0.5544898509979248,0.4351421892642975,-0.180989608168602,0.9579183459281921,0.523743212223053,0.44319406151771545,-0.1220109835267067,0.9846767783164978,0.5507650971412659,0.4291268587112427,-0.21950426697731018,0.9166238903999329,0.53496253490448,0.44128239154815674,-0.14620263874530792,0.9590834379196167,0.5471973419189453,0.41594398021698,-0.22198472917079926,0.9181270003318787,0.5345688462257385,0.4257206916809082,-0.1488768458366394,0.9547666907310486,0.5468358397483826,0.416616827249527,-0.1876077950000763,0.8902596235275269,0.5314128398895264,0.42586544156074524,-0.12169293314218521,0.9280128479003906,0.5421720743179321,0.5522410869598389,0.03998975083231926,0.9993035793304443,0.5079400539398193,0.5561301708221436,-0.039975959807634354,0.9991196393966675,0.5357771515846252,0.7017963528633118,0.04539068415760994,0.9178818464279175,0.5056874752044678,0.7077720761299133,-0.026812566444277763,0.9819703698158264,0.5291522741317749,0.8281193971633911,0.1888427734375,0.9403863549232483,0.5015581250190735,0.8392056226730347,0.10523445904254913,0.9780744314193726,0.5210172533988953,0.8399275541305542,0.198296919465065,0.9004924297332764,0.4993053078651428,0.8532633185386658,0.11320626735687256,0.8499270081520081,0.5383594036102295,0.8746287226676941,0.11553333699703217,0.9572089910507202,0.516806423664093,0.8858972191810608,0.01164205651730299,0.9734223484992981
533.3333333333333,0.5315645337104797,0.3011215627193451,-0.13324640691280365,0.9999709725379944,0.5321248173713684,0.2864495813846588,-0.1175079345703125,0.9999570846557617,0.5337862372398376,0.28597378730773926,-0.1175307184457779,0.9999400973320007,0.5353112816810608,0.2854732573032379,-0.11751765757799149,0.99993896484375,0.5260107517242432,0.2860043942928314,-0.12971489131450653,0.9999542236328125,0.5230997204780579,0.28560471534729004,-0.1297198235988617,0.9999452829360962,0.5198320746421814,0.28493252396583557,-0.12973281741142273,0.9999532103538513,0.5325801968574524,0.28832530975341797,-0.018378982320427895,0.9998440146446228,0.5112598538398743,0.2883937656879425,-0.07460732758045197,0.9999644756317139,0.5333769917488098,0.31261780858039856,-0.09445711225271225,0.9999774098396301,0.5262957811355591,0.3124532997608185,-0.11062871664762497,0.9999866485595703,0.5459896326065063,0.3571748733520508,0.06076325476169586,0.9999269843101501,0.4908430278301239,0.36157870292663574,-0.04549194872379303,0.9999610185623169,0.570843517780304,0.45755138993263245,0.014644075185060501,0.9292604327201843,0.47707539796829224,0.4650910496711731,-0.06485655903816223,0.9943815469741821,0.5544875264167786,0.43529805541038513,-0.17879053950309753,0.9575294256210327,0.5227185487747192,0.4421306252479553,-0.11910872161388397,0.9851492643356323,0.5507993698120117,0.42972591519355774,-0.21756158769130707,0.9160298109054565,0.5341558456420898,0.4403649568557739,-0.14253897964954376,0.9603124856948853,0.5472018122673035,0.41645315289497375,-0.21979375183582306,0.9175500869750977,0.5340689420700073,0.4251432418823242,-0.1455668807029724,0.9561287760734558,0.5468326210975647,0.4169124364852905,-0.18524104356765747,0.8896105289459229,0.5308612585067749,0.42523401975631714,-0.11873847991228104,0.9301469922065735,0.5421521067619324,0.5522006750106812,0.03967808187007904,0.9992678761482239,0.5079362988471985,0.5560591816902161,-0.03966270387172699,0.9990820288658142,0.535801887512207,0.7016462087631226,0.04444936290383339,0.917216956615448,0.505684494972229,0.7077684998512268,-0.027051856741309166,0.9814696311950684,0.5290859341621399,0.8280291557312012,0.18674851953983307,0.9387754797935486,0.5015794634819031,0.8392131924629211,0.10433987528085709,0.977181613445282,0.5209225416183472,0.8399165868759155,0.19616994261741638,0.8979856967926025,0.4993359446525574,0.8533316850662231,0.1122264489531517,0.8459493517875671,0.5383802652359009,0.8742983341217041,0.11372067779302597,0.9559398889541626,0.5168049335479736,0.8859047293663025,0.010372468270361423,0.9723199009895325
566.6666666666666,0.5315638780593872,0.3011762499809265,-0.13120560348033905,0.999970018863678,0.5321226716041565,0.28652289509773254,-0.11552517116069794,0.9999557733535767,0.5337859392166138,0.2860506772994995,-0.11554717272520065,0.9999380707740784,0.5353134274482727,0.28555163741111755,-0.11553309857845306,0.9999367594718933,0.5259941816329956,0.2860730290412903,-0.12810786068439484,0.9999529123306274,0.5230799317359924,0.2856689691543579,-0.12811337411403656,0.9999437928199768,0.5198146104812622,0.2850016951560974,-0.12812529504299164,0.9999521970748901,0.532586932182312,0.288403183221817,-0.015977205708622932,0.9998375773429871,0.5112417936325073,0.2884439527988434,-0.07357080280780792,0.9999639391899109,0.5333777666091919,0.3126746416091919,-0.09211616963148117,0.9999763369560242,0.5262897610664368,0.3125110864639282,-0.10869484394788742,0.9999862313270569,0.5458936095237732,0.35733041167259216,0.06554415822029114,0.9999240636825562,0.49080002307891846,0.3615865707397461,-0.04559812694787979,0.9999610185623169,0.5703359842300415,0.4576530456542969,0.015475351363420486,0.9263112545013428,0.47705328464508057,0.465144544839859,-0.05612641200423241,0.9945142269134521,0.5542166233062744,0.4353907108306885,-0.17993953824043274,0.9562751650810242,0.5226055383682251,0.4418579339981079,-0.08664843440055847,0.9856271147727966,0.550771176815033,0.42973724007606506,-0.21891269087791443,0.9141077995300293,0.5340597629547119,0.43988990783691406,-0.10661090165376663,0.9614090919494629,0.5471980571746826,0.4163908064365387,-0.22096630930900574,0.9156317710876465,0.5340107679367065,0.42496174573898315,-0.11000684648752213,0.9573528170585632,0.5467767119407654,0.4169088900089264,-0.1863594651222229,0.8875247240066528,0.5307762622833252,0.42504093050956726,-0.08569107949733734,0.9321427345275879,0.5419245362281799,0.5522392988204956,0.03995451703667641,0.999253511428833,0.5078452825546265,0.5560688376426697,-0.03993766009807587,0.9990683794021606,0.5357190370559692,0.7016367316246033,0.04472380876541138,0.9172341227531433,0.5056840181350708,0.7077652812004089,-0.027176322415471077,0.981334388256073,0.5290805101394653,0.8279673457145691,0.1883682757616043,0.9383880496025085,0.5015737414360046,0.8392593860626221,0.10449587553739548,0.9768221378326416,0.5209288597106934,0.8398831486701965,0.19806458055973053,0.8971766829490662,0.4993148148059845,0.8534563183784485,0.11245188862085342,0.8440353870391846,0.5384788513183594,0.8741357922554016,0.11530690640211105,0.9555525183677673,0.5168102383613586,0.8861251473426819,0.010390137322247028,0.9719042778015137
600.0,0.5315538048744202,0.30113038420677185,-0.13588429987430573,0.9999685287475586,0.5321037769317627,0.2864550054073334,-0.12015940994024277,0.9999536275863647,0.5337714552879333,0.28600138425827026,-0.12018092721700668,0.9999349117279053,0.5353087782859802,0.2855149507522583,-0.1201624646782875,0.9999330639839172,0.5259485244750977,0.28602680563926697,-0.13319292664527893,0.9999509453773499,0.5230301022529602,0.2856311798095703,-0.13320283591747284,0.9999416470527649,0.5197689533233643,0.285000741481781,-0.13321878015995026,0.9999505281448364,0.5325606465339661,0.2884193956851959,-0.020417530089616776,0.9998265504837036,0.5112193822860718,0.28852400183677673,-0.07985880970954895,0.9999629259109497,0.5333731770515442,0.3125891089439392,-0.09672486037015915,0.9999748468399048,0.5262497663497925,0.312477707862854,-0.11382407695055008,0.9999856352806091,0.5457574129104614,0.3575271666049957,0.0636567622423172,0.9999188184738159,0.4906868040561676,0.36161261796951294,-0.05322792008519173,0.9999607801437378,0.5699581503868103,0.45806387066841125,0.011978176422417164,0.9226117730140686,0.477000892162323,0.4657650887966156,-0.05850886180996895,0.9946392774581909,0.5533989071846008,0.43578097224235535,-0.18835799396038055,0.9545482993125916,0.5224195718765259,0.44146084785461426,-0.09044419229030609,0.9860554337501526,0.5504478216171265,0.4299127161502838,-0.2271527647972107,0.9113868474960327,0.5338031053543091,0.43919187784194946,-0.11018356680870056,0.962344229221344,0.546862781047821,0.41645076870918274,-0.2283720225095749,0.9128981828689575,0.5338112115859985,0.4246121644973755,-0.11282920837402344,0.9583683013916016,0.5462401509284973,0.4170188009738922,-0.1946641504764557,0.8843817710876465,0.530519425868988,0.42468780279159546,-0.08910384774208069,0.9337546825408936,0.5416144728660583,0.5524637699127197,0.04098152369260788,0.9992362260818481,0.5076892375946045,0.5566630363464355,-0.04097820073366165,0.9990544319152832,0.5356353521347046,0.7020922303199768,0.05020122602581978,0.9162774085998535,0.5056249499320984,0.7082949876785278,-0.02735297754406929,0.9811908006668091,0.5289393067359924,0.827971875667572,0.20197339355945587,0.9374842643737793,0.5014055371284485,0.839423418045044,0.10896101593971252,0.9763883948326111,0.5208480954170227,0.8399086594581604,0.21237021684646606,0.896117627620697,0.499188095331192,0.8535783290863037,0.11759661883115768,0.8419701457023621,0.5384807586669922,0.8741342425346375,0.1315169483423233,0.9548866748809814,0.51680588722229,0.886249840259552,0.01586615853011608,0.9714422225952148
633.3333333333334,0.5315068960189819,0.30116382241249084,-0.15329228341579437,0.9999677538871765,0.532080888748169,0.28648000955581665,-0.13766051828861237,0.9999523162841797,0.5337649583816528,0.28603890538215637,-0.1376831978559494,0.9999330639839172,0.5353105664253235,0.28555670380592346,-0.13766613602638245,0.9999306201934814,0.5258527994155884,0.28604263067245483,-0.15059565007686615,0.9999499320983887,0.5228978395462036,0.2856379747390747,-0.15061141550540924,0.9999407529830933,0.5196036100387573,0.2850264310836792,-0.15063521265983582,0.9999496340751648,0.5326007008552551,0.2884559631347656,-0.036041609942913055,0.9998182058334351,0.5110822319984436,0.2885550558567047,-0.09516207873821259,0.9999623894691467,0.5333696007728577,0.31261077523231506,-0.11323101818561554,0.9999738335609436,0.5261462330818176,0.31250736117362976,-0.13025948405265808,0.9999851584434509,0.5457525849342346,0.35771581530570984,0.054313771426677704,0.9999146461486816,0.4903346002101898,0.36207255721092224,-0.06755717098712921,0.9999609589576721,0.5698155760765076,0.4588165283203125,0.0053530591540038586,0.9208241701126099,0.47700002789497375,0.46746018528938293,-0.0767933651804924,0.9947273135185242,0.552608072757721,0.4372254014015198,-0.1963699907064438,0.953855037689209,0.5224188566207886,0.4410865604877472,-0.10927438735961914,0.9863881468772888,0.5500056147575378,0.4314277172088623,-0.2347211241722107,0.9102076292037964,0.5336930751800537,0.4383591115474701,-0.12898091971874237,0.9630644917488098,0.546617865562439,0.41746285557746887,-0.23620600998401642,0.9117253422737122,0.5336028337478638,0.4236324429512024,-0.13119244575500488,0.9591354727745056,0.5458323359489441,0.4180532395839691,-0.20264007151126862,0.882875382900238,0.5302993059158325,0.42377758026123047,-0.10761331021785736,0.9348891973495483,0.54132080078125,0.5540179014205933,0.04273160919547081,0.999226450920105,0.5072080492973328,0.5584351420402527,-0.0427488312125206,0.999059796333313,0.5354592800140381,0.7032110691070557,0.06249656900763512,0.9149110317230225,0.505389928817749,0.709165632724762,-0.02755676954984665,0.9812306761741638,0.528429388999939,0.827960729598999,0.2211294174194336,0.936677873134613,0.5007756948471069,0.8395028114318848,0.10895479470491409,0.9761238694190979,0.5202924013137817,0.8399112820625305,0.23209503293037415,0.8958413004875183,0.4986570477485657,0.8538131713867188,0.11753383278846741,0.8408463597297668,0.5384502410888672,0.8741259574890137,0.15171469748020172,0.9543249011039734,0.5166820287704468,0.88625568151474,0.015452937223017216,0.9711716175079346
666.6666666666667,0.5314347147941589,0.30230242013931274,-0.16089916229248047,0.9999666213989258,0.5320666432380676,0.28761616349220276,-0.14573390781879425,0.9999504685401917,0.5337578654289246,0.28726616501808167,-0.14575690031051636,0.9999305605888367,0.5353106260299683,0.2867937684059143,-0.14574523270130157,0.9999274015426636,0.5257919430732727,0.2868501543998718,-0.15855297446250916,0.9999480843544006,0.5228192806243896,0.2862643599510193,-0.15856970846652985,0.9999387860298157,0.5195053219795227,0.2856486141681671,-0.15859828889369965,0.999947726726532,0.5326559543609619,0.289452463388443,-0.04320860654115677,0.9998099207878113,0.5110039114952087,0.2893888056278229,-0.10185793787240982,0.9999613165855408,0.5333187580108643,0.3137565851211548,-0.1200837641954422,0.9999726414680481,0.5260050892829895,0.31359922885894775,-0.13701099157333374,0.9999844431877136,0.5457609295845032,0.3584008812904358,0.0509846955537796,0.9999130964279175,0.49002036452293396,0.3627279996871948,-0.07293062657117844,0.9999611377716064,0.5697110295295715,0.4603066146373749,0.004178032744675875,0.920466423034668,0.47698649764060974,0.4684544503688812,-0.08546160906553268,0.9948015809059143,0.5521818399429321,0.4383920729160309,-0.1952168047428131,0.9540318250656128,0.5225927829742432,0.4411541819572449,-0.12225028872489929,0.9866933226585388,0.549679160118103,0.43263259530067444,-0.23317097127437592,0.91035395860672,0.5339208245277405,0.43836352229118347,-0.1427624672651291,0.963708221912384,0.5464375019073486,0.4182319939136505,-0.2346521019935608,0.9118239879608154,0.5337958931922913,0.4236312508583069,-0.14476457238197327,0.959815502166748,0.5455707907676697,0.4187435507774353,-0.20132966339588165,0.8829204440116882,0.5304532051086426,0.4237258732318878,-0.1206485852599144,0.9358533024787903,0.5408093333244324,0.5558920502662659,0.043634071946144104,0.999222457408905,0.5061954855918884,0.5601575374603271,-0.043652139604091644,0.99906325340271,0.5352805256843567,0.7048067450523376,0.06164417415857315,0.9140259623527527,0.5049151182174683,0.7106410264968872,-0.028327636420726776,0.9812413454055786,0.5278153419494629,0.8279808759689331,0.22312960028648376,0.9357777833938599,0.5001748204231262,0.8396389484405518,0.1089518591761589,0.9759182333946228,0.5195607542991638,0.8399461507797241,0.23447565734386444,0.8956285715103149,0.49811938405036926,0.8540304899215698,0.11759379506111145,0.8401736617088318,0.5383431315422058,0.8741574287414551,0.15405477583408356,0.9536263346672058,0.5164425373077393,0.8862875699996948,0.015193930827081203,0.9709047079086304
700.0000000000001,0.531238853931427,0.3046088218688965,-0.15580983459949493,0.9999666810035706,0.5320540070533752,0.29000428318977356,-0.14056088030338287,0.9999505281448364,0.5337507128715515,0.2897830903530121,-0.1405819058418274,0.9999305009841919,0.5353097319602966,0.2894359230995178,-0.14057143032550812,0.9999271035194397,0.525751531124115,0.2886727750301361,-0.15346813201904297,0.9999482035636902,0.5227439403533936,0.2878449857234955,-0.15348219871520996,0.9999389052391052,0.5194166898727417,0.28709882497787476,-0.1535043865442276,0.9999477863311768,0.532715916633606,0.2917567491531372,-0.038182590156793594,0.9998088479042053,0.5109270811080933,0.29051685333251953,-0.09717042744159698,0.9999616742134094,0.5330179929733276,0.31616005301475525,-0.11509466916322708,0.9999724626541138,0.5255529284477234,0.31588900089263916,-0.13211102783679962,0.9999843835830688,0.545759379863739,0.3603934347629547,0.05204147845506668,0.9999127984046936,0.4897848069667816,0.3638651371002197,-0.06884336471557617,0.9999619126319885,0.569527268409729,0.461149126291275,0.0047022392973303795,0.9202309846878052,0.4770168662071228,0.46971094608306885,-0.08046204596757889,0.9948017597198486,0.5521741509437561,0.43841004371643066,-0.1938157081604004,0.9538363814353943,0.5229000449180603,0.44176527857780457,-0.11962064355611801,0.9867889285087585,0.5494655966758728,0.43228480219841003,-0.23215994238853455,0.9098365306854248,0.5342860817909241,0.4388240873813629,-0.141854926943779,0.9638535380363464,0.5463146567344666,0.41749534010887146,-0.23413777351379395,0.911253035068512,0.534116804599762,0.42388126254081726,-0.1443287879228592,0.9599639773368835,0.5454567670822144,0.41813087463378906,-0.2000088393688202,0.8823235034942627,0.5307216644287109,0.42384573817253113,-0.118721142411232,0.9360846281051636,0.5403344631195068,0.5571656823158264,0.04453141242265701,0.9992326498031616,0.5054981708526611,0.5615538358688354,-0.044544145464897156,0.9990812540054321,0.5349135994911194,0.7054603099822998,0.06210847571492195,0.9126218557357788,0.5044408440589905,0.711746096611023,-0.030921906232833862,0.9811902642250061,0.5268973112106323,0.8278825283050537,0.22377654910087585,0.9348177313804626,0.49987924098968506,0.8396899104118347,0.10694411396980286,0.9758157134056091,0.5184747576713562,0.839864194393158,0.23519198596477509,0.8955661058425903,0.4978795051574707,0.8543224930763245,0.11561037600040436,0.8402174711227417,0.5383320450782776,0.8739882707595825,0.15498805046081543,0.9529322385787964,0.5163924694061279,0.8865306377410889,0.012192931957542896,0.9707363843917847
733.3333333333335,0.5308530330657959,0.30655181407928467,-0.16630741953849792,0.9999662041664124,0.5319635272026062,0.29224416613578796,-0.15074799954891205,0.9999497532844543,0.5336832404136658,0.29203876852989197,-0.15076419711112976,0.9999289512634277,0.535280168056488,0.29170194268226624,-0.15075503289699554,0.9999247193336487,0.5256059169769287,0.29083052277565,-0.1633313149213791,0.999947726726532,0.5225545763969421,0.2899553179740906,-0.16334882378578186,0.9999384880065918,0.5192508101463318,0.28913041949272156,-0.16337603330612183,0.9999475479125977,0.5327829122543335,0.29430875182151794,-0.04610099270939827,0.99980229139328,0.5108035802841187,0.29287976026535034,-0.10358458012342453,0.9999618530273438,0.5327498912811279,0.3181726634502411,-0.1246451660990715,0.9999712705612183,0.5252419114112854,0.3180021643638611,-0.1412239968776703,0.9999839067459106,0.5457546710968018,0.36254554986953735,0.051278624683618546,0.9999073147773743,0.4894773066043854,0.3657205402851105,-0.0752694308757782,0.9999622106552124,0.5691556334495544,0.4624013304710388,0.004147897940129042,0.9177762269973755,0.477015882730484,0.4712631106376648,-0.08450034260749817,0.994849681854248,0.551300048828125,0.4386535584926605,-0.193131223320961,0.952523410320282,0.5232626795768738,0.4419932961463928,-0.1167624443769455,0.9870465397834778,0.5491812825202942,0.43241968750953674,-0.23195134103298187,0.9074501991271973,0.5346943736076355,0.4395613670349121,-0.13928303122520447,0.9643542170524597,0.5460480451583862,0.4174014925956726,-0.23247882723808289,0.9087142944335938,0.5345332622528076,0.4239560663700104,-0.14304450154304504,0.9604946970939636,0.5450276732444763,0.4181172549724579,-0.199209526181221,0.8794800639152527,0.5311189293861389,0.4238928556442261,-0.11591199785470963,0.9368799328804016,0.539418637752533,0.5601938366889954,0.04457494989037514,0.9992344379425049,0.504211962223053,0.5640671849250793,-0.04459281638264656,0.9990949034690857,0.534335732460022,0.7072619199752808,0.06312230229377747,0.9106415510177612,0.5035742521286011,0.7138575315475464,-0.030601121485233307,0.9809691905975342,0.5257629156112671,0.8277955055236816,0.23168741166591644,0.9329488277435303,0.4996497929096222,0.8398163914680481,0.11164506524801254,0.9753655195236206,0.5167475938796997,0.8396091461181641,0.24402394890785217,0.8940088152885437,0.49754470586776733,0.8544033765792847,0.12108124792575836,0.8384791016578674,0.5381301641464233,0.8738820552825928,0.16532902419567108,0.9515869617462158,0.5163218975067139,0.8865382075309753,0.018341269344091415,0.9702557325363159
766.6666666666669,0.5305961966514587,0.30785778164863586,-0.16193929314613342,0.9999634623527527,0.531882643699646,0.29365870356559753,-0.14604252576828003,0.9999459981918335,0.5336287021636963,0.2934766411781311,-0.14605823159217834,0.9999226927757263,0.535266101360321,0.29317328333854675,-0.1460496336221695,0.9999175071716309,0.5254821181297302,0.29239633679389954,-0.15880514681339264,0.9999445676803589,0.5224200487136841,0.2916657030582428,-0.15882264077663422,0.9999350905418396,0.5191251635551453,0.2909625470638275,-0.15884970128536224,0.9999452233314514,0.5328547358512878,0.29642823338508606,-0.04227664694190025,0.99978107213974,0.5106810331344604,0.2954443693161011,-0.10038801282644272,0.9999603033065796,0.5325443148612976,0.3199595808982849,-0.12087465077638626,0.9999676942825317,0.5250312685966492,0.31971505284309387,-0.13766548037528992,0.9999823570251465,0.5457012057304382,0.36561208963394165,0.052268821746110916,0.9998889565467834,0.4892757833003998,0.36866796016693115,-0.07265999168157578,0.9999600648880005,0.568592369556427,0.4637390971183777,0.004274318926036358,0.911709725856781,0.47693294286727905,0.4735568165779114,-0.08239957690238953,0.9947445392608643,0.5495876669883728,0.43859750032424927,-0.18865282833576202,0.9477248787879944,0.5232715010643005,0.4430930018424988,-0.0945921465754509,0.9869309663772583,0.5477568507194519,0.43197065591812134,-0.22398899495601654,0.8993414044380188,0.5346862077713013,0.4404306411743164,-0.11200332641601562,0.9638634920120239,0.5446311235427856,0.4167097210884094,-0.2216184139251709,0.9003896713256836,0.5345287322998047,0.42468586564064026,-0.11405050754547119,0.9599490165710449,0.5436785817146301,0.4178749918937683,-0.19336937367916107,0.8701243996620178,0.5311192274093628,0.42447206377983093,-0.0925496444106102,0.9362213611602783,0.5387066602706909,0.5635495185852051,0.04418850317597389,0.9992178082466125,0.5032761693000793,0.5663379430770874,-0.04421781003475189,0.9990730881690979,0.5339804887771606,0.70833820104599,0.06040867045521736,0.9093565344810486,0.5034447908401489,0.7138819098472595,-0.025205248966813087,0.9802492260932922,0.525770902633667,0.8279168009757996,0.22387506067752838,0.9314811825752258,0.4997164011001587,0.8393756151199341,0.12687374651432037,0.9745259284973145,0.5169342756271362,0.8400604128837585,0.2354603409767151,0.8909226059913635,0.49763792753219604,0.8538693189620972,0.13733792304992676,0.8344486355781555,0.5379464030265808,0.8747296333312988,0.15535354614257812,0.9503630995750427,0.5162370204925537,0.886025607585907,0.03618417680263519,0.9694981575012207
800.0000000000002,0.530388593673706,0.3096981644630432,-0.1667226254940033,0.9999578595161438,0.5317920446395874,0.29546260833740234,-0.15078075230121613,0.9999374151229858,0.5335491299629211,0.29527559876441956,-0.1507992446422577,0.9999098777770996,0.5352305769920349,0.2949834167957306,-0.15079522132873535,0.9999041557312012,0.5253430604934692,0.2943964898586273,-0.16358691453933716,0.9999356865882874,0.5223132371902466,0.2937237322330475,-0.16360709071159363,0.9999251365661621,0.5190123915672302,0.2930372655391693,-0.1636391431093216,0.9999374747276306,0.5328567624092102,0.29857873916625977,-0.046960730105638504,0.9997513890266418,0.5105108022689819,0.2978554368019104,-0.10516820847988129,0.9999536275863647,0.5323619246482849,0.322186142206192,-0.12567360699176788,0.9999631643295288,0.5247718691825867,0.32188108563423157,-0.14251254498958588,0.9999793171882629,0.5456564426422119,0.36902916431427,0.044676773250103,0.9998803734779358,0.4888714849948883,0.37077993154525757,-0.07453390955924988,0.9999556541442871,0.5677765011787415,0.4661039710044861,-0.0009331796900369227,0.9095460176467896,0.4767461121082306,0.4757660925388336,-0.08517726510763168,0.9944072961807251,0.549305260181427,0.44400185346603394,-0.19203782081604004,0.9447029829025269,0.5232358574867249,0.4464093744754791,-0.11631064116954803,0.9864280223846436,0.546949028968811,0.4392458200454712,-0.22665642201900482,0.8939551711082458,0.534496545791626,0.44234928488731384,-0.1355370730161667,0.9627989530563354,0.5441961288452148,0.4230131506919861,-0.22345931828022003,0.894924521446228,0.5343850255012512,0.42682161927223206,-0.1375676691532135,0.9588269591331482,0.5434004664421082,0.4233452379703522,-0.19640351831912994,0.8637360334396362,0.5309888124465942,0.4267563223838806,-0.11482835561037064,0.9346001744270325,0.5380294919013977,0.5658729672431946,0.04110760986804962,0.9991743564605713,0.5021439790725708,0.5679596662521362,-0.04114026948809624,0.9989979863166809,0.533294141292572,0.7095242738723755,0.04227084293961525,0.9073099493980408,0.5033147931098938,0.7139049768447876,-0.025309747084975243,0.9783689975738525,0.5254335403442383,0.8289625644683838,0.2158225178718567,0.9277936220169067,0.5006064772605896,0.8391803503036499,0.1300327032804489,0.9721331596374512,0.5166506171226501,0.8411211371421814,0.22903843224048615,0.883513331413269,0.4982967674732208,0.8535463213920593,0.14074714481830597,0.8255508542060852,0.5365877747535706,0.8760108351707458,0.14389698207378387,0.9472176432609558,0.5160711407661438,0.88530433177948,0.037674013525247574,0.9671178460121155
833.3333333333336,0.5301923155784607,0.31084176898002625,-0.16520743072032928,0.9999551177024841,0.5316677689552307,0.29669275879859924,-0.1489618569612503,0.9999332427978516,0.5334216952323914,0.2965422570705414,-0.14897778630256653,0.9999032616615295,0.5351489782333374,0.2962879240512848,-0.14897538721561432,0.9998978972434998,0.5252066850662231,0.29571348428726196,-0.16177988052368164,0.9999316334724426,0.5222155451774597,0.2951168119907379,-0.16179904341697693,0.9999205470085144,0.518926203250885,0.2944950461387634,-0.16182643175125122,0.9999342560768127,0.5328564047813416,0.3004441559314728,-0.04496821016073227,0.9997384548187256,0.5103813409805298,0.2997589707374573,-0.1033136323094368,0.9999502897262573,0.5321891903877258,0.3236444294452667,-0.12426114827394485,0.9999613761901855,0.5246010422706604,0.32327765226364136,-0.14116977155208588,0.9999778866767883,0.5456300377845764,0.3723095655441284,0.044190868735313416,0.9998713731765747,0.4884870946407318,0.37285861372947693,-0.07313720136880875,0.9999518394470215,0.5674327611923218,0.46772781014442444,-0.002563538495451212,0.9086934924125671,0.4765373170375824,0.47674742341041565,-0.08669973909854889,0.9939523935317993,0.5480142831802368,0.44637924432754517,-0.1921052485704422,0.9411448836326599,0.5230259299278259,0.4496816396713257,-0.1261150985956192,0.985491931438446,0.5445865392684937,0.4422927796840668,-0.22679750621318817,0.8874157667160034,0.5338552594184875,0.44462478160858154,-0.1470494419336319,0.9608437418937683,0.54217529296875,0.42669662833213806,-0.22410066425800323,0.8882932662963867,0.5336933732032776,0.4293172061443329,-0.14929920434951782,0.9567479491233826,0.5417725443840027,0.42690911889076233,-0.19646845757961273,0.8559934496879578,0.5304209589958191,0.42996150255203247,-0.12514473497867584,0.9315778613090515,0.5374332070350647,0.5667054057121277,0.03951732814311981,0.9991555213928223,0.5011900663375854,0.5684662461280823,-0.039557479321956635,0.9989562630653381,0.5329670310020447,0.7104069590568542,0.03457306697964668,0.9084379076957703,0.5028079748153687,0.7139034867286682,-0.025484392419457436,0.9776056408882141,0.5254067778587341,0.8294128179550171,0.2112855464220047,0.9270379543304443,0.5009893774986267,0.8391876816749573,0.13032464683055878,0.9713059663772583,0.516740620136261,0.8412361145019531,0.22495785355567932,0.8790582418441772,0.4986206293106079,0.8533563017845154,0.14105191826820374,0.8201225996017456,0.5361986756324768,0.8768478035926819,0.13653820753097534,0.9460909962654114,0.5159071087837219,0.8852181434631348,0.035863976925611496,0.9662153720855713
866.666666666667,0.5300464630126953,0.31157761812210083,-0.16388292610645294,0.9999547004699707,0.5315520763397217,0.29742953181266785,-0.1474098116159439,0.9999328255653381,0.5333027839660645,0.2972547709941864,-0.14742806553840637,0.999902606010437,0.5350587368011475,0.29698580503463745,-0.14742504060268402,0.9998975396156311,0.5250967741012573,0.29655948281288147,-0.16035881638526917,0.999930739402771,0.5221222043037415,0.2960408926010132,-0.160376638174057,0.9999194145202637,0.518838107585907,0.295474648475647,-0.16039910912513733,0.9999334216117859,0.5328410267829895,0.30111145973205566,-0.043165698647499084,0.9997397661209106,0.5102660655975342,0.30083686113357544,-0.10165952146053314,0.9999491572380066,0.5320630669593811,0.3244882822036743,-0.12270518392324448,0.999961256980896,0.5244491100311279,0.3241572976112366,-0.13974985480308533,0.9999773502349854,0.5453898906707764,0.37323692440986633,0.04627144709229469,0.9998700618743896,0.4883957803249359,0.3739318251609802,-0.07178451120853424,0.9999486804008484,0.5667314529418945,0.46821340918540955,-0.0012221105862408876,0.9089106917381287,0.4763655662536621,0.4779299199581146,-0.08611014485359192,0.993478536605835,0.548086404800415,0.4488239288330078,-0.1924418956041336,0.9399148225784302,0.5229851007461548,0.4524901807308197,-0.12327217310667038,0.9846304655075073,0.5444870591163635,0.44548115134239197,-0.22796450555324554,0.8850694298744202,0.5335056185722351,0.4474073350429535,-0.14363765716552734,0.9591946005821228,0.5421470403671265,0.43071433901786804,-0.2260226309299469,0.8859751224517822,0.5332649350166321,0.43243902921676636,-0.144802063703537,0.9550475478172302,0.5417365431785583,0.43051692843437195,-0.19714286923408508,0.8533137440681458,0.5300751328468323,0.43293461203575134,-0.12129441648721695,0.9292523264884949,0.5365795493125916,0.5671441555023193,0.039534635841846466,0.9991378784179688,0.500643789768219,0.5688461065292358,-0.03956955671310425,0.9989115595817566,0.5326164960861206,0.7111087441444397,0.036278389394283295,0.9085859656333923,0.5023435950279236,0.7140192985534668,-0.026512371376156807,0.9768882989883423,0.525380551815033,0.8294115662574768,0.20660068094730377,0.9260436296463013,0.5011216998100281,0.8391945958137512,0.12634295225143433,0.9704093933105469,0.5165684223175049,0.8412237167358398,0.21920137107372284,0.8757131099700928,0.49861854314804077,0.8532939553260803,0.13648490607738495,0.8156375288963318,0.5361852049827576,0.877073347568512,0.1316305547952652,0.9449760913848877,0.5158862471580505,0.8852285146713257,0.03232857584953308,0.9652484059333801
900.0000000000003,0.5299075245857239,0.3117779493331909,-0.181627094745636,0.9999544024467468,0.5313605070114136,0.2976347506046295,-0.16472716629505157,0.9999324083328247,0.5330918431282043,0.297453910112381,-0.1647438406944275,0.9999020099639893,0.534865140914917,0.2971675992012024,-0.16473743319511414,0.9998967051506042,0.5249559283256531,0.296773225069046,-0.17797502875328064,0.999930202960968,0.5219729542732239,0.2962963581085205,-0.1779959350824356,0.9999189376831055,0.5187090635299683,0.2957875430583954,-0.1780209243297577,0.9999328851699829,0.5327435731887817,0.3011663556098938,-0.057377029210329056,0.9997372031211853,0.5100780725479126,0.3012022376060486,-0.11725588887929916,0.9999486207962036,0.5319645404815674,0.3246404230594635,-0.13946208357810974,0.9999605417251587,0.5243730545043945,0.32442179322242737,-0.1568012535572052,0.9999766945838928,0.5451748967170715,0.37334737181663513,0.03882791846990585,0.999866783618927,0.48791947960853577,0.37450382113456726,-0.08695569634437561,0.9999469518661499,0.5660918951034546,0.46860915422439575,-0.0038684853352606297,0.9072871804237366,0.47622212767601013,0.4789064824581146,-0.09139968454837799,0.9934020042419434,0.5481356382369995,0.4509785771369934,-0.20069696009159088,0.9383001923561096,0.5229870080947876,0.45400670170783997,-0.1232391893863678,0.9845293760299683,0.5447498559951782,0.44785529375076294,-0.2369062304496765,0.8823097944259644,0.533511221408844,0.449148565530777,-0.14325134456157684,0.9590412974357605,0.5422406792640686,0.43318650126457214,-0.237196683883667,0.8832793235778809,0.5332345366477966,0.43439942598342896,-0.146632581949234,0.9549281001091003,0.5417761206626892,0.4327179789543152,-0.20632168650627136,0.8500964045524597,0.5300344228744507,0.4344315230846405,-0.12220709025859833,0.9290581345558167,0.5358574986457825,0.5671430230140686,0.04010378569364548,0.9991023540496826,0.5000396370887756,0.5689232349395752,-0.04014969244599342,0.9988561868667603,0.5325298309326172,0.7117322087287903,0.03743112087249756,0.9077163338661194,0.5019178986549377,0.7142444849014282,-0.025977129116654396,0.9764984250068665,0.5253860950469971,0.8294231295585632,0.20672568678855896,0.9250355362892151,0.501082718372345,0.839199423789978,0.12620513141155243,0.9696619510650635,0.5163522362709045,0.8411979079246521,0.21931084990501404,0.8732878565788269,0.4982055723667145,0.8532772064208984,0.13630083203315735,0.8118687272071838,0.5362107753753662,0.8772330284118652,0.13323631882667542,0.9441500902175903,0.515929102897644,0.8852909803390503,0.032178837805986404,0.9646180272102356
933.3333333333337,0.5296789407730103,0.3126358091831207,-0.19440992176532745,0.9999537467956543,0.5311041474342346,0.29847386479377747,-0.17834411561489105,0.9999314546585083,0.5327905416488647,0.2982904314994812,-0.17836137115955353,0.9999006986618042,0.5345569252967834,0.2979516088962555,-0.1783631592988968,0.9998949766159058,0.5247619152069092,0.29753437638282776,-0.19099974632263184,0.999928891658783,0.5218048095703125,0.2969711124897003,-0.19102101027965546,0.9999175071716309,0.5185797810554504,0.29637739062309265,-0.19104714691638947,0.9999316930770874,0.5325734615325928,0.30146247148513794,-0.07076990604400635,0.9997345805168152,0.5099272131919861,0.3014412224292755,-0.12792204320430756,0.9999474883079529,0.5317076444625854,0.3252409100532532,-0.15170875191688538,0.9999592304229736,0.5242140889167786,0.3250238299369812,-0.1682807058095932,0.9999756813049316,0.5446443557739258,0.3727860152721405,0.027543164789676666,0.9998627305030823,0.487472265958786,0.3748517632484436,-0.09107054024934769,0.9999439716339111,0.5652059316635132,0.46869948506355286,-0.0130534702911973,0.9043020606040955,0.47566744685173035,0.47902923822402954,-0.09312490373849869,0.9931959509849548,0.5478361248970032,0.4506688416004181,-0.20659199357032776,0.9349865317344666,0.5229981541633606,0.45398473739624023,-0.12383154779672623,0.9838791489601135,0.5441640615463257,0.4474916160106659,-0.24228782951831818,0.8767234086990356,0.5335695147514343,0.4496381878852844,-0.14322003722190857,0.9574685096740723,0.5419319272041321,0.43270620703697205,-0.2425643354654312,0.877648115158081,0.5333132743835449,0.43536680936813354,-0.14668767154216766,0.953220009803772,0.5414863228797913,0.43225184082984924,-0.21200250089168549,0.8435115814208984,0.5301043391227722,0.43535342812538147,-0.12284557521343231,0.9265648126602173,0.5356062650680542,0.5667591691017151,0.039110537618398666,0.9990713000297546,0.49975278973579407,0.5686894655227661,-0.0391518734395504,0.9988011717796326,0.53251051902771,0.711627185344696,0.038698919117450714,0.9093706011772156,0.5010977983474731,0.714225172996521,-0.022682616487145424,0.976489245891571,0.5256680250167847,0.8294175863265991,0.20687545835971832,0.9254806637763977,0.5010644197463989,0.8391369581222534,0.13244757056236267,0.9695188403129578,0.5164603590965271,0.8408535718917847,0.2198507934808731,0.8715584874153137,0.4981818199157715,0.8526839017868042,0.14296989142894745,0.8097841739654541,0.5363004207611084,0.8772032856941223,0.1342044472694397,0.9442201256752014,0.5158647298812866,0.8852269053459167,0.03801235184073448,0.9645054936408997
966.6666666666671,0.5295026302337646,0.31327328085899353,-0.1968744695186615,0.9999536871910095,0.5308403372764587,0.29896023869514465,-0.18078933656215668,0.9999318718910217,0.5324512720108032,0.298752099275589,-0.18080979585647583,0.9999017715454102,0.5341670513153076,0.2983616888523102,-0.18081043660640717,0.9998956322669983,0.5245367884635925,0.2979840636253357,-0.19346874952316284,0.9999287128448486,0.5215832591056824,0.2973495423793793,-0.1934904307126999,0.9999174475669861,0.5183632373809814,0.2966928482055664,-0.1935119330883026,0.9999313950538635,0.5321386456489563,0.3014872372150421,-0.07193741947412491,0.9997381567955017,0.5096412301063538,0.301498681306839,-0.12882371246814728,0.9999475479125977,0.5314239263534546,0.32569003105163574,-0.1535748392343521,0.9999585151672363,0.5239748358726501,0.32541343569755554,-0.1700286567211151,0.9999749064445496,0.5439344644546509,0.3725174367427826,0.029160676524043083,0.9998623132705688,0.4872073233127594,0.37494218349456787,-0.09231722354888916,0.9999416470527649,0.5638751983642578,0.4685125946998596,-0.01221297774463892,0.9002450704574585,0.4752134382724762,0.47886741161346436,-0.09215214103460312,0.9931029677391052,0.5477877259254456,0.45150190591812134,-0.21118052303791046,0.9315370917320251,0.522942066192627,0.45512086153030396,-0.12201372534036636,0.9833583831787109,0.5440506339073181,0.44949883222579956,-0.24779263138771057,0.8715943694114685,0.5335443019866943,0.45161888003349304,-0.1417364925146103,0.9561898708343506,0.5419220328330994,0.43445342779159546,-0.24957257509231567,0.8725962042808533,0.5333136916160583,0.4376532733440399,-0.14507023990154266,0.9518721699714661,0.5414659976959229,0.43343085050582886,-0.21740321815013885,0.8376168608665466,0.5301000475883484,0.43705424666404724,-0.12105700373649597,0.9246660470962524,0.5354214906692505,0.5663701891899109,0.03923873230814934,0.9990336894989014,0.4997267723083496,0.5686149001121521,-0.03927673026919365,0.9987389445304871,0.5325265526771545,0.7115815877914429,0.039816614240407944,0.9112148880958557,0.5006482005119324,0.714080810546875,-0.02327309176325798,0.9770282506942749,0.5256727933883667,0.8292930722236633,0.2047620713710785,0.927147626876831,0.5007181763648987,0.8391369581222534,0.127832293510437,0.9700601696968079,0.5164673328399658,0.8404783606529236,0.21623127162456512,0.8727140426635742,0.4980253577232361,0.8526744842529297,0.1373583972454071,0.8105656504631042,0.5363979935646057,0.8771792650222778,0.1291843056678772,0.9452015161514282,0.5158712267875671,0.8854559063911438,0.031179625540971756,0.9650318026542664
1000.0000000000005,0.5293943285942078,0.3135290741920471,-0.19771075248718262,0.9999534487724304,0.5306580662727356,0.29910287261009216,-0.18129488825798035,0.9999317526817322,0.5322176814079285,0.2988778054714203,-0.18131496012210846,0.9999019503593445,0.5338878631591797,0.29846101999282837,-0.18131183087825775,0.9998952746391296,0.5243960618972778,0.298125684261322,-0.193843275308609,0.99992835521698,0.5214452147483826,0.29747751355171204,-0.19386202096939087,0.9999171495437622,0.5182341933250427,0.29680243134498596,-0.19388410449028015,0.9999309182167053,0.5316841006278992,0.30144065618515015,-0.07197396457195282,0.9997382760047913,0.5094538927078247,0.3014847934246063,-0.12834550440311432,0.9999473094940186,0.5312023162841797,0.32583069801330566,-0.15437611937522888,0.9999572038650513,0.523819625377655,0.32555848360061646,-0.17066194117069244,0.9999740719795227,0.5430907607078552,0.3720718324184418,0.02789916843175888,0.9998618364334106,0.48692193627357483,0.3751544952392578,-0.0918189063668251,0.9999396204948425,0.5620208382606506,0.4675852358341217,-0.013333862647414207,0.8968154191970825,0.47442805767059326,0.47878554463386536,-0.09595432132482529,0.9931555986404419,0.5476305484771729,0.4513745605945587,-0.2136194109916687,0.9296057224273682,0.5224857926368713,0.4564811885356903,-0.13228802382946014,0.9833628535270691,0.5440466403961182,0.4504255950450897,-0.25066688656806946,0.868955135345459,0.5333225131034851,0.454181045293808,-0.15265999734401703,0.9561172127723694,0.5418587327003479,0.4352681338787079,-0.25301045179367065,0.870013952255249,0.5332473516464233,0.43962615728378296,-0.15668387711048126,0.951823353767395,0.5412953495979309,0.43382322788238525,-0.22005842626094818,0.834450364112854,0.5299981832504272,0.43846753239631653,-0.13161973655223846,0.9245502948760986,0.5350892543792725,0.5659276247024536,0.03932103142142296,0.9990026950836182,0.4995437264442444,0.5685350894927979,-0.03935683146119118,0.9986878633499146,0.5325400829315186,0.7114784717559814,0.04079650714993477,0.9132533669471741,0.5002792477607727,0.7140586376190186,-0.023545023053884506,0.9774088859558105,0.5256999135017395,0.8292734026908875,0.20215801894664764,0.9288251399993896,0.5005070567131042,0.839131236076355,0.1265203207731247,0.970393717288971,0.5164504051208496,0.8401201963424683,0.21293719112873077,0.8735170364379883,0.4979671239852905,0.8525019884109497,0.1356549859046936,0.8104349374771118,0.5364376306533813,0.8771792054176331,0.12501147389411926,0.9461349844932556,0.5157859325408936,0.8854597210884094,0.029041713103652,0.9653825163841248
1033.3333333333337,0.5292836427688599,0.31385093927383423,-0.20004823803901672,0.9999542832374573,0.5305099487304688,0.2993769943714142,-0.18379651010036469,0.9999330043792725,0.5320344567298889,0.29914772510528564,-0.18381686508655548,0.9999040961265564,0.5336811542510986,0.29871538281440735,-0.1838138848543167,0.9998974204063416,0.5242910385131836,0.2984153628349304,-0.19596116244792938,0.9999293684959412,0.5213687419891357,0.2977665364742279,-0.19597820937633514,0.9999183416366577,0.5181674361228943,0.2970755398273468,-0.19599543511867523,0.9999316930770874,0.5314484238624573,0.30156081914901733,-0.0746159628033638,0.9997440576553345,0.5093684196472168,0.3016164004802704,-0.1293611377477646,0.9999474883079529,0.5310122966766357,0.32605963945388794,-0.15677636861801147,0.999957263469696,0.5236998796463013,0.32579612731933594,-0.17261362075805664,0.9999738931655884,0.5426609516143799,0.3719574213027954,0.023762552067637444,0.99986332654953,0.4867849051952362,0.3752609193325043,-0.09048549830913544,0.9999373555183411,0.561640739440918,0.46736109256744385,-0.02109622023999691,0.8971168398857117,0.47370442748069763,0.4787687063217163,-0.0980028584599495,0.9931018948554993,0.5472905039787292,0.451168417930603,-0.22407236695289612,0.9292762875556946,0.521772027015686,0.45667967200279236,-0.14316651225090027,0.9831151366233826,0.5435066819190979,0.45009487867355347,-0.2618599534034729,0.8681513667106628,0.5329238176345825,0.45413047075271606,-0.16455549001693726,0.9555026292800903,0.5413119792938232,0.43513599038124084,-0.2636132836341858,0.8692200779914856,0.532977819442749,0.4399765431880951,-0.16851092875003815,0.9511755108833313,0.5407589673995972,0.4338371157646179,-0.2302170693874359,0.8331361413002014,0.5296720266342163,0.43896615505218506,-0.14273701608181,0.9235334992408752,0.5345794558525085,0.5649713277816772,0.03887348994612694,0.9989829063415527,0.499163955450058,0.5680264234542847,-0.03891250863671303,0.9986466765403748,0.5325086712837219,0.7114058136940002,0.041359711438417435,0.915530264377594,0.4997430443763733,0.71403968334198,-0.02266533486545086,0.9778342247009277,0.5257189273834229,0.8291333317756653,0.198878213763237,0.9308642148971558,0.5003393888473511,0.8391097187995911,0.1258966028690338,0.970887303352356,0.5165534615516663,0.8398083448410034,0.20915921032428741,0.87455153465271,0.49788597226142883,0.8524080514907837,0.13452091813087463,0.8114112615585327,0.5365213751792908,0.8771852254867554,0.11951415985822678,0.9474130272865295,0.5157290697097778,0.8855398297309875,0.02713260054588318,0.9659224152565002
1066.666666666667,0.529112696647644,0.31406456232070923,-0.19367071986198425,0.9999545216560364,0.5303146243095398,0.299527645111084,-0.17745251953601837,0.9999334216117859,0.5318248271942139,0.2993030250072479,-0.17747236788272858,0.9999048113822937,0.5334596633911133,0.29886847734451294,-0.17746849358081818,0.999897837638855,0.5241227746009827,0.29860344529151917,-0.1899879425764084,0.9999298453330994,0.5212112069129944,0.297964870929718,-0.19000419974327087,0.9999188184738159,0.5180275440216064,0.2972973585128784,-0.19002296030521393,0.9999321103096008,0.5312231183052063,0.3016625940799713,-0.06933856010437012,0.9997441172599792,0.5092282891273499,0.3017929196357727,-0.12569193542003632,0.9999478459358215,0.5308300852775574,0.3262230455875397,-0.1508357673883438,0.9999564290046692,0.5235556960105896,0.32598114013671875,-0.16714130342006683,0.9999735951423645,0.5420958399772644,0.3717690408229828,0.028174854815006256,0.9998611807823181,0.48666098713874817,0.37546002864837646,-0.08898400515317917,0.9999364614486694,0.5613704919815063,0.467330664396286,-0.017740944400429726,0.8942626714706421,0.473259836435318,0.4788197875022888,-0.09581754356622696,0.993121325969696,0.546451210975647,0.44986313581466675,-0.22214461863040924,0.9273563027381897,0.5216130018234253,0.45722532272338867,-0.1361076533794403,0.9830182790756226,0.5429156422615051,0.4495181441307068,-0.26010897755622864,0.8653709292411804,0.5328745245933533,0.45471200346946716,-0.1555902361869812,0.9551514983177185,0.5406436324119568,0.4341110587120056,-0.26114174723625183,0.8663973808288574,0.5329514145851135,0.4405382573604584,-0.16085804998874664,0.9508021473884583,0.5400135517120361,0.4328148663043976,-0.22828730940818787,0.8297662734985352,0.5296549797058105,0.4393588602542877,-0.13556534051895142,0.9230015277862549,0.53413325548172,0.5646315813064575,0.039254311472177505,0.9989473223686218,0.4989384710788727,0.568004846572876,-0.03929406777024269,0.9985944628715515,0.532288134098053,0.7113725543022156,0.04206188768148422,0.915466845035553,0.4997485280036926,0.71402508020401,-0.023031482473015785,0.9778196215629578,0.5255489945411682,0.8290383219718933,0.19665391743183136,0.9311469197273254,0.500042736530304,0.8391059637069702,0.11736779659986496,0.9708296060562134,0.5160709619522095,0.8395562171936035,0.20654985308647156,0.8741226196289062,0.49727991223335266,0.8524037003517151,0.12581954896450043,0.8112758994102478,0.5364536046981812,0.8772569298744202,0.11908313632011414,0.9475051164627075,0.5154868364334106,0.8857293725013733,0.020581485703587532,0.9658641219139099
1100.0000000000002,0.5289563536643982,0.3142659664154053,-0.1949189454317093,0.9999536871910095,0.5301345586776733,0.2996945083141327,-0.17873285710811615,0.9999322891235352,0.531623899936676,0.29948052763938904,-0.1787552386522293,0.9999035000801086,0.5332335233688354,0.29905471205711365,-0.17875152826309204,0.999896228313446,0.5239938497543335,0.2987712025642395,-0.19156786799430847,0.9999285936355591,0.5211072564125061,0.2981237769126892,-0.19158634543418884,0.9999173283576965,0.517941415309906,0.2974431812763214,-0.1916060894727707,0.9999309182167053,0.5309750437736511,0.30180099606513977,-0.07100919634103775,0.9997385144233704,0.509160578250885,0.3018578588962555,-0.1285979449748993,0.9999468326568604,0.5306251049041748,0.3264003396034241,-0.15227970480918884,0.9999545812606812,0.5234239101409912,0.32612740993499756,-0.16892124712467194,0.9999725818634033,0.5416298508644104,0.3715682327747345,0.026935609057545662,0.9998534321784973,0.4865843653678894,0.3754587471485138,-0.09182221442461014,0.9999337792396545,0.5609949231147766,0.4670250713825226,-0.02171306125819683,0.8895267844200134,0.47305935621261597,0.4787597060203552,-0.09471190720796585,0.993030846118927,0.5460979342460632,0.4497126340866089,-0.2307603508234024,0.9224700331687927,0.5213533043861389,0.4578841030597687,-0.11955297738313675,0.9823299646377563,0.5423445105552673,0.4490378201007843,-0.26974451541900635,0.8584223389625549,0.5326205492019653,0.4553116261959076,-0.13818877935409546,0.9535106420516968,0.5403006672859192,0.4336972236633301,-0.2714323103427887,0.8595373034477234,0.5327732563018799,0.4413059651851654,-0.14401623606681824,0.9490630626678467,0.5397309064865112,0.43252697587013245,-0.23744623363018036,0.821969211101532,0.5294963121414185,0.4401065409183502,-0.1192116066813469,0.9206318259239197,0.5337563753128052,0.5644598007202148,0.03938863426446915,0.9988678097724915,0.4988795220851898,0.5679276585578918,-0.03942625969648361,0.9985010623931885,0.5320330262184143,0.7110363841056824,0.04369106516242027,0.9152852892875671,0.4997199773788452,0.7140153646469116,-0.02326367050409317,0.9779843091964722,0.5255430936813354,0.8286041617393494,0.197066068649292,0.9313830137252808,0.49980175495147705,0.8391062021255493,0.11503449082374573,0.9708930253982544,0.5160953402519226,0.8386875987052917,0.20691117644309998,0.873740017414093,0.4969840347766876,0.8524060249328613,0.12341535836458206,0.8116220235824585,0.5364481806755066,0.8769277334213257,0.11958635598421097,0.9476227760314941,0.5154740214347839,0.886084794998169,0.0181823018938303,0.9658815264701843
1133.3333333333335,0.528662383556366,0.3143353760242462,-0.19571015238761902,0.9999533891677856,0.5298494100570679,0.2997762858867645,-0.17920489609241486,0.9999321103096008,0.5313133001327515,0.2995712161064148,-0.17922845482826233,0.9999035000801086,0.5328858494758606,0.29915136098861694,-0.17922496795654297,0.999896228313446,0.5237728357315063,0.29882940649986267,-0.19204404950141907,0.9999282360076904,0.520905077457428,0.2981525957584381,-0.19206160306930542,0.9999167919158936,0.5177669525146484,0.2974528968334198,-0.19207793474197388,0.9999304413795471,0.5306552648544312,0.30183762311935425,-0.07069652527570724,0.9997378587722778,0.5090224742889404,0.3018089830875397,-0.12828534841537476,0.9999460577964783,0.5303029417991638,0.3264298737049103,-0.15288271009922028,0.99995356798172,0.5231125354766846,0.3261292278766632,-0.1695152372121811,0.9999719262123108,0.5410541296005249,0.37143203616142273,0.027779007330536842,0.9998502135276794,0.4865660071372986,0.3753001093864441,-0.09223943203687668,0.9999313950538635,0.5607162117958069,0.46664443612098694,-0.019941799342632294,0.8867973685264587,0.47294679284095764,0.4784100651741028,-0.09548071026802063,0.9929709434509277,0.5460664629936218,0.4501596987247467,-0.22822731733322144,0.9200782775878906,0.521140992641449,0.4586122930049896,-0.13103216886520386,0.9820607304573059,0.5421550273895264,0.44939127564430237,-0.2673758566379547,0.85518479347229,0.5323222279548645,0.45576465129852295,-0.15198306739330292,0.9530097842216492,0.5401800870895386,0.4346339702606201,-0.2699004113674164,0.8564364314079285,0.5325689911842346,0.44210630655288696,-0.15762972831726074,0.9485711455345154,0.5396400094032288,0.43327680230140686,-0.2351696640253067,0.8181909322738647,0.5293179750442505,0.44093847274780273,-0.13110248744487762,0.9199410676956177,0.5331701636314392,0.5631662011146545,0.04029697924852371,0.9987951517105103,0.4988160729408264,0.5668684244155884,-0.040333714336156845,0.9984081983566284,0.5318654179573059,0.7099015116691589,0.04516158998012543,0.9143330454826355,0.4997592568397522,0.7132585644721985,-0.025029750540852547,0.9780114889144897,0.5251933932304382,0.828368604183197,0.19298914074897766,0.9313432574272156,0.49979308247566223,0.8390428423881531,0.10735198855400085,0.9708232879638672,0.5157197713851929,0.8384689688682556,0.20201706886291504,0.8733656406402588,0.49689361453056335,0.8523948788642883,0.1152636930346489,0.8122848272323608,0.5363988876342773,0.8763483762741089,0.1143709272146225,0.9474934935569763,0.5156263709068298,0.8860886693000793,0.010225515812635422,0.9657617211341858
1166.6666666666667,0.5284301042556763,0.3143175542354584,-0.1949823647737503,0.9999529719352722,0.529617428779602,0.29976963996887207,-0.1783812940120697,0.9999316930770874,0.5310469269752502,0.2995661497116089,-0.17840556800365448,0.9999032020568848,0.5325748324394226,0.2991475462913513,-0.1784021109342575,0.9998958110809326,0.5235759615898132,0.2988332211971283,-0.19121260941028595,0.9999276399612427,0.520713210105896,0.2981545627117157,-0.19122938811779022,0.9999160766601562,0.5175729393959045,0.29745927453041077,-0.19124652445316315,0.9999297261238098,0.5303035378456116,0.3018210530281067,-0.06977641582489014,0.9997351765632629,0.5088419914245605,0.30177998542785645,-0.12736204266548157,0.999945342540741,0.5300391316413879,0.326408714056015,-0.15216077864170074,0.9999522566795349,0.5228362083435059,0.3260946273803711,-0.16879282891750336,0.9999711513519287,0.5404000878334045,0.37129348516464233,0.028745342046022415,0.9998465180397034,0.48656922578811646,0.37492015957832336,-0.09233905375003815,0.9999291896820068,0.5604159235954285,0.4660022258758545,-0.018636886030435562,0.8835503458976746,0.4728069007396698,0.4778107702732086,-0.09561092406511307,0.9929431676864624,0.5458396673202515,0.4500977694988251,-0.22642017900943756,0.9176546335220337,0.5209842920303345,0.45926716923713684,-0.13134822249412537,0.9817630648612976,0.5418640971183777,0.44933000206947327,-0.26541364192962646,0.8519617319107056,0.5321796536445618,0.45608219504356384,-0.1521909534931183,0.9523605108261108,0.5399801135063171,0.43489381670951843,-0.268047958612442,0.8533356785774231,0.5325158834457397,0.4429580271244049,-0.15746499598026276,0.9479147791862488,0.539485514163971,0.43348759412765503,-0.23339512944221497,0.8143841028213501,0.5292924046516418,0.44189485907554626,-0.13127440214157104,0.9190383553504944,0.5327903032302856,0.5620965957641602,0.04132841154932976,0.9987303018569946,0.4987260103225708,0.5659646391868591,-0.0413656048476696,0.9983295798301697,0.5317739248275757,0.7091330289840698,0.047176916152238846,0.9146357178688049,0.4997198283672333,0.7123875021934509,-0.026358088478446007,0.9783802032470703,0.5251334309577942,0.8280647397041321,0.1925218403339386,0.9323381781578064,0.4995935559272766,0.8388568758964539,0.10482076555490494,0.9712196588516235,0.5157665014266968,0.8383500576019287,0.20139208436012268,0.8744357824325562,0.49670031666755676,0.8522852063179016,0.11269528418779373,0.813897430896759,0.5364026427268982,0.8759111166000366,0.11410125344991684,0.9481214880943298,0.5156157612800598,0.8857053518295288,0.007833467796444893,0.9661355018615723
1200.0,0.528285562992096,0.31428149342536926,-0.19344232976436615,0.9999513626098633,0.5294169187545776,0.2997373342514038,-0.17696374654769897,0.9999293684959412,0.5308160185813904,0.29953333735466003,-0.1769876778125763,0.9999004602432251,0.5322907567024231,0.2991158664226532,-0.17698407173156738,0.99989253282547,0.5233786702156067,0.2988029420375824,-0.1898016631603241,0.9999250769615173,0.5205153822898865,0.2981288731098175,-0.1898183822631836,0.9999131560325623,0.5173625349998474,0.2974470853805542,-0.1898365020751953,0.9999271035194397,0.529796838760376,0.3018066883087158,-0.0691942498087883,0.9997225403785706,0.5085764527320862,0.3017713129520416,-0.12706144154071808,0.9999436736106873,0.5298727750778198,0.32637226581573486,-0.1508476734161377,0.9999489188194275,0.5226439833641052,0.3260588049888611,-0.16750997304916382,0.999969482421875,0.5396676659584045,0.3709128499031067,0.02940632589161396,0.9998381733894348,0.4865536689758301,0.3748658299446106,-0.09428049623966217,0.9999275207519531,0.5593886971473694,0.46546584367752075,-0.017767373472452164,0.8759130835533142,0.47272631525993347,0.47770509123802185,-0.09455906599760056,0.9930111765861511,0.5455684065818787,0.450032114982605,-0.2252974659204483,0.9129114747047424,0.520975649356842,0.45919376611709595,-0.11450289934873581,0.9816256761550903,0.541801393032074,0.44917529821395874,-0.2639312744140625,0.8459892868995667,0.5321828722953796,0.45585551857948303,-0.13291040062904358,0.9519357681274414,0.5399978756904602,0.43481194972991943,-0.2665124535560608,0.8474342226982117,0.5325137972831726,0.44267791509628296,-0.1380053162574768,0.9474543333053589,0.5394828915596008,0.4334008991718292,-0.23234717547893524,0.8077935576438904,0.5292940139770508,0.441677063703537,-0.11385774612426758,0.9185073375701904,0.5324636101722717,0.5617827773094177,0.04327511414885521,0.9986406564712524,0.4987136423587799,0.5658106207847595,-0.04331395775079727,0.9982336759567261,0.5316469669342041,0.7085550427436829,0.05370704457163811,0.9123072624206543,0.4993409216403961,0.7119529843330383,-0.026350820437073708,0.9785335659980774,0.5251392126083374,0.8277320265769958,0.1939564198255539,0.9316651821136475,0.4992687404155731,0.8388082981109619,0.10384570807218552,0.9711277484893799,0.5159525275230408,0.8382174372673035,0.20291702449321747,0.8739583492279053,0.49642765522003174,0.8522850275039673,0.11171182990074158,0.814022421836853,0.5364590287208557,0.8753199577331543,0.1164800152182579,0.9477507472038269,0.5156942009925842,0.8854403495788574,0.009012609720230103,0.9660453796386719
1233.3333333333333,0.5281593203544617,0.31421592831611633,-0.19076833128929138,0.9999507665634155,0.5292781591415405,0.29971224069595337,-0.17449916899204254,0.9999287724494934,0.5306586623191833,0.29951485991477966,-0.1745256781578064,0.9998998045921326,0.5321056842803955,0.2991028428077698,-0.1745205819606781,0.9998916387557983,0.5232457518577576,0.29878219962120056,-0.18809303641319275,0.9999244809150696,0.5203806161880493,0.2981155514717102,-0.18810994923114777,0.999912440776825,0.5172216296195984,0.2974315881729126,-0.1881282776594162,0.9999265074729919,0.5294832587242126,0.3017714321613312,-0.06877102702856064,0.999717652797699,0.5083639621734619,0.30174878239631653,-0.12641409039497375,0.9999436736106873,0.529723584651947,0.32631784677505493,-0.14907440543174744,0.9999474287033081,0.5224817395210266,0.32599306106567383,-0.16660672426223755,0.9999688863754272,0.5393987894058228,0.3706677258014679,0.030555902048945427,0.9998311400413513,0.4864020049571991,0.37482279539108276,-0.09447656571865082,0.9999271631240845,0.5589503645896912,0.46536096930503845,-0.017426036298274994,0.8698518872261047,0.47268572449684143,0.4776780307292938,-0.08927818387746811,0.9930585026741028,0.5452388525009155,0.4494786560535431,-0.22464022040367126,0.9091792702674866,0.5207021832466125,0.45903441309928894,-0.1013086810708046,0.9815441966056824,0.5416540503501892,0.44898709654808044,-0.2632661461830139,0.8412676453590393,0.5318942070007324,0.4557097852230072,-0.11886533349752426,0.9516775608062744,0.5398414134979248,0.4347855746746063,-0.2654702067375183,0.8427371382713318,0.532114565372467,0.44249817728996277,-0.124104343354702,0.9471755027770996,0.5392683148384094,0.4331913888454437,-0.23163041472434998,0.8026970624923706,0.5289657711982727,0.4415753483772278,-0.1005266010761261,0.9182474613189697,0.5323529839515686,0.5617794990539551,0.04431503266096115,0.9985752701759338,0.49871236085891724,0.5658457279205322,-0.04435266926884651,0.9981730580329895,0.5314862132072449,0.7083925604820251,0.05662884935736656,0.9101610779762268,0.49905723333358765,0.7119127511978149,-0.026115918532013893,0.9786195755004883,0.5251440405845642,0.8271743655204773,0.194295734167099,0.9307989478111267,0.49898651242256165,0.8388068079948425,0.10481368750333786,0.971024751663208,0.5160693526268005,0.8378412127494812,0.20370253920555115,0.873356819152832,0.49615827202796936,0.8523160815238953,0.11279849708080292,0.8141772150993347,0.5365272760391235,0.8746331334114075,0.11955171078443527,0.9472810626029968,0.5158036947250366,0.8854411840438843,0.010619410313665867,0.9659370183944702
1266.6666666666665,0.5280216336250305,0.3141929507255554,-0.18640026450157166,0.9999511241912842,0.5291745066642761,0.2996978163719177,-0.17015165090560913,0.999929666519165,0.5305473804473877,0.29949718713760376,-0.1701764613389969,0.9999010562896729,0.5319945216178894,0.29908332228660583,-0.17017100751399994,0.9998929500579834,0.5231351256370544,0.2987717092037201,-0.18412402272224426,0.999925434589386,0.5202771425247192,0.2981055676937103,-0.18414054811000824,0.9999134540557861,0.5171113610267639,0.29742100834846497,-0.18415778875350952,0.9999274611473083,0.529369056224823,0.3017440736293793,-0.06524796783924103,0.999718964099884,0.5082148313522339,0.30173638463020325,-0.12620635330677032,0.999944806098938,0.5295640230178833,0.32629260420799255,-0.1450735479593277,0.9999474287033081,0.5222707390785217,0.3259439468383789,-0.16317442059516907,0.9999691247940063,0.5392934679985046,0.37064307928085327,0.0332704521715641,0.9998263716697693,0.48619750142097473,0.37481069564819336,-0.09366489946842194,0.9999275803565979,0.5587327480316162,0.4653647243976593,-0.017355728894472122,0.8647206425666809,0.4726051092147827,0.47765621542930603,-0.08537750691175461,0.9930812120437622,0.544904887676239,0.44875046610832214,-0.22519615292549133,0.9062873721122742,0.5202547907829285,0.4589163661003113,-0.09535183012485504,0.9813776612281799,0.5415118336677551,0.4484717547893524,-0.2640498876571655,0.8376526236534119,0.5314291715621948,0.45557665824890137,-0.11256721615791321,0.9512060284614563,0.5397217273712158,0.43431419134140015,-0.26586639881134033,0.8391568660736084,0.5316216349601746,0.442320317029953,-0.11782321333885193,0.9466758966445923,0.5391026139259338,0.43264704942703247,-0.23217563331127167,0.7988096475601196,0.5284952521324158,0.4414849877357483,-0.0945417657494545,0.9177218079566956,0.5323334336280823,0.5617743134498596,0.04480575770139694,0.9985291361808777,0.49871838092803955,0.5658482909202576,-0.04484295845031738,0.9981326460838318,0.5313088297843933,0.708331823348999,0.057164572179317474,0.9087555408477783,0.4988868832588196,0.7119138836860657,-0.026072464883327484,0.9786862134933472,0.5251415967941284,0.8266382813453674,0.1958703100681305,0.9302051663398743,0.4988265633583069,0.838803768157959,0.10555882006883621,0.9709416627883911,0.5161617994308472,0.8374857306480408,0.20464679598808289,0.8726117014884949,0.496020644903183,0.8523160219192505,0.11363504827022552,0.8140038251876831,0.5365327596664429,0.8740852475166321,0.12230581790208817,0.946932315826416,0.5158261060714722,0.8854138255119324,0.011445565149188042,0.9658398032188416
1299.9999999999998,0.5278499722480774,0.31414878368377686,-0.18207940459251404,0.9999504685401917,0.5290517210960388,0.29968518018722534,-0.16587457060813904,0.999928891658783,0.5304152965545654,0.2994808852672577,-0.16589967906475067,0.9999000430107117,0.5318617224693298,0.29906535148620605,-0.16589395701885223,0.9998918175697327,0.5230070352554321,0.29874762892723083,-0.1796780377626419,0.9999247789382935,0.5201576352119446,0.2980705201625824,-0.17969352006912231,0.999912679195404,0.5169916152954102,0.2973807454109192,-0.17971284687519073,0.9999269247055054,0.529252290725708,0.30172327160835266,-0.06178777664899826,0.9997135400772095,0.5080853700637817,0.3016875088214874,-0.12350645661354065,0.9999447464942932,0.5293771624565125,0.3262432813644409,-0.14111603796482086,0.9999463558197021,0.5220392346382141,0.3258398175239563,-0.15904924273490906,0.9999688267707825,0.5390793085098267,0.3706095516681671,0.03464718535542488,0.9998190402984619,0.48607581853866577,0.37474411725997925,-0.09335042536258698,0.9999274611473083,0.5584160685539246,0.4653541147708893,-0.017127078026533127,0.8588314652442932,0.4725058376789093,0.477646142244339,-0.08335871249437332,0.9930719137191772,0.5446897745132446,0.4482087790966034,-0.22437019646167755,0.9026480317115784,0.5196957588195801,0.4588712453842163,-0.09590038657188416,0.9811525940895081,0.5413878560066223,0.4482037425041199,-0.2630842924118042,0.8331303596496582,0.5309619903564453,0.4555381238460541,-0.1132931187748909,0.9506523609161377,0.5396221876144409,0.4340924620628357,-0.264822781085968,0.834689736366272,0.5311921238899231,0.4422172009944916,-0.11845634877681732,0.9460877180099487,0.5389773845672607,0.43231382966041565,-0.23125897347927094,0.7939161062240601,0.5280595421791077,0.44131752848625183,-0.09514724463224411,0.9170664548873901,0.5323006510734558,0.5617701411247253,0.04473688080906868,0.998475193977356,0.49870359897613525,0.5658382773399353,-0.044773127883672714,0.9980822801589966,0.5312013030052185,0.708293080329895,0.05625632777810097,0.9069679379463196,0.49862349033355713,0.7117858529090881,-0.026039887219667435,0.9785958528518677,0.525151789188385,0.8260886073112488,0.19622477889060974,0.9291093349456787,0.4986816346645355,0.8387105464935303,0.10602951794862747,0.9705899357795715,0.5162942409515381,0.8368796706199646,0.20526985824108124,0.8709672689437866,0.4958420693874359,0.852267861366272,0.1141563132405281,0.812983512878418,0.5365622639656067,0.8736198544502258,0.12265866249799728,0.9462342858314514,0.5159118175506592,0.8853439688682556,0.01202961802482605,0.9654636383056641
1333.333333333333,0.5276363492012024,0.3141152560710907,-0.18265222012996674,0.9999505281448364,0.5289207100868225,0.29966506361961365,-0.16642886400222778,0.9999290704727173,0.5302924513816833,0.2994600534439087,-0.1664534956216812,0.999900221824646,0.5317569375038147,0.2990460991859436,-0.16644805669784546,0.9998919367790222,0.5228508114814758,0.29873788356781006,-0.18007928133010864,0.9999251961708069,0.5199893116950989,0.2980543076992035,-0.18009518086910248,0.999913215637207,0.5168249607086182,0.29736268520355225,-0.18011491000652313,0.9999274611473083,0.529204785823822,0.3017125725746155,-0.06192639097571373,0.9997107982635498,0.5079500675201416,0.3016700744628906,-0.12347283214330673,0.999945342540741,0.5291311740875244,0.3261968493461609,-0.14148880541324615,0.9999457597732544,0.5217701196670532,0.3257755637168884,-0.15925167500972748,0.9999688267707825,0.5389493107795715,0.3705417811870575,0.0346667505800724,0.999809741973877,0.485981822013855,0.37465178966522217,-0.09343070536851883,0.9999276399612427,0.5582259893417358,0.46538275480270386,-0.016940584406256676,0.8530421257019043,0.47248944640159607,0.4776136577129364,-0.0837051123380661,0.9930511116981506,0.5445294976234436,0.44765937328338623,-0.22632046043872833,0.8991485238075256,0.5193113684654236,0.45886197686195374,-0.10072609782218933,0.9809661507606506,0.5413411259651184,0.44601404666900635,-0.2649674117565155,0.8287584781646729,0.5306426882743835,0.4554714560508728,-0.11851426959037781,0.950215756893158,0.5395462512969971,0.4324396848678589,-0.26639389991760254,0.8303611278533936,0.5308417677879333,0.4421062469482422,-0.12351855635643005,0.9456200003623962,0.5388620495796204,0.43170028924942017,-0.23318147659301758,0.7891018390655518,0.527763843536377,0.4411931037902832,-0.09998325258493423,0.9165157079696655,0.5321589112281799,0.561798095703125,0.04506764933466911,0.9984191656112671,0.4985702931880951,0.5658301711082458,-0.04510932415723801,0.9980378150939941,0.5310710072517395,0.7083026170730591,0.05705856904387474,0.9051255583763123,0.4984818994998932,0.7116857171058655,-0.026172863319516182,0.978630781173706,0.5251377820968628,0.8259395956993103,0.19721902906894684,0.9282190203666687,0.49857357144355774,0.8386943340301514,0.10482947528362274,0.9704307317733765,0.516305685043335,0.8368050456047058,0.20598727464675903,0.8699877262115479,0.4957354664802551,0.852267861366272,0.11284748464822769,0.8126862049102783,0.5365666151046753,0.8735988140106201,0.12434091418981552,0.9457153677940369,0.5159295797348022,0.885336697101593,0.01109845656901598,0.9652888178825378
1366.6666666666663,0.5273617506027222,0.31408271193504333,-0.182564839720726,0.9999513626098633,0.5287606716156006,0.29964837431907654,-0.16622905433177948,0.9999305009841919,0.5301414728164673,0.2994404435157776,-0.16625283658504486,0.9999021291732788,0.5316200852394104,0.2990260422229767,-0.16624823212623596,0.9998940229415894,0.5226653814315796,0.29871824383735657,-0.17983508110046387,0.999926745891571,0.5197706818580627,0.2980201542377472,-0.1798504739999771,0.9999149441719055,0.5166205763816833,0.29732948541641235,-0.17986971139907837,0.9999290108680725,0.529144823551178,0.3016943633556366,-0.06125355884432793,0.9997149109840393,0.5077932476997375,0.3016366958618164,-0.12285857647657394,0.9999465942382812,0.5288357734680176,0.32616379857063293,-0.14125986397266388,0.9999464154243469,0.5214120745658875,0.3256909251213074,-0.15897229313850403,0.9999693632125854,0.5387459993362427,0.37047362327575684,0.03551153838634491,0.9998058676719666,0.48590177297592163,0.3745119273662567,-0.09318747371435165,0.999927818775177,0.5581067800521851,0.46543192863464355,-0.016909966245293617,0.8494276404380798,0.47244277596473694,0.4775170683860779,-0.08376874774694443,0.9930198788642883,0.5445481538772583,0.4472154676914215,-0.22578395903110504,0.8973692059516907,0.5191131234169006,0.4590349793434143,-0.10321509838104248,0.9808228611946106,0.541359543800354,0.44474709033966064,-0.2644004225730896,0.8265213966369629,0.5304519534111023,0.45550957322120667,-0.12139804661273956,0.9498813152313232,0.5395426154136658,0.4313662648200989,-0.2657965123653412,0.8281523585319519,0.5306012630462646,0.44212326407432556,-0.1263130009174347,0.9452658295631409,0.5388596057891846,0.43117907643318176,-0.2326069474220276,0.7865517139434814,0.5275589227676392,0.44115951657295227,-0.10250269621610641,0.9160857200622559,0.5318829417228699,0.5618234276771545,0.04498343542218208,0.9983960390090942,0.4983927011489868,0.5658275485038757,-0.04502507299184799,0.9980131983757019,0.5308825373649597,0.70858234167099,0.05669668689370155,0.9051303267478943,0.4981934428215027,0.7117018699645996,-0.026311354711651802,0.9787425994873047,0.5251315832138062,0.8258581757545471,0.19742971658706665,0.9283505082130432,0.4984529912471771,0.8386814594268799,0.10542222112417221,0.9705100655555725,0.5163194537162781,0.8367487788200378,0.20624428987503052,0.8697322010993958,0.49566906690597534,0.8522629737854004,0.11350654065608978,0.8129353523254395,0.5365720987319946,0.8735749125480652,0.12442678958177567,0.9457944631576538,0.5159151554107666,0.8853380680084229,0.011502206325531006,0.9653828144073486
1399.9999999999995,0.527103841304779,0.3140562176704407,-0.18259909749031067,0.9999518394470215,0.5286009311676025,0.2996315360069275,-0.16625848412513733,0.9999311566352844,0.5299745798110962,0.2994306683540344,-0.16628175973892212,0.9999030828475952,0.5314493775367737,0.29902228713035583,-0.1662774384021759,0.9998950958251953,0.5224918127059937,0.2986946702003479,-0.1796858012676239,0.9999274015426636,0.5195874571800232,0.29799896478652954,-0.1796998232603073,0.9999156594276428,0.5164395570755005,0.29731303453445435,-0.1797182708978653,0.999929666519165,0.5290439128875732,0.3016768991947174,-0.061254601925611496,0.9997168183326721,0.5076468586921692,0.3016137480735779,-0.1221318170428276,0.9999470114707947,0.5285110473632812,0.3261408507823944,-0.14130857586860657,0.9999467134475708,0.5210817456245422,0.3256604075431824,-0.1588301658630371,0.9999696016311646,0.5385608077049255,0.3704151213169098,0.0350593738257885,0.9998047351837158,0.4857531487941742,0.37433740496635437,-0.09194166958332062,0.9999276995658875,0.5579405426979065,0.46546822786331177,-0.01682276278734207,0.8475422263145447,0.4723208248615265,0.47740474343299866,-0.08401394635438919,0.9929770231246948,0.5445602536201477,0.4472099840641022,-0.2253228724002838,0.8964884877204895,0.5188363790512085,0.45920732617378235,-0.10521038621664047,0.9806522727012634,0.5413569808006287,0.44489333033561707,-0.26389437913894653,0.8252649903297424,0.5301610827445984,0.4554869532585144,-0.12339489161968231,0.9495052099227905,0.5395303964614868,0.43138742446899414,-0.26537269353866577,0.8268935680389404,0.5302675366401672,0.44210702180862427,-0.12812618911266327,0.9448628425598145,0.5388527512550354,0.4311702847480774,-0.23211778700351715,0.7850079536437988,0.5272585153579712,0.4411557912826538,-0.10456504672765732,0.9155698418617249,0.531721830368042,0.5617790222167969,0.044515255838632584,0.998381495475769,0.4981485903263092,0.5657297968864441,-0.044560421258211136,0.9979939460754395,0.5307283401489258,0.708571195602417,0.054217398166656494,0.9054276943206787,0.49780353903770447,0.7116554975509644,-0.02630768157541752,0.9788463711738586,0.5251564383506775,0.8256982564926147,0.19653473794460297,0.9286623597145081,0.49844515323638916,0.8385888934135437,0.10563842207193375,0.9705575108528137,0.5165436267852783,0.836505651473999,0.2055787742137909,0.8692530393600464,0.49568650126457214,0.8521720170974731,0.11374104768037796,0.812480092048645,0.536585807800293,0.8735793232917786,0.12225012481212616,0.9459676742553711,0.5159132480621338,0.8853282928466797,0.011617172509431839,0.9654289484024048
1433.3333333333328,0.526800811290741,0.313993901014328,-0.17912553250789642,0.9999521970748901,0.5283810496330261,0.2996196448802948,-0.1628587245941162,0.9999316930770874,0.5297532081604004,0.2994164228439331,-0.16288377344608307,0.9999040365219116,0.5312149524688721,0.29900887608528137,-0.16287977993488312,0.9998963475227356,0.5222495794296265,0.29867202043533325,-0.17589613795280457,0.9999276995658875,0.5193227529525757,0.2979564070701599,-0.1759076565504074,0.9999158978462219,0.5161864161491394,0.2972702383995056,-0.17592066526412964,0.9999297857284546,0.5289038419723511,0.30165988206863403,-0.05845717340707779,0.9997199773788452,0.5074613690376282,0.3015317916870117,-0.11752104014158249,0.9999470710754395,0.5281588435173035,0.3260698914527893,-0.1381983906030655,0.9999473094940186,0.5207448601722717,0.32548046112060547,-0.15522219240665436,0.9999698996543884,0.5382880568504333,0.37036964297294617,0.03550877049565315,0.9998069405555725,0.4856742322444916,0.37394100427627563,-0.08635757863521576,0.9999276995658875,0.5576410889625549,0.46547171473503113,-0.01556099858134985,0.8482980728149414,0.4722365736961365,0.47706735134124756,-0.08149399608373642,0.9929360747337341,0.5445753335952759,0.44782328605651855,-0.22323939204216003,0.8970194458961487,0.5184481143951416,0.45921260118484497,-0.10478775203227997,0.9805070757865906,0.5413672924041748,0.4461946189403534,-0.26227623224258423,0.8259304761886597,0.5298658013343811,0.4554702043533325,-0.12337382882833481,0.9492637515068054,0.5395305752754211,0.43262356519699097,-0.2641281187534332,0.8275890946388245,0.5299481153488159,0.44206470251083374,-0.12830160558223724,0.9446268677711487,0.5388575792312622,0.43178972601890564,-0.23008465766906738,0.7857434749603271,0.5269162654876709,0.44111132621765137,-0.10429229587316513,0.9153538346290588,0.5315656065940857,0.5613929629325867,0.04446432366967201,0.9983693957328796,0.4980117082595825,0.5653445720672607,-0.04450802877545357,0.9979797601699829,0.5306719541549683,0.7084324955940247,0.05301249399781227,0.905800998210907,0.4976973831653595,0.71160888671875,-0.02733108401298523,0.9791043400764465,0.5252793431282043,0.8255727887153625,0.19500799477100372,0.9290484189987183,0.49843138456344604,0.8385787606239319,0.10416541993618011,0.9707620739936829,0.5172136425971985,0.836310863494873,0.20400214195251465,0.8694783449172974,0.49568870663642883,0.8521567583084106,0.1121838167309761,0.8126076459884644,0.5366701483726501,0.8735197186470032,0.11988013237714767,0.9461515545845032,0.5159207582473755,0.8853753805160522,0.009526954032480717,0.9655494689941406
1466.666666666666,0.5265716314315796,0.3138243556022644,-0.17884160578250885,0.9999532103538513,0.5282123684883118,0.29959073662757874,-0.1624998301267624,0.999933123588562,0.52959805727005,0.2994014322757721,-0.16252408921718597,0.9999061822891235,0.5310693979263306,0.29900074005126953,-0.16251948475837708,0.9998987913131714,0.522060751914978,0.29860299825668335,-0.17543606460094452,0.9999290108680725,0.5191177129745483,0.29786860942840576,-0.17544731497764587,0.9999172687530518,0.5159950852394104,0.29718664288520813,-0.17545932531356812,0.9999308586120605,0.5288476347923279,0.30164799094200134,-0.0577695406973362,0.9997264742851257,0.5073310732841492,0.3014516234397888,-0.11634406447410583,0.9999477863311768,0.5279515981674194,0.32593834400177,-0.1378207504749298,0.9999485611915588,0.5205075740814209,0.3252262473106384,-0.15473057329654694,0.999970555305481,0.5381349325180054,0.370338499546051,0.03549826890230179,0.9998105764389038,0.48558321595191956,0.3736041486263275,-0.08450191468000412,0.9999279975891113,0.5573012232780457,0.46553972363471985,-0.01547516230493784,0.8502380847930908,0.4720851182937622,0.4768694341182709,-0.08142716437578201,0.9928759336471558,0.54459148645401,0.44820907711982727,-0.22283492982387543,0.8986217379570007,0.5182716846466064,0.45924121141433716,-0.10543142259120941,0.9803154468536377,0.5413575768470764,0.44672611355781555,-0.2620292901992798,0.8280329704284668,0.5297024846076965,0.4554571509361267,-0.12404712289571762,0.9488866925239563,0.5394999980926514,0.4330419898033142,-0.26389873027801514,0.8297014832496643,0.5297160744667053,0.44203105568885803,-0.12894557416439056,0.9442341923713684,0.5388376712799072,0.4320036768913269,-0.2296111285686493,0.7880015969276428,0.5266942977905273,0.4410817623138428,-0.1049090102314949,0.9148975610733032,0.5314986109733582,0.5612858533859253,0.04423319175839424,0.9983736276626587,0.49792492389678955,0.565245509147644,-0.044275544583797455,0.9979835748672485,0.5306517481803894,0.7083361148834229,0.05217311531305313,0.906726062297821,0.49763622879981995,0.7116084694862366,-0.02740342542529106,0.979380190372467,0.525344729423523,0.8255295157432556,0.19527889788150787,0.9298079609870911,0.49844205379486084,0.8385814428329468,0.10464954376220703,0.971079409122467,0.5176051259040833,0.8362472057342529,0.20437389612197876,0.8702908754348755,0.49575573205947876,0.8521556258201599,0.11273710429668427,0.8132149577140808,0.536736786365509,0.8734885454177856,0.11997721344232559,0.9466357231140137,0.5159245133399963,0.8853881359100342,0.010047893971204758,0.9658262729644775
1499.9999999999993,0.5264087915420532,0.31362107396125793,-0.1778840869665146,0.999954104423523,0.5280995965003967,0.2995404899120331,-0.1614813208580017,0.9999344348907471,0.5294922590255737,0.2993672490119934,-0.16150431334972382,0.9999080300331116,0.5309725403785706,0.2989765405654907,-0.1614982634782791,0.9999009966850281,0.5219298601150513,0.29851484298706055,-0.17450271546840668,0.9999304413795471,0.5189768075942993,0.2977678179740906,-0.17451408505439758,0.9999188184738159,0.5158571600914001,0.29708656668663025,-0.174526184797287,0.9999321699142456,0.5288123488426208,0.3016354739665985,-0.05676615238189697,0.9997313618659973,0.5072502493858337,0.30138200521469116,-0.11574899405241013,0.9999486207962036,0.5277981758117676,0.32577815651893616,-0.1369306892156601,0.9999495148658752,0.5203229784965515,0.3249504268169403,-0.1539594829082489,0.9999710917472839,0.5380521416664124,0.370374470949173,0.036048367619514465,0.9998101592063904,0.48557522892951965,0.3732636272907257,-0.08446421474218369,0.9999281167984009,0.5571720004081726,0.4657745957374573,-0.014935149811208248,0.8506073951721191,0.47197189927101135,0.4765990674495697,-0.08133256435394287,0.9927865862846375,0.5445596575737,0.44826921820640564,-0.22158949077129364,0.8989335894584656,0.5179922580718994,0.459242582321167,-0.10434769839048386,0.9799612760543823,0.541172444820404,0.44682031869888306,-0.2607807517051697,0.8282414078712463,0.5294457077980042,0.45544400811195374,-0.12303074449300766,0.9481348395347595,0.5392987132072449,0.4331682026386261,-0.2624906599521637,0.8299416303634644,0.5294579267501831,0.4420171082019806,-0.12813596427440643,0.9434424042701721,0.5386863350868225,0.43204647302627563,-0.22831620275974274,0.7880986332893372,0.526447594165802,0.44108104705810547,-0.10394237190485,0.9139159321784973,0.5314619541168213,0.5612847208976746,0.044205665588378906,0.9983648657798767,0.49790987372398376,0.5652391314506531,-0.04424780234694481,0.9979849457740784,0.5306379199028015,0.708215057849884,0.05400082841515541,0.9073177576065063,0.4976467490196228,0.711592972278595,-0.026977745816111565,0.9796973466873169,0.5254555940628052,0.8255022764205933,0.19547197222709656,0.9305173754692078,0.4984809458255768,0.8385797142982483,0.10491595417261124,0.9714930057525635,0.5180010199546814,0.8362426161766052,0.2046460658311844,0.8712621927261353,0.4958457052707672,0.8521479368209839,0.11297491937875748,0.8145381808280945,0.5368363857269287,0.8734805583953857,0.12020222097635269,0.9472169280052185,0.5159481167793274,0.8853889107704163,0.010258642956614494,0.9662539958953857
1533.3333333333326,0.5262681245803833,0.3132890462875366,-0.17843148112297058,0.9999544620513916,0.5279720425605774,0.29932695627212524,-0.16201631724834442,0.9999347925186157,0.5293867588043213,0.29917827248573303,-0.16203944385051727,0.9999086260795593,0.5308822989463806,0.29880350828170776,-0.16203336417675018,0.9999017715454102,0.5217679142951965,0.298255056142807,-0.17487818002700806,0.9999307990074158,0.5187739133834839,0.2975066602230072,-0.1748896986246109,0.9999192357063293,0.5156495571136475,0.2968446612358093,-0.17490237951278687,0.9999324679374695,0.528772234916687,0.30156591534614563,-0.057096563279628754,0.9997333884239197,0.5070892572402954,0.30122676491737366,-0.11479697376489639,0.9999483823776245,0.527691662311554,0.32550185918807983,-0.13738273084163666,0.9999498724937439,0.5201779007911682,0.32461094856262207,-0.15424878895282745,0.9999712705612183,0.5380624532699585,0.3704279065132141,0.03532238304615021,0.9998104572296143,0.48545610904693604,0.37318775057792664,-0.08243785798549652,0.9999275803565979,0.5570393204689026,0.4660089313983917,-0.014943433925509453,0.8518631458282471,0.47184452414512634,0.47639358043670654,-0.08222170919179916,0.9927451014518738,0.5444705486297607,0.44921621680259705,-0.2202741950750351,0.8998963236808777,0.5177068114280701,0.45918911695480347,-0.11765321344137192,0.9798961877822876,0.5410492420196533,0.44799554347991943,-0.2592247426509857,0.829414963722229,0.5293073058128357,0.455404132604599,-0.13802297413349152,0.9480511546134949,0.5391935110092163,0.4339261054992676,-0.26118704676628113,0.8311421871185303,0.5293055772781372,0.4419440031051636,-0.14254750311374664,0.9433611631393433,0.5385766625404358,0.43256640434265137,-0.22693052887916565,0.789140522480011,0.5262491703033447,0.44098609685897827,-0.11738764494657516,0.9138413071632385,0.5314371585845947,0.5611416101455688,0.04339899495244026,0.9983550906181335,0.4978383183479309,0.565116286277771,-0.04344012960791588,0.9979804158210754,0.5306383371353149,0.7081416249275208,0.0525810681283474,0.9081823229789734,0.49765560030937195,0.7115907073020935,-0.026966430246829987,0.9799146056175232,0.5255324840545654,0.8254648447036743,0.19506877660751343,0.9311649799346924,0.49852561950683594,0.838584303855896,0.10512654483318329,0.9717509150505066,0.5183155536651611,0.8362050652503967,0.20420116186141968,0.8717615008354187,0.49596789479255676,0.8521382808685303,0.1132221594452858,0.8151329159736633,0.5368474721908569,0.873473584651947,0.11880434304475784,0.947622537612915,0.5159451365470886,0.8854317665100098,0.010342868976294994,0.9664660692214966
1566.6666666666658,0.5261502861976624,0.3130161166191101,-0.1772533804178238,0.9999549388885498,0.5278255939483643,0.2991259694099426,-0.16073058545589447,0.9999353885650635,0.5292489528656006,0.29899632930755615,-0.16075363755226135,0.9999094009399414,0.5307399034500122,0.29863500595092773,-0.1607455164194107,0.999902606010437,0.5215972661972046,0.2980211675167084,-0.1737549751996994,0.9999315738677979,0.518565833568573,0.2972641885280609,-0.17376746237277985,0.9999201893806458,0.5154272317886353,0.2966063916683197,-0.17378240823745728,0.9999332427978516,0.5286489725112915,0.30150407552719116,-0.05598898604512215,0.9997343420982361,0.5069010257720947,0.30103355646133423,-0.11460663378238678,0.9999489188194275,0.527601957321167,0.32520225644111633,-0.13633567094802856,0.9999501705169678,0.5200592875480652,0.324284166097641,-0.15337316691875458,0.9999715685844421,0.5380595326423645,0.37056267261505127,0.0368574820458889,0.9998078346252441,0.48536089062690735,0.3731740117073059,-0.0826713889837265,0.9999280571937561,0.5567781329154968,0.46645841002464294,-0.013065553270280361,0.8512071967124939,0.47165438532829285,0.47628048062324524,-0.08372747898101807,0.9927984476089478,0.544285774230957,0.4492753744125366,-0.21817699074745178,0.8999665975570679,0.5176643133163452,0.45899698138237,-0.11621280014514923,0.9799695611000061,0.540963888168335,0.4482678771018982,-0.2568102478981018,0.8294504284858704,0.5293067693710327,0.4553752839565277,-0.1361432671546936,0.9481449723243713,0.539131760597229,0.43390223383903503,-0.25860998034477234,0.8312073349952698,0.5293064713478088,0.44174060225486755,-0.14124110341072083,0.943443775177002,0.538490355014801,0.43255260586738586,-0.22486774623394012,0.7890378832817078,0.5262428522109985,0.44065341353416443,-0.11605026572942734,0.9140024185180664,0.531345009803772,0.5616526007652283,0.04380498453974724,0.9983464479446411,0.4977028965950012,0.5654378533363342,-0.04384751245379448,0.9979844093322754,0.530640184879303,0.7082021236419678,0.05548710376024246,0.9077275395393372,0.49766260385513306,0.7119251489639282,-0.026800159364938736,0.9800333976745605,0.5255822539329529,0.8254759907722473,0.19847005605697632,0.9309957027435303,0.49852702021598816,0.8386101126670837,0.10541762411594391,0.9717950820922852,0.5184158682823181,0.8362067937850952,0.2075272649526596,0.8718391060829163,0.49597007036209106,0.8521336913108826,0.11351887136697769,0.8153276443481445,0.5368509292602539,0.8734859824180603,0.12313268333673477,0.9476003646850586,0.5159454941749573,0.8855693936347961,0.010899197310209274,0.9665457010269165
1599.999999999999,0.5257600545883179,0.3127591907978058,-0.1773654818534851,0.9999556541442871,0.5274868607521057,0.29894116520881653,-0.1606960892677307,0.9999362826347351,0.5289528369903564,0.29883602261543274,-0.16071896255016327,0.9999107122421265,0.5304383635520935,0.29849082231521606,-0.16071051359176636,0.9999040961265564,0.5211635828018188,0.29785892367362976,-0.17299328744411469,0.9999325275421143,0.5181050300598145,0.2971172332763672,-0.17300517857074738,0.9999213218688965,0.5149664282798767,0.2964881360530853,-0.17301853001117706,0.999934196472168,0.5285820364952087,0.3014571964740753,-0.055555470287799835,0.9997396469116211,0.5066312551498413,0.300986647605896,-0.110057033598423,0.999949038028717,0.5273717045783997,0.32494309544563293,-0.13643179833889008,0.9999511241912842,0.5197358727455139,0.3239990174770355,-0.15262946486473083,0.9999719858169556,0.5380865335464478,0.37076184153556824,0.03584474325180054,0.9998091459274292,0.485351026058197,0.3731624186038971,-0.07715243846178055,0.9999266862869263,0.5567715764045715,0.46665918827056885,-0.013768072240054607,0.854767382144928,0.47119101881980896,0.4762747883796692,-0.08478674292564392,0.9927504062652588,0.5440945029258728,0.4495633542537689,-0.21702994406223297,0.9022953510284424,0.51750648021698,0.45816898345947266,-0.12917783856391907,0.9799755215644836,0.5407574772834778,0.4488065540790558,-0.2554375231266022,0.8323978781700134,0.5290865898132324,0.45484834909439087,-0.15037372708320618,0.948164165019989,0.5389354228973389,0.4342133402824402,-0.25695937871932983,0.8340873122215271,0.5290947556495667,0.4411613643169403,-0.15389809012413025,0.9434434175491333,0.5383144617080688,0.4327341318130493,-0.2233433574438095,0.7920295000076294,0.5260535478591919,0.43997108936309814,-0.12875458598136902,0.9140551090240479,0.5313132405281067,0.5616346597671509,0.04176633059978485,0.9983437657356262,0.49765369296073914,0.5654154419898987,-0.04180661588907242,0.997985303401947,0.5306404232978821,0.7081778645515442,0.047766029834747314,0.9088227152824402,0.49780699610710144,0.7118692398071289,-0.027127571403980255,0.9800991415977478,0.5255950093269348,0.8254836201667786,0.195734441280365,0.9313338398933411,0.49855878949165344,0.8385023474693298,0.10563532263040543,0.9717866778373718,0.5185186862945557,0.8361882567405701,0.2051447033882141,0.8712817430496216,0.4960494637489319,0.8517159819602966,0.1138053685426712,0.814338743686676,0.5368346571922302,0.8734861612319946,0.11859576404094696,0.947609543800354,0.5157102942466736,0.8855052590370178,0.010899706743657589,0.966424286365509
1633.3333333333323,0.5253435373306274,0.3126412332057953,-0.17762231826782227,0.9999566674232483,0.5271015763282776,0.2988714873790741,-0.16095608472824097,0.9999377131462097,0.5286116003990173,0.2987807095050812,-0.16097870469093323,0.9999127388000488,0.5300626158714294,0.29844823479652405,-0.16097012162208557,0.9999063611030579,0.5207130908966064,0.29780977964401245,-0.17300376296043396,0.9999340176582336,0.5176309943199158,0.2970699965953827,-0.17301537096500397,0.999923050403595,0.5144849419593811,0.29645413160324097,-0.1730286180973053,0.9999356269836426,0.5284630656242371,0.3014472723007202,-0.05572697892785072,0.9997469186782837,0.5063656568527222,0.3009794354438782,-0.1089014783501625,0.9999497532844543,0.5270947813987732,0.3248138427734375,-0.1366560459136963,0.9999522566795349,0.5194166898727417,0.32387182116508484,-0.1525421291589737,0.9999725818634033,0.5380972623825073,0.3708854615688324,0.034915290772914886,0.999811589717865,0.48533952236175537,0.373152494430542,-0.07625391334295273,0.9999262690544128,0.5567565560340881,0.46704182028770447,-0.014714744873344898,0.8586912155151367,0.47086936235427856,0.4762667119503021,-0.08620598167181015,0.9927667379379272,0.5439736247062683,0.44960781931877136,-0.21705769002437592,0.9053405523300171,0.5174276828765869,0.4576041102409363,-0.13168105483055115,0.9801309704780579,0.5406274795532227,0.44881391525268555,-0.2554001808166504,0.8365193605422974,0.5289954543113708,0.4543779790401459,-0.15265722572803497,0.9484649300575256,0.5387993454933167,0.4341956079006195,-0.25680771470069885,0.8381209373474121,0.5289735198020935,0.44063350558280945,-0.15589991211891174,0.9437333345413208,0.5381855368614197,0.43272262811660767,-0.22326543927192688,0.796402633190155,0.5259199738502502,0.43936750292778015,-0.13111653923988342,0.9145140647888184,0.5313151478767395,0.5616298317909241,0.04098569229245186,0.9983415007591248,0.4976542890071869,0.5654100179672241,-0.0410231277346611,0.9979940056800842,0.5306479334831238,0.7080621123313904,0.04712474346160889,0.9091393351554871,0.4979674518108368,0.7117119431495667,-0.027117224410176277,0.980175793170929,0.5255981087684631,0.8255492448806763,0.19347475469112396,0.9311885833740234,0.49863845109939575,0.8383821249008179,0.10553279519081116,0.97171950340271,0.518517255783081,0.8361884951591492,0.20273610949516296,0.8709259629249573,0.49615874886512756,0.8513811826705933,0.11365338414907455,0.8135412931442261,0.5367985963821411,0.8734866380691528,0.11640902608633041,0.9473780989646912,0.515523374080658,0.885408341884613,0.010411763563752174,0.9662338495254517
1666.6666666666656,0.5250102877616882,0.31256675720214844,-0.1791090965270996,0.9999576807022095,0.5268179178237915,0.2988387644290924,-0.1622891128063202,0.9999391436576843,0.5283575057983398,0.2987530529499054,-0.1623106449842453,0.999914824962616,0.5297810435295105,0.2984267771244049,-0.1623024195432663,0.9999086856842041,0.5203956961631775,0.2978006899356842,-0.1734326034784317,0.9999354481697083,0.5172852277755737,0.2970587909221649,-0.17344321310520172,0.9999247193336487,0.5141212940216064,0.29644086956977844,-0.17345447838306427,0.9999369978904724,0.5283758044242859,0.3014371693134308,-0.056417644023895264,0.9997546672821045,0.5061455965042114,0.30096378922462463,-0.10930163413286209,0.9999503493309021,0.5268471240997314,0.3247322142124176,-0.13802829384803772,0.9999535083770752,0.5191673040390015,0.32381752133369446,-0.15283535420894623,0.9999731779098511,0.5381618738174438,0.3710518181324005,0.032301586121320724,0.9998147487640381,0.48523005843162537,0.37314173579216003,-0.07549819350242615,0.9999254941940308,0.5567495226860046,0.4676022231578827,-0.017329690977931023,0.8628740310668945,0.47043123841285706,0.4762592911720276,-0.08818698674440384,0.9927266240119934,0.5437062382698059,0.45006129145622253,-0.2174524962902069,0.9079992175102234,0.517288863658905,0.4571181833744049,-0.1389515995979309,0.9800896048545837,0.5401676893234253,0.4488925039768219,-0.2557021379470825,0.8399472236633301,0.5288145542144775,0.45395421981811523,-0.16061291098594666,0.9483155012130737,0.538518488407135,0.4342251718044281,-0.25684961676597595,0.8414644002914429,0.5287994146347046,0.4401676058769226,-0.16364668309688568,0.9435388445854187,0.5379379391670227,0.43278512358665466,-0.22332510352134705,0.7999199628829956,0.5257229208946228,0.43886879086494446,-0.1384836882352829,0.9142561554908752,0.5312999486923218,0.5614222288131714,0.03984924033284187,0.998354434967041,0.49753671884536743,0.5651178359985352,-0.03988826274871826,0.9980106949806213,0.530640721321106,0.7078937888145447,0.04375513643026352,0.9101278781890869,0.49802663922309875,0.7115919589996338,-0.02711308002471924,0.9802179336547852,0.5255976319313049,0.8255724906921387,0.19209937751293182,0.931623101234436,0.49874889850616455,0.8382381200790405,0.10639812797307968,0.9717037677764893,0.5185423493385315,0.8361798524856567,0.20154227316379547,0.8706641793251038,0.496477335691452,0.850999653339386,0.11463718116283417,0.8125514984130859,0.536712646484375,0.8735573887825012,0.11394114047288895,0.9474613666534424,0.5153034329414368,0.8853000402450562,0.010459760203957558,0.966121256351471
1699.9999999999989,0.5245879888534546,0.3124316930770874,-0.1792883425951004,0.9999586939811707,0.5263913869857788,0.2987282872200012,-0.16246198117733002,0.9999405741691589,0.5279853343963623,0.2986443340778351,-0.1624833047389984,0.9999168515205383,0.5293594598770142,0.2983339726924896,-0.16247598826885223,0.9999110102653503,0.5200104117393494,0.2977374196052551,-0.1736701875925064,0.9999368786811829,0.5168601274490356,0.2970030605792999,-0.17368139326572418,0.9999262690544128,0.5136867761611938,0.29638877511024475,-0.17369355261325836,0.9999383091926575,0.5280813574790955,0.301350474357605,-0.05643954500555992,0.9997621774673462,0.505790650844574,0.30088475346565247,-0.10886544734239578,0.9999509453773499,0.5264722108840942,0.324531227350235,-0.13818050920963287,0.9999547600746155,0.5188599228858948,0.32366156578063965,-0.15304973721504211,0.9999737739562988,0.5381668210029602,0.3710489869117737,0.03187258541584015,0.9998185634613037,0.4850993752479553,0.37311965227127075,-0.0743570551276207,0.999924898147583,0.5567561388015747,0.4677998125553131,-0.018305353820323944,0.8669412136077881,0.4701591432094574,0.47624409198760986,-0.08879061788320541,0.9927140474319458,0.5433399081230164,0.4499707520008087,-0.21773071587085724,0.9106929898262024,0.517297089099884,0.4566342234611511,-0.1402660459280014,0.9801332354545593,0.5399097204208374,0.44850611686706543,-0.2560323178768158,0.8434619307518005,0.528805673122406,0.4535393714904785,-0.16212207078933716,0.9483428001403809,0.5383239388465881,0.433610200881958,-0.25688493251800537,0.8448747396469116,0.5287963151931763,0.4396992623806,-0.16494879126548767,0.9435243606567383,0.5377278923988342,0.43239545822143555,-0.22335593402385712,0.8035550117492676,0.5257169008255005,0.43841278553009033,-0.13972629606723785,0.914209246635437,0.5312703251838684,0.5608156323432922,0.039334893226623535,0.9983676671981812,0.49740490317344666,0.5643895268440247,-0.03937242552638054,0.998024582862854,0.530640184879303,0.7076929211616516,0.04127470403909683,0.9111028909683228,0.49806082248687744,0.7112683653831482,-0.02770395763218403,0.980272114276886,0.5255995988845825,0.8255773782730103,0.18989267945289612,0.9321224093437195,0.4989178776741028,0.83817458152771,0.1062416285276413,0.9717970490455627,0.5185841917991638,0.8361693620681763,0.1994045227766037,0.8709378838539124,0.4968266487121582,0.8507704138755798,0.11448732018470764,0.8124801516532898,0.5366907715797424,0.873566210269928,0.1114569902420044,0.9476287961006165,0.515198826789856,0.8849358558654785,0.009771836921572685,0.9661067128181458
1733.3333333333321,0.5243164300918579,0.3123183846473694,-0.179319366812706,0.9999590516090393,0.5260940790176392,0.29863178730010986,-0.16251516342163086,0.9999409317970276,0.5277101397514343,0.2985493540763855,-0.16253624856472015,0.9999175071716309,0.529053270816803,0.2982510030269623,-0.16252920031547546,0.999911904335022,0.5197749733924866,0.29765257239341736,-0.17385593056678772,0.9999371767044067,0.5166168808937073,0.29691410064697266,-0.1738673597574234,0.9999265670776367,0.5134475231170654,0.2962886691093445,-0.17387981712818146,0.9999385476112366,0.5277478098869324,0.3012765049934387,-0.056778110563755035,0.9997659921646118,0.5055067539215088,0.30076339840888977,-0.10916091501712799,0.9999504685401917,0.5261713862419128,0.3243538439273834,-0.1383097767829895,0.9999554753303528,0.5186360478401184,0.3235020041465759,-0.15319815278053284,0.9999740123748779,0.53813636302948,0.3710183799266815,0.029849527403712273,0.9998215436935425,0.48479053378105164,0.37311145663261414,-0.07426062226295471,0.9999237060546875,0.5567458271980286,0.46795356273651123,-0.020218081772327423,0.8705809116363525,0.4699433147907257,0.4762439429759979,-0.08873794227838516,0.9926608204841614,0.5431097745895386,0.4499620795249939,-0.2188260704278946,0.9128546714782715,0.5172621607780457,0.4565226435661316,-0.13890548050403595,0.9800244569778442,0.5397385358810425,0.4484575688838959,-0.257205992937088,0.8461856842041016,0.5287436842918396,0.4533953070640564,-0.1604733020067215,0.9480538964271545,0.5381538271903992,0.43352416157722473,-0.2577972710132599,0.8475303053855896,0.5287639498710632,0.43960732221603394,-0.16350708901882172,0.9431758522987366,0.5375520586967468,0.43237659335136414,-0.22425498068332672,0.8063316345214844,0.525683581829071,0.43835127353668213,-0.13841301202774048,0.9136809706687927,0.5312572121620178,0.5604013204574585,0.03843952715396881,0.9983723759651184,0.4972996711730957,0.5638672709465027,-0.038476306945085526,0.9980260133743286,0.5306407809257507,0.7073618173599243,0.039086390286684036,0.9116075038909912,0.4980725347995758,0.7109121680259705,-0.027702754363417625,0.980094850063324,0.5255988240242004,0.8255773186683655,0.18833096325397491,0.9321054220199585,0.49900946021080017,0.8379859924316406,0.10675564408302307,0.9715487957000732,0.5185965895652771,0.8361336588859558,0.1979331374168396,0.8701993227005005,0.4970390200614929,0.8503741025924683,0.11506809294223785,0.8110550045967102,0.5366277098655701,0.8736193776130676,0.10980317741632462,0.9474266767501831,0.5148945450782776,0.8845887184143066,0.009960510767996311,0.965763509273529
1766.6666666666654,0.524171769618988,0.3122311234474182,-0.17900583148002625,0.9999598264694214,0.5258837342262268,0.2985371947288513,-0.1623561978340149,0.9999420046806335,0.5274943113327026,0.29845869541168213,-0.16237790882587433,0.9999191164970398,0.5287991166114807,0.29817071557044983,-0.16237138211727142,0.9999138116836548,0.5196217894554138,0.29753392934799194,-0.17367729544639587,0.9999381303787231,0.5164644718170166,0.2967764139175415,-0.17368777096271515,0.9999275803565979,0.5132998824119568,0.29612815380096436,-0.17369863390922546,0.9999393224716187,0.5273340344429016,0.30119788646698,-0.05684481933712959,0.9997718334197998,0.5052672624588013,0.30061018466949463,-0.10931672900915146,0.999950647354126,0.5259524583816528,0.32422780990600586,-0.13819165527820587,0.9999564290046692,0.5185080766677856,0.3233640789985657,-0.15305069088935852,0.9999743700027466,0.5380759835243225,0.37087857723236084,0.029558027163147926,0.9998243451118469,0.4846126139163971,0.3731016516685486,-0.07447195053100586,0.9999227523803711,0.556657612323761,0.46799933910369873,-0.02116060070693493,0.8736621141433716,0.46989762783050537,0.4762449562549591,-0.08583765476942062,0.9925404787063599,0.5430946946144104,0.4498724341392517,-0.22128723561763763,0.9146996736526489,0.5172395706176758,0.45642992854118347,-0.13466420769691467,0.9797194004058838,0.5397287607192993,0.44836992025375366,-0.2599078416824341,0.8484914898872375,0.528671145439148,0.4533054232597351,-0.15559767186641693,0.9473837018013,0.5381113886833191,0.4333796501159668,-0.2605060040950775,0.849785327911377,0.5286838412284851,0.43950769305229187,-0.1589818000793457,0.9424331784248352,0.5375148057937622,0.4322804808616638,-0.22685480117797852,0.8087694048881531,0.5256118178367615,0.4382822513580322,-0.13445763289928436,0.9126998782157898,0.5312541723251343,0.5602325201034546,0.03824584186077118,0.9983763098716736,0.4972529113292694,0.5636777877807617,-0.038280997425317764,0.9980277419090271,0.5306531190872192,0.7072561383247375,0.040087997913360596,0.9117722511291504,0.4980783760547638,0.7108018398284912,-0.02757648378610611,0.980039119720459,0.5256021618843079,0.8256295323371887,0.18668816983699799,0.9320627450942993,0.499134361743927,0.8379487991333008,0.10649188607931137,0.9714546203613281,0.5186344385147095,0.8361735343933105,0.1960000842809677,0.870097279548645,0.4973129332065582,0.8502798676490784,0.11469259858131409,0.8104330897331238,0.536615788936615,0.8736779689788818,0.1086076945066452,0.9473015069961548,0.5147348046302795,0.8842487931251526,0.009928763844072819,0.9655923843383789
1799.9999999999986,0.524153470993042,0.3121417760848999,-0.17593222856521606,0.9999607801437378,0.5257869958877563,0.2984568476676941,-0.15961958467960358,0.9999434351921082,0.5273626446723938,0.29838672280311584,-0.15964294970035553,0.9999212622642517,0.5286206603050232,0.2981071174144745,-0.1596383899450302,0.9999163746833801,0.519567608833313,0.297433078289032,-0.17101316154003143,0.9999393224716187,0.5164139270782471,0.29665738344192505,-0.17102082073688507,0.9999288320541382,0.5132447481155396,0.29599082469940186,-0.17102664709091187,0.9999402165412903,0.5268747210502625,0.3011372685432434,-0.0555659681558609,0.999779999256134,0.5050739645957947,0.30051472783088684,-0.10786331444978714,0.9999510049819946,0.5258525013923645,0.32413366436958313,-0.135594442486763,0.9999579191207886,0.5184721350669861,0.3232572078704834,-0.15054579079151154,0.9999749660491943,0.5379711985588074,0.3706353008747101,0.0298356581479311,0.9998306035995483,0.4843025803565979,0.37311887741088867,-0.07254068553447723,0.9999220371246338,0.5565918684005737,0.46799659729003906,-0.021233823150396347,0.8781545162200928,0.4697594940662384,0.4763261079788208,-0.08280514925718307,0.9923754334449768,0.5430870056152344,0.4496476948261261,-0.22221596539020538,0.9174801111221313,0.5172165036201477,0.45642775297164917,-0.1321980357170105,0.9793757796287537,0.5396978259086609,0.4481154978275299,-0.2611861526966095,0.8523362278938293,0.5285075902938843,0.453252375125885,-0.15346595644950867,0.9467272162437439,0.5380124449729919,0.43291717767715454,-0.26172587275505066,0.8535748720169067,0.5284577012062073,0.4392937123775482,-0.1573028266429901,0.9417186379432678,0.537434458732605,0.43189913034439087,-0.22781549394130707,0.8130714893341064,0.5253844261169434,0.43815699219703674,-0.13241063058376312,0.9117276668548584,0.5312334895133972,0.5599377751350403,0.037849828600883484,0.9983972907066345,0.4971970319747925,0.5634148120880127,-0.037881039083004,0.9980372786521912,0.5306529998779297,0.7070656418800354,0.03875638544559479,0.9125961065292358,0.4981185495853424,0.7104825377464294,-0.027576258406043053,0.9799746870994568,0.5256038904190063,0.8256333470344543,0.18501463532447815,0.9323544502258301,0.49923527240753174,0.8378418684005737,0.1063913106918335,0.9713796973228455,0.5186528563499451,0.8361724615097046,0.19434387981891632,0.8701650500297546,0.49748989939689636,0.8500633239746094,0.11456119269132614,0.8098292350769043,0.5365749001502991,0.8738985657691956,0.10690735280513763,0.9473727941513062,0.5147283673286438,0.8841777443885803,0.009910008870065212,0.9654470682144165
1833.333333333332,0.524060070514679,0.3119683563709259,-0.17158614099025726,0.9999616146087646,0.5255839824676514,0.29837465286254883,-0.15544505417346954,0.9999447464942932,0.5271455645561218,0.2983255684375763,-0.15546999871730804,0.9999232888221741,0.5283668637275696,0.2980663776397705,-0.155467689037323,0.9999188780784607,0.5194492340087891,0.2972661554813385,-0.16668032109737396,0.9999401569366455,0.5163055658340454,0.2964536249637604,-0.1666855663061142,0.9999297261238098,0.5131393074989319,0.295745849609375,-0.16668739914894104,0.999940812587738,0.5264267325401306,0.30107471346855164,-0.052284736186265945,0.9997886419296265,0.504844605922699,0.3002486526966095,-0.10354030877351761,0.9999508857727051,0.5256640315055847,0.32393062114715576,-0.13149188458919525,0.9999595284461975,0.5183735489845276,0.32295286655426025,-0.14624564349651337,0.9999755620956421,0.5378697514533997,0.3702757656574249,0.030260831117630005,0.9998384118080139,0.4840838611125946,0.3731161653995514,-0.06729255616664886,0.9999207854270935,0.5565447211265564,0.4677751362323761,-0.02097085304558277,0.8832134008407593,0.46966901421546936,0.47636955976486206,-0.08035796135663986,0.9921239018440247,0.5430914759635925,0.44963306188583374,-0.22156047821044922,0.9205684661865234,0.5171588659286499,0.4564349055290222,-0.13194292783737183,0.9790138006210327,0.5396621823310852,0.4481101930141449,-0.26082339882850647,0.8567747473716736,0.5282818078994751,0.45321565866470337,-0.1536591500043869,0.9462034702301025,0.5379054546356201,0.43290168046951294,-0.2614022195339203,0.8579764366149902,0.5281946659088135,0.4390948414802551,-0.15759092569351196,0.9411777257919312,0.5373706817626953,0.4318625032901764,-0.22712251543998718,0.8181135654449463,0.5251480937004089,0.43803197145462036,-0.13210265338420868,0.9109524488449097,0.5312038660049438,0.5595492124557495,0.03672458603978157,0.9984362721443176,0.49704617261886597,0.5631084442138672,-0.03675001114606857,0.9980595111846924,0.5306438207626343,0.7068471908569336,0.03311031684279442,0.9146263003349304,0.49812284111976624,0.7101626992225647,-0.02822818234562874,0.9800546765327454,0.5257664322853088,0.8256608843803406,0.1819901317358017,0.9334837794303894,0.4992806613445282,0.8377736210823059,0.10635936260223389,0.9715577960014343,0.5190052390098572,0.8361750841140747,0.19157007336616516,0.8707819581031799,0.49758026003837585,0.8499027490615845,0.11454327404499054,0.8097267150878906,0.53656405210495,0.8742360472679138,0.10285935550928116,0.9479614496231079,0.5147064328193665,0.884139358997345,0.009787384420633316,0.9655908942222595
1866.6666666666652,0.5239430665969849,0.3117217421531677,-0.1673154979944229,0.9999626874923706,0.5253593921661377,0.29819297790527344,-0.15110154449939728,0.9999463558197021,0.5269256234169006,0.2981704771518707,-0.15112635493278503,0.9999256730079651,0.5281324982643127,0.29794344305992126,-0.15112367272377014,0.9999216794967651,0.5192881226539612,0.2969946265220642,-0.162460058927536,0.9999415874481201,0.516143798828125,0.2961577773094177,-0.162464439868927,0.9999312162399292,0.5129820704460144,0.29542112350463867,-0.16246505081653595,0.9999419450759888,0.526062548160553,0.3009415864944458,-0.04816929250955582,0.9997976422309875,0.5046002268791199,0.29994112253189087,-0.09990786761045456,0.9999514818191528,0.5255023837089539,0.32370278239250183,-0.12730054557323456,0.999961256980896,0.5182563066482544,0.3226296305656433,-0.14222726225852966,0.9999763369560242,0.5377164483070374,0.3699492812156677,0.03342611342668533,0.9998463988304138,0.4838329553604126,0.37311410903930664,-0.06455361098051071,0.9999206066131592,0.5565677881240845,0.4676101803779602,-0.017865242436528206,0.8885983228683472,0.4695422947406769,0.4764034152030945,-0.07983849942684174,0.991982102394104,0.5430411100387573,0.44937071204185486,-0.21701328456401825,0.9241703152656555,0.5169500708580017,0.45637014508247375,-0.1335311084985733,0.9790204167366028,0.5395477414131165,0.4479762017726898,-0.2563847005367279,0.8621689677238464,0.5279988050460815,0.45313072204589844,-0.15588726103305817,0.9464447498321533,0.5376366376876831,0.43265581130981445,-0.25703945755958557,0.863305926322937,0.5279224514961243,0.4389062225818634,-0.15968959033489227,0.9414421916007996,0.5371304154396057,0.43155887722969055,-0.2225652039051056,0.8243518471717834,0.5248833298683167,0.43786269426345825,-0.13366608321666718,0.9112790822982788,0.5311790704727173,0.5590479373931885,0.036671921610832214,0.9984784126281738,0.4969139099121094,0.5627493262290955,-0.03669673576951027,0.998089075088501,0.5306112170219421,0.7064202427864075,0.03286222368478775,0.9158262014389038,0.49812716245651245,0.709878146648407,-0.029296522960066795,0.9799598455429077,0.5257644653320312,0.8257254958152771,0.18030717968940735,0.9339737296104431,0.4993680417537689,0.8377248048782349,0.10470031946897507,0.9715132117271423,0.5190021395683289,0.8362234830856323,0.18977107107639313,0.8710211515426636,0.4976612329483032,0.8498613238334656,0.11279883235692978,0.8091757297515869,0.5365096926689148,0.874509871006012,0.10136217623949051,0.9480956792831421,0.5146968364715576,0.8841466903686523,0.007956103421747684,0.9654586315155029
1899.9999999999984,0.5237341523170471,0.31142038106918335,-0.1685803234577179,0.9999639391899109,0.5250531435012817,0.2979508936405182,-0.15238937735557556,0.9999480843544006,0.5266528129577637,0.2979627847671509,-0.15241320431232452,0.9999281764030457,0.5278690457344055,0.2977796792984009,-0.15241041779518127,0.9999245405197144,0.5190227627754211,0.29661649465560913,-0.16368167102336884,0.9999433159828186,0.5158734321594238,0.29573875665664673,-0.16368700563907623,0.999933123588562,0.5127061605453491,0.29496529698371887,-0.16368944942951202,0.9999434351921082,0.5257219076156616,0.30074021220207214,-0.04912678897380829,0.999806821346283,0.5043108463287354,0.29948848485946655,-0.1005578339099884,0.9999523758888245,0.5252858996391296,0.32340824604034424,-0.1283859759569168,0.9999630451202393,0.5180351734161377,0.3222171366214752,-0.14324060082435608,0.9999772310256958,0.5376338958740234,0.3697313666343689,0.03345058485865593,0.9998541474342346,0.4835488498210907,0.373110830783844,-0.06497491896152496,0.9999213814735413,0.5566849112510681,0.4676153063774109,-0.017340146005153656,0.8940510153770447,0.46923181414604187,0.47645726799964905,-0.0837494432926178,0.9919453263282776,0.5428489446640015,0.4492211937904358,-0.21498537063598633,0.9278503060340881,0.5167582631111145,0.45629429817199707,-0.15030771493911743,0.979303777217865,0.5393497943878174,0.4479050934314728,-0.2540047764778137,0.8677452802658081,0.5278092622756958,0.4531255066394806,-0.17421986162662506,0.9472582340240479,0.537300705909729,0.43253034353256226,-0.25464165210723877,0.8687978386878967,0.5277401208877563,0.43887409567832947,-0.1771988868713379,0.9423075318336487,0.5367902517318726,0.4313957989215851,-0.22040624916553497,0.8307743668556213,0.524700939655304,0.437782347202301,-0.1503266841173172,0.9123784899711609,0.5311417579650879,0.5587387681007385,0.03656219318509102,0.9985198378562927,0.4967486262321472,0.5625662207603455,-0.03659014403820038,0.9981240630149841,0.5306000709533691,0.7062696218490601,0.03167528659105301,0.9170110821723938,0.4981303811073303,0.7098610401153564,-0.030064579099416733,0.9798403978347778,0.525768518447876,0.8258877992630005,0.1813083291053772,0.9342491030693054,0.49941644072532654,0.8377197980880737,0.10476173460483551,0.9714414477348328,0.5190009474754333,0.8363147974014282,0.1909385472536087,0.8710820078849792,0.49770304560661316,0.8498415350914001,0.11288934201002121,0.8086764812469482,0.5364575982093811,0.8751227855682373,0.1027228981256485,0.9480941295623779,0.5146703124046326,0.8842636942863464,0.007975977845489979,0.9652630090713501
1933.3333333333317,0.5235483646392822,0.31137484312057495,-0.16863170266151428,0.9999649524688721,0.5248171091079712,0.2979173958301544,-0.15247026085853577,0.9999495148658752,0.5264332294464111,0.2979355752468109,-0.15249256789684296,0.9999302625656128,0.5276469588279724,0.29776132106781006,-0.15249019861221313,0.9999269843101501,0.5188554525375366,0.2965569794178009,-0.16373968124389648,0.9999446272850037,0.5157017111778259,0.295661598443985,-0.16374459862709045,0.9999345541000366,0.5125399231910706,0.29486435651779175,-0.1637469232082367,0.9999445676803589,0.5254279971122742,0.30068930983543396,-0.04936382547020912,0.9998151659965515,0.5040637850761414,0.29934433102607727,-0.10085157305002213,0.9999527931213379,0.5251001119613647,0.3233785927295685,-0.12850406765937805,0.9999646544456482,0.5178757905960083,0.32216739654541016,-0.14338178932666779,0.9999779462814331,0.5375818014144897,0.3697172701358795,0.03306809440255165,0.9998615384101868,0.4831465780735016,0.3731953203678131,-0.06474873423576355,0.9999211430549622,0.5568498373031616,0.4676099717617035,-0.017743142321705818,0.8995990753173828,0.46895769238471985,0.4764614403247833,-0.08758849650621414,0.9918093681335449,0.5426918268203735,0.44884833693504333,-0.21496380865573883,0.9315166473388672,0.516446053981781,0.4562288522720337,-0.1581076681613922,0.9793831706047058,0.5390428304672241,0.44770243763923645,-0.25371697545051575,0.8732665181159973,0.5273916721343994,0.45312052965164185,-0.1821296662092209,0.9476759433746338,0.5368996262550354,0.4323529601097107,-0.25389841198921204,0.8742237687110901,0.5273500084877014,0.43884071707725525,-0.184875950217247,0.942747175693512,0.53643399477005,0.4311481714248657,-0.22015108168125153,0.8371079564094543,0.5242941379547119,0.43775638937950134,-0.1581340730190277,0.9128451347351074,0.5311048626899719,0.5583440065383911,0.03589528799057007,0.9985601305961609,0.49658212065696716,0.5622302293777466,-0.03592768684029579,0.9981490969657898,0.5305891633033752,0.7059648036956787,0.026752052828669548,0.9183183908462524,0.49813511967658997,0.7095873951911926,-0.03099624440073967,0.9795804023742676,0.5257664322853088,0.8258985280990601,0.1777610033750534,0.934472382068634,0.4994613826274872,0.837485134601593,0.10445883125066757,0.9711902141571045,0.5189092755317688,0.8362935781478882,0.187663733959198,0.8707171082496643,0.4977709949016571,0.8494657278060913,0.11265601962804794,0.8073197603225708,0.5363730192184448,0.8752018809318542,0.09902467578649521,0.9480552673339844,0.51457279920578,0.8840193152427673,0.007607747800648212,0.9648839831352234
1966.666666666665,0.5232796669006348,0.31134143471717834,-0.16935624182224274,0.9999657273292542,0.5246079564094543,0.2978927791118622,-0.15346431732177734,0.9999505877494812,0.5262567400932312,0.2979136109352112,-0.15348322689533234,0.999931812286377,0.5274843573570251,0.2977437376976013,-0.15348191559314728,0.9999288320541382,0.5186547040939331,0.2965068519115448,-0.164376363158226,0.9999457597732544,0.5154958367347717,0.2955917418003082,-0.16437961161136627,0.9999358057975769,0.5123329162597656,0.2947704493999481,-0.16438181698322296,0.9999455213546753,0.5253221392631531,0.3006322383880615,-0.05074252188205719,0.9998216032981873,0.5038585066795349,0.2991737723350525,-0.10112252831459045,0.9999530911445618,0.5248674154281616,0.32335329055786133,-0.12934592366218567,0.9999659061431885,0.5176413655281067,0.32212576270103455,-0.14391151070594788,0.9999785423278809,0.5375742316246033,0.36970439553260803,0.030886050313711166,0.9998673796653748,0.4827803373336792,0.3731943666934967,-0.0658760666847229,0.999921441078186,0.5571966767311096,0.467638224363327,-0.01954740844666958,0.9045455455780029,0.46874678134918213,0.4764614403247833,-0.09544527530670166,0.9917557239532471,0.5424292087554932,0.448341429233551,-0.21527338027954102,0.9347565770149231,0.516194760799408,0.45601320266723633,-0.17014692723751068,0.9795956015586853,0.5386217832565308,0.4471065402030945,-0.2541026771068573,0.8780725598335266,0.5271737575531006,0.4530408978462219,-0.19472870230674744,0.9483187198638916,0.5364123582839966,0.4315699338912964,-0.25430357456207275,0.87893146276474,0.5270870923995972,0.4386495351791382,-0.19698962569236755,0.9434142112731934,0.5359782576560974,0.43041154742240906,-0.22066496312618256,0.8425344824790955,0.5240179300308228,0.43755167722702026,-0.17005178332328796,0.9135702252388,0.5310871005058289,0.5578379034996033,0.0358869843184948,0.9985934495925903,0.49642884731292725,0.5619130730628967,-0.03592358157038689,0.9981723427772522,0.5305969715118408,0.7056674957275391,0.027747148647904396,0.9190932512283325,0.498135507106781,0.7091301083564758,-0.031072504818439484,0.9793939590454102,0.5257513523101807,0.8258770704269409,0.17863325774669647,0.9344729781150818,0.4994581639766693,0.8372470140457153,0.10450592637062073,0.9710404276847839,0.518766462802887,0.8362336158752441,0.1885395497083664,0.8706412315368652,0.49776989221572876,0.8492218852043152,0.11268211901187897,0.8065447211265564,0.5363076329231262,0.8752034902572632,0.10016492754220963,0.9479857683181763,0.5143647193908691,0.8837918639183044,0.0077146985568106174,0.9646249413490295
1999.9999999999982,0.5230278372764587,0.3112372159957886,-0.17646603286266327,0.9999665021896362,0.5244501829147339,0.29782429337501526,-0.16042877733707428,0.9999516606330872,0.5261203646659851,0.29784923791885376,-0.16044624149799347,0.9999333620071411,0.5273614525794983,0.29768502712249756,-0.16044530272483826,0.9999306797981262,0.5185026526451111,0.29641860723495483,-0.171651229262352,0.9999468922615051,0.5153557062149048,0.29549771547317505,-0.1716584414243698,0.999937117099762,0.5121967792510986,0.2946681082248688,-0.17166471481323242,0.9999465346336365,0.5252634882926941,0.300517737865448,-0.05680309236049652,0.99982750415802,0.5037025809288025,0.2989939749240875,-0.10824421793222427,0.99995356798172,0.5246782898902893,0.323286771774292,-0.13604801893234253,0.999967098236084,0.5174081325531006,0.3220349848270416,-0.15096086263656616,0.9999790787696838,0.5375908017158508,0.3697209656238556,0.02717619203031063,0.9998714327812195,0.48237916827201843,0.37326353788375854,-0.07214999198913574,0.9999213814735413,0.5575599670410156,0.46770283579826355,-0.025156043469905853,0.9087340235710144,0.46865740418434143,0.47647958993911743,-0.09955073893070221,0.9916502833366394,0.5422926545143127,0.44790536165237427,-0.22384794056415558,0.937006950378418,0.5161610841751099,0.4560565650463104,-0.16814038157463074,0.9795572757720947,0.5382529497146606,0.4466632306575775,-0.26222386956214905,0.8810733556747437,0.5271040201187134,0.4530530273914337,-0.19204045832157135,0.9483964443206787,0.5360567569732666,0.4307819902896881,-0.26136085391044617,0.8818373084068298,0.5269765257835388,0.4386464059352875,-0.19478575885295868,0.9434807300567627,0.5356940031051636,0.4297254681587219,-0.22862890362739563,0.8457633256912231,0.52391517162323,0.43755149841308594,-0.16807086765766144,0.91343092918396,0.5308936834335327,0.5576602816581726,0.035985998809337616,0.9986172914505005,0.49591967463493347,0.5616239905357361,-0.03602304682135582,0.99818354845047,0.530552327632904,0.7054344415664673,0.02846536599099636,0.9195264577865601,0.4981025159358978,0.7087622880935669,-0.031075311824679375,0.9792138338088989,0.5255849361419678,0.8258702158927917,0.1794428825378418,0.9343942403793335,0.49940818548202515,0.8368106484413147,0.10476119071245193,0.9708518385887146,0.5181483030319214,0.8362199068069458,0.1893206387758255,0.8699958324432373,0.4976150095462799,0.8488011360168457,0.11304392665624619,0.8056103587150574,0.5361337065696716,0.8752054572105408,0.10081858187913895,0.9478408694267273,0.5142115354537964,0.8834719657897949,0.007742016110569239,0.9643985629081726
2033.3333333333314,0.5228556990623474,0.3112182319164276,-0.17692208290100098,0.9999670386314392,0.5243638157844543,0.29781052470207214,-0.16096164286136627,0.9999523162841797,0.5260372757911682,0.29783520102500916,-0.16097865998744965,0.9999343156814575,0.5272836089134216,0.2976708710193634,-0.16097836196422577,0.9999319314956665,0.51842200756073,0.2964096665382385,-0.1721826195716858,0.9999474883079529,0.5152941942214966,0.29549291729927063,-0.17219041287899017,0.9999378323554993,0.5121452212333679,0.2946588397026062,-0.17219871282577515,0.9999471306800842,0.5252246260643005,0.30050957202911377,-0.0575694665312767,0.999832808971405,0.5036332011222839,0.2989439070224762,-0.10892972350120544,0.9999535083770752,0.5245364308357239,0.323279470205307,-0.13652634620666504,0.9999681711196899,0.5172650218009949,0.3220131993293762,-0.15143422782421112,0.9999794960021973,0.5376524329185486,0.36975541710853577,0.0257617998868227,0.9998758435249329,0.4820849597454071,0.3732803463935852,-0.07213367521762848,0.9999207854270935,0.5579639673233032,0.46776366233825684,-0.025799551978707314,0.9129019379615784,0.4685905873775482,0.4764668643474579,-0.10091898590326309,0.9915096163749695,0.542216956615448,0.4475657343864441,-0.22313593327999115,0.9393272995948792,0.5160608887672424,0.455949604511261,-0.1737394779920578,0.9795210361480713,0.5380375385284424,0.44628462195396423,-0.2621547281742096,0.8842012286186218,0.5269990563392639,0.4528285264968872,-0.19790178537368774,0.948465883731842,0.535847544670105,0.4302152097225189,-0.26000386476516724,0.8848503232002258,0.5267896056175232,0.43835338950157166,-0.20001664757728577,0.943526566028595,0.535520613193512,0.42920610308647156,-0.22853727638721466,0.8491564989089966,0.5237534046173096,0.43729764223098755,-0.17355112731456757,0.9132657647132874,0.5308378338813782,0.5576627850532532,0.035044386982917786,0.9986504316329956,0.49558278918266296,0.5616210103034973,-0.03509204462170601,0.9982050061225891,0.5305478572845459,0.7052210569381714,0.023265862837433815,0.921008288860321,0.4980086088180542,0.7087630033493042,-0.03103126958012581,0.9789044857025146,0.5255850553512573,0.8255608677864075,0.17961856722831726,0.934707522392273,0.4993455708026886,0.836715817451477,0.10869526118040085,0.9705726504325867,0.5181509256362915,0.8356908559799194,0.18976029753684998,0.8689010143280029,0.4975283443927765,0.8486169576644897,0.11752201616764069,0.8039371371269226,0.5359712839126587,0.8749069571495056,0.10064315795898438,0.9478956460952759,0.5141546726226807,0.8833358287811279,0.01133035123348236,0.9641024470329285
2066.6666666666647,0.5226677060127258,0.3112093210220337,-0.1749763786792755,0.9999669790267944,0.5242373943328857,0.2978012263774872,-0.1591479480266571,0.9999523162841797,0.5259224772453308,0.29782649874687195,-0.1591649204492569,0.9999343752861023,0.5271803736686707,0.2976629436016083,-0.15917035937309265,0.9999324083328247,0.5183159708976746,0.2964015305042267,-0.170201376080513,0.999947190284729,0.5151965618133545,0.2954844534397125,-0.17020907998085022,0.9999374151229858,0.5120503306388855,0.29465168714523315,-0.1702185571193695,0.9999468326568604,0.5251683592796326,0.3004968464374542,-0.05633360892534256,0.9998367428779602,0.5035116672515869,0.29891136288642883,-0.10699499398469925,0.999952495098114,0.5243707299232483,0.3232704997062683,-0.13473309576511383,0.9999690055847168,0.5171102285385132,0.32200682163238525,-0.14947359263896942,0.9999796748161316,0.5377301573753357,0.36988264322280884,0.026320941746234894,0.9998807311058044,0.4817872643470764,0.3732761740684509,-0.06729871779680252,0.9999188780784607,0.5583343505859375,0.4679127335548401,-0.02499490976333618,0.9170005917549133,0.4684310555458069,0.47638678550720215,-0.09846235066652298,0.9911074638366699,0.5421529412269592,0.4475073516368866,-0.21920299530029297,0.9414982795715332,0.5158034563064575,0.4559062421321869,-0.1718481332063675,0.9789862036705017,0.537799060344696,0.44606807827949524,-0.25672388076782227,0.887113630771637,0.5268169641494751,0.45263293385505676,-0.19635672867298126,0.9475369453430176,0.5356385111808777,0.4300169348716736,-0.25445786118507385,0.8876667618751526,0.5265516638755798,0.43810921907424927,-0.1982838362455368,0.9425094723701477,0.5353554487228394,0.4290549159049988,-0.22345349192619324,0.8522946834564209,0.5235283970832825,0.43711453676223755,-0.17172278463840485,0.9116231799125671,0.5308277010917664,0.557654082775116,0.03286193311214447,0.9986956119537354,0.4953535795211792,0.5616004467010498,-0.03290700539946556,0.9982393383979797,0.5304887890815735,0.7051184773445129,0.016843805089592934,0.9235076308250427,0.49790719151496887,0.7087715864181519,-0.03215542063117027,0.9785907864570618,0.5255746841430664,0.8252779841423035,0.17947903275489807,0.9355085492134094,0.49937704205513,0.8360718488693237,0.11482324451208115,0.9700412750244141,0.5181470513343811,0.8353751301765442,0.1900329291820526,0.8676357269287109,0.4976450502872467,0.847722053527832,0.12467820942401886,0.8011343479156494,0.5357078313827515,0.8748783469200134,0.10014975816011429,0.9480161070823669,0.513813316822052,0.8824108839035034,0.019489796832203865,0.9634977579116821
2099.999999999998,0.5224971175193787,0.31120023131370544,-0.1739594042301178,0.9999669790267944,0.5241096019744873,0.29779672622680664,-0.15809011459350586,0.9999523758888245,0.5258066058158875,0.29782232642173767,-0.15810704231262207,0.9999345541000366,0.5270776152610779,0.2976599633693695,-0.15811321139335632,0.9999328851699829,0.5182018280029297,0.29640093445777893,-0.16915203630924225,0.9999471306800842,0.5150887370109558,0.2954823672771454,-0.16916021704673767,0.9999373555183411,0.5119423270225525,0.29465001821517944,-0.16917076706886292,0.9999468326568604,0.5251156091690063,0.3004845976829529,-0.05535149201750755,0.999840259552002,0.5033907294273376,0.29890671372413635,-0.10605107247829437,0.999951958656311,0.5242196321487427,0.32326263189315796,-0.13374629616737366,0.9999697208404541,0.5169666409492493,0.32200297713279724,-0.1485096514225006,0.9999799132347107,0.5377622246742249,0.3700724244117737,0.02671731449663639,0.9998844861984253,0.48149287700653076,0.3732893168926239,-0.06620079278945923,0.9999173879623413,0.5585947036743164,0.4681586027145386,-0.024498818442225456,0.9206534028053284,0.4683539569377899,0.4762926399707794,-0.09730653464794159,0.9908931851387024,0.5420831441879272,0.4474608898162842,-0.21754437685012817,0.9435229301452637,0.5156124830245972,0.45577090978622437,-0.17164255678653717,0.9787566065788269,0.5376389026641846,0.44577154517173767,-0.25479856133461,0.8898427486419678,0.5267178416252136,0.4525088667869568,-0.19616056978702545,0.9471431374549866,0.5354779362678528,0.4297839403152466,-0.25263816118240356,0.8903011679649353,0.5264350771903992,0.43794330954551697,-0.19784285128116608,0.9420591592788696,0.5352094173431396,0.42889270186424255,-0.22151651978492737,0.8552510142326355,0.5234096050262451,0.43694114685058594,-0.17139610648155212,0.9108023047447205,0.5308188796043396,0.5576315522193909,0.032437048852443695,0.9987248778343201,0.4952182471752167,0.5615813732147217,-0.032479897141456604,0.9982571601867676,0.5304247736930847,0.7050533890724182,0.01774914190173149,0.9253329634666443,0.4978746175765991,0.708766758441925,-0.032024916261434555,0.9782505035400391,0.525567352771759,0.8249648213386536,0.1797587126493454,0.935985803604126,0.4993749260902405,0.8357453942298889,0.11482211947441101,0.9696564078330994,0.518153727054596,0.8350500464439392,0.1901434361934662,0.8664061427116394,0.49765634536743164,0.8473343849182129,0.1243872195482254,0.7988035082817078,0.5355943441390991,0.8747991919517517,0.10037268698215485,0.9480046033859253,0.5135732293128967,0.8820164799690247,0.01858365722000599,0.9630178809165955
2133.3333333333317,0.5223715901374817,0.31119078397750854,-0.17205165326595306,0.9999667406082153,0.5240122079849243,0.2978047728538513,-0.15620970726013184,0.9999521374702454,0.5257123112678528,0.2978336811065674,-0.15622781217098236,0.9999342560768127,0.5269894003868103,0.29767537117004395,-0.1562352031469345,0.9999329447746277,0.5181175470352173,0.29640763998031616,-0.16732746362686157,0.9999465942382812,0.5150125622749329,0.29548391699790955,-0.16733545064926147,0.9999366402626038,0.5118680000305176,0.2946491539478302,-0.1673455387353897,0.9999462366104126,0.5250702500343323,0.30047807097435,-0.053696002811193466,0.9998429417610168,0.5032979249954224,0.2988970875740051,-0.10462015122175217,0.9999508857727051,0.52410489320755,0.3232574462890625,-0.13191117346286774,0.9999703168869019,0.5168527364730835,0.3219999074935913,-0.14674274623394012,0.9999800324440002,0.5377939939498901,0.37019219994544983,0.026836421340703964,0.99988853931427,0.48127612471580505,0.37329837679862976,-0.06452739238739014,0.9999156594276428,0.5587372183799744,0.4683753550052643,-0.024178259074687958,0.9240809679031372,0.4682381749153137,0.4761303961277008,-0.09661931544542313,0.990580677986145,0.541985809803009,0.44735005497932434,-0.2164451628923416,0.945344865322113,0.515369176864624,0.4555831253528595,-0.17125102877616882,0.978367030620575,0.5375080108642578,0.44546207785606384,-0.2536846101284027,0.892306923866272,0.5265405178070068,0.45223429799079895,-0.19597141444683075,0.9464859366416931,0.5353297591209412,0.4295489490032196,-0.2516600787639618,0.8926863670349121,0.5262612700462341,0.43763267993927,-0.19769158959388733,0.941338062286377,0.5350650548934937,0.4287279546260834,-0.2203543484210968,0.8579415082931519,0.5232375860214233,0.43667030334472656,-0.17107383906841278,0.9096122980117798,0.5307508707046509,0.55755215883255,0.03188668191432953,0.9987585544586182,0.49491626024246216,0.5614498257637024,-0.03192736953496933,0.9982767701148987,0.5302953124046326,0.7048875689506531,0.016035450622439384,0.9270156025886536,0.49778321385383606,0.7086639404296875,-0.03254597261548042,0.9778102040290833,0.5255524516105652,0.8247768878936768,0.17938558757305145,0.9363381862640381,0.4993554949760437,0.8355206251144409,0.11532428860664368,0.9690392017364502,0.5181522965431213,0.8348215818405151,0.1901562362909317,0.8646942973136902,0.4976564645767212,0.8470645546913147,0.12500938773155212,0.7959299683570862,0.5354105234146118,0.8747642040252686,0.09958262741565704,0.9478310942649841,0.513317883014679,0.8816691040992737,0.0191996768116951,0.962307333946228
2166.666666666665,0.5222230553627014,0.31118279695510864,-0.17153123021125793,0.9999669194221497,0.5239093899726868,0.29781416058540344,-0.1556703746318817,0.9999523758888245,0.5256194472312927,0.2978457808494568,-0.15568874776363373,0.9999345541000366,0.5269066691398621,0.2976921498775482,-0.1556963473558426,0.9999335408210754,0.5180080533027649,0.2964165210723877,-0.16676875948905945,0.999946653842926,0.5149086117744446,0.2954888939857483,-0.16677670180797577,0.9999366998672485,0.51176518201828,0.2946522533893585,-0.16678687930107117,0.9999463558197021,0.525046706199646,0.30047693848609924,-0.052917733788490295,0.9998467564582825,0.5032190084457397,0.2988874018192291,-0.10374399274587631,0.9999504089355469,0.5239782929420471,0.3232528865337372,-0.13127784430980682,0.9999711513519287,0.5167042016983032,0.3219963610172272,-0.1460888832807541,0.9999803900718689,0.5378133058547974,0.3703154921531677,0.026961002498865128,0.9998924732208252,0.48114532232284546,0.37327641248703003,-0.06292625516653061,0.9999144673347473,0.5588368773460388,0.46863317489624023,-0.023956893011927605,0.9274894595146179,0.46817561984062195,0.4757827818393707,-0.09611508250236511,0.9903253316879272,0.5418713092803955,0.44713908433914185,-0.21529270708560944,0.9472380876541138,0.5150160193443298,0.45534542202949524,-0.1751035749912262,0.9781057834625244,0.537382185459137,0.4449159502983093,-0.25256896018981934,0.8949376940727234,0.5262714624404907,0.45197680592536926,-0.20054391026496887,0.946060299873352,0.535173237323761,0.42908602952957153,-0.2505597472190857,0.8952335119247437,0.5259964466094971,0.4373747408390045,-0.20191805064678192,0.9408611059188843,0.5349116921424866,0.42847558856010437,-0.21913747489452362,0.8608297109603882,0.5229783058166504,0.4364388585090637,-0.17492295801639557,0.9087661504745483,0.530727744102478,0.5575451254844666,0.031111083924770355,0.9987917542457581,0.4947616457939148,0.5614539980888367,-0.031149445101618767,0.9983028173446655,0.5301863551139832,0.7047669887542725,0.015041431412100792,0.9293188452720642,0.4976070523262024,0.7086925506591797,-0.03244549408555031,0.9776102304458618,0.5256385803222656,0.8246451020240784,0.18087631464004517,0.9372311234474182,0.49935436248779297,0.8355005979537964,0.11867032200098038,0.968920111656189,0.5185386538505554,0.8344919681549072,0.19265857338905334,0.8638677597045898,0.49776649475097656,0.8469340205192566,0.1286441534757614,0.7949779033660889,0.5353602766990662,0.8745502233505249,0.1003139391541481,0.9481682777404785,0.5132132768630981,0.8816038966178894,0.021764326840639114,0.9621233940124512
2199.9999999999986,0.522082507610321,0.31117838621139526,-0.17608408629894257,0.9999669194221497,0.5238288044929504,0.2978113293647766,-0.1599612534046173,0.9999523758888245,0.5255521535873413,0.2978440821170807,-0.15997770428657532,0.9999345541000366,0.5268478989601135,0.29769253730773926,-0.15998487174510956,0.9999337196350098,0.517903745174408,0.2964138984680176,-0.17096886038780212,0.9999467134475708,0.5148053765296936,0.2954866290092468,-0.17097972333431244,0.9999367594718933,0.5116640329360962,0.2946479320526123,-0.17099301517009735,0.9999465346336365,0.5250438451766968,0.3004712462425232,-0.05565100163221359,0.9998493194580078,0.5031692385673523,0.29883548617362976,-0.10602768510580063,0.9999501705169678,0.5238789916038513,0.32324859499931335,-0.13523319363594055,0.9999716877937317,0.5165697336196899,0.321992963552475,-0.1499066948890686,0.999980628490448,0.5378760099411011,0.3705574870109558,0.025834931060671806,0.9998943209648132,0.4810473322868347,0.3732757866382599,-0.06363096833229065,0.9999130964279175,0.5589038729667664,0.4688197076320648,-0.025520509108901024,0.929957926273346,0.46814781427383423,0.4755294919013977,-0.09837432205677032,0.990115761756897,0.541810154914856,0.447133868932724,-0.2174752652645111,0.9481804370880127,0.5149645209312439,0.4551655650138855,-0.178386852145195,0.9777896404266357,0.5372496843338013,0.44486093521118164,-0.2546944320201874,0.8958596587181091,0.5262042284011841,0.45177167654037476,-0.20386770367622375,0.9454338550567627,0.5350046157836914,0.42905259132385254,-0.25252410769462585,0.8960626125335693,0.5259146690368652,0.4373035430908203,-0.20522615313529968,0.9401676654815674,0.5347744226455688,0.4284473955631256,-0.2212742120027542,0.8615993857383728,0.5229139924049377,0.43638327717781067,-0.1781391203403473,0.9076067805290222,0.5306764245033264,0.5575305223464966,0.031030498445034027,0.9988077878952026,0.49452537298202515,0.5614414811134338,-0.031072190031409264,0.9983133673667908,0.5300920605659485,0.704752504825592,0.01585431955754757,0.9314555525779724,0.49746331572532654,0.7087832093238831,-0.03237903118133545,0.9775954484939575,0.5257436633110046,0.8246078491210938,0.18325117230415344,0.9382364153862,0.4993543028831482,0.8355678915977478,0.11937540024518967,0.9689924120903015,0.518903911113739,0.8343971967697144,0.1953556388616562,0.863027036190033,0.4979458451271057,0.8469971418380737,0.12929688394069672,0.7943364977836609,0.5353586077690125,0.8743858933448792,0.10142941027879715,0.9485512971878052,0.513081431388855,0.8816100358963013,0.021425558254122734,0.9621191024780273
2233.333333333332,0.5219132900238037,0.3111634850502014,-0.17831915616989136,0.9999667406082153,0.5237249135971069,0.2978087365627289,-0.1621353179216385,0.9999520182609558,0.5254733562469482,0.2978416085243225,-0.16215144097805023,0.9999340772628784,0.5267835855484009,0.29769060015678406,-0.16215650737285614,0.9999334216117859,0.5177692174911499,0.29640692472457886,-0.17302487790584564,0.9999463558197021,0.5146671533584595,0.2954777777194977,-0.17303624749183655,0.9999364018440247,0.5115247964859009,0.294634610414505,-0.17305120825767517,0.9999462962150574,0.5250421166419983,0.3004665672779083,-0.057646531611680984,0.9998505115509033,0.5031091570854187,0.29877200722694397,-0.10747138410806656,0.9999493360519409,0.5237650871276855,0.32324573397636414,-0.13747507333755493,0.9999719858169556,0.5164039731025696,0.3219808340072632,-0.15199440717697144,0.9999806880950928,0.5379059910774231,0.3708433508872986,0.023883400484919548,0.9998950958251953,0.48096951842308044,0.37329941987991333,-0.06432165205478668,0.9999110698699951,0.5589004158973694,0.46886518597602844,-0.02754618413746357,0.9321677684783936,0.4681248962879181,0.47537949681282043,-0.10052875429391861,0.9899017810821533,0.5417875647544861,0.44712311029434204,-0.21925806999206543,0.9490649700164795,0.5148958563804626,0.4550526738166809,-0.18309225142002106,0.9775015711784363,0.5371981859207153,0.4448015093803406,-0.2564086318016052,0.8967582583427429,0.5261277556419373,0.4516691565513611,-0.20882438123226166,0.9448981285095215,0.5349525809288025,0.42902204394340515,-0.25452920794487,0.8968925476074219,0.5258437395095825,0.4372802972793579,-0.21013997495174408,0.9395777583122253,0.5347330570220947,0.42842328548431396,-0.22316093742847443,0.8623436093330383,0.5228396058082581,0.43635469675064087,-0.18290342390537262,0.9066001772880554,0.530649721622467,0.557530403137207,0.03076820634305477,0.9988144040107727,0.4944046139717102,0.5614755749702454,-0.03081272728741169,0.998316764831543,0.5300803184509277,0.7047500014305115,0.01653403416275978,0.9336151480674744,0.49741142988204956,0.7089586853981018,-0.031187118962407112,0.9777042269706726,0.5258256793022156,0.8245773911476135,0.1844150424003601,0.939402163028717,0.49933233857154846,0.835632860660553,0.11974231898784637,0.9693580269813538,0.5192052125930786,0.8343678712844849,0.19643805921077728,0.8625821471214294,0.49803677201271057,0.8471089005470276,0.12941978871822357,0.7948240637779236,0.5353581309318542,0.8742755651473999,0.10169019550085068,0.9491406679153442,0.512793779373169,0.8816303610801697,0.02078036591410637,0.9624524712562561
2266.6666666666656,0.5218096375465393,0.31114956736564636,-0.17797864973545074,0.9999662041664124,0.5236479043960571,0.2977956235408783,-0.16181638836860657,0.999951183795929,0.5254085063934326,0.2978287935256958,-0.16183339059352875,0.9999330043792725,0.5267271399497986,0.2976791262626648,-0.16183699667453766,0.9999325275421143,0.5176747441291809,0.2963990271091461,-0.1728522628545761,0.9999454021453857,0.5145653486251831,0.29547014832496643,-0.1728632003068924,0.9999353289604187,0.5114189386367798,0.2946249842643738,-0.17287634313106537,0.9999454617500305,0.5250350832939148,0.30045753717422485,-0.057449545711278915,0.9998509287834167,0.5030638575553894,0.2987304627895355,-0.1071275845170021,0.9999479055404663,0.523702085018158,0.3232402801513672,-0.137185201048851,0.9999720454216003,0.5163224339485168,0.3219742476940155,-0.1518554389476776,0.9999805688858032,0.5379592180252075,0.37102949619293213,0.02418421022593975,0.9998958706855774,0.48084336519241333,0.37332743406295776,-0.06410946696996689,0.9999088048934937,0.558833658695221,0.4688670337200165,-0.027417117729783058,0.9342312216758728,0.46810272336006165,0.47521719336509705,-0.09983333945274353,0.9896278381347656,0.541767954826355,0.4470444917678833,-0.21920710802078247,0.9499110579490662,0.5148981809616089,0.4550347924232483,-0.18381592631340027,0.977149248123169,0.5371939539909363,0.4446975588798523,-0.25639840960502625,0.8976881504058838,0.5261267423629761,0.451652467250824,-0.209817573428154,0.9442672729492188,0.5349553227424622,0.4287653863430023,-0.2545364201068878,0.8977684378623962,0.5258447527885437,0.4372381269931793,-0.2111865133047104,0.9388925433158875,0.5347322225570679,0.4282001256942749,-0.2231556624174118,0.8631433844566345,0.5228329300880432,0.43630996346473694,-0.18374428153038025,0.9054478406906128,0.530599057674408,0.5575054883956909,0.030070627108216286,0.9988188743591309,0.4942324459552765,0.5614745616912842,-0.030109701678156853,0.9983162879943848,0.5300674438476562,0.7047387957572937,0.014733387157320976,0.9357866048812866,0.49731364846229553,0.7089598774909973,-0.030976923182606697,0.9777432680130005,0.5258344411849976,0.824590802192688,0.18329599499702454,0.9405199885368347,0.4993310570716858,0.8357222080230713,0.11905236542224884,0.9696356654167175,0.5193204283714294,0.8344181776046753,0.1953297108411789,0.8622206449508667,0.4981875717639923,0.8473789095878601,0.12856462597846985,0.7954098582267761,0.5353367924690247,0.8742512464523315,0.09927020221948624,0.9495943784713745,0.512340247631073,0.8816095590591431,0.02048637717962265,0.9626602530479431
2299.999999999999,0.5217366218566895,0.3111424148082733,-0.1753799468278885,0.9999656677246094,0.5235852003097534,0.29779309034347534,-0.15916414558887482,0.9999504685401917,0.5253525376319885,0.297826886177063,-0.15918101370334625,0.9999319911003113,0.5266751646995544,0.29767853021621704,-0.15918712317943573,0.9999316930770874,0.5176121592521667,0.29639968276023865,-0.170124351978302,0.9999447464942932,0.5144995450973511,0.2954712212085724,-0.17013534903526306,0.9999345541000366,0.511358380317688,0.29462626576423645,-0.17014966905117035,0.9999449253082275,0.5250236988067627,0.30045533180236816,-0.05470510199666023,0.9998510479927063,0.503046452999115,0.2987207770347595,-0.1044849082827568,0.9999470114707947,0.5236691832542419,0.3232370913028717,-0.13456471264362335,0.9999719858169556,0.5162792801856995,0.3219706118106842,-0.14914560317993164,0.9999804496765137,0.5380352735519409,0.3714008033275604,0.02639888972043991,0.9998949766159058,0.4807507395744324,0.3733420670032501,-0.06189054995775223,0.9999071955680847,0.5582153797149658,0.4692246615886688,-0.025320107117295265,0.9351925849914551,0.468103289604187,0.47507452964782715,-0.09974098950624466,0.9894048571586609,0.5417442917823792,0.4470358192920685,-0.21609152853488922,0.950057864189148,0.5148473978042603,0.4544614553451538,-0.1819741576910019,0.9769060015678406,0.5371879935264587,0.4442494511604309,-0.253125935792923,0.897523045539856,0.5260627269744873,0.4511053264141083,-0.20775768160820007,0.9437852501869202,0.535033106803894,0.4282830059528351,-0.25172460079193115,0.8975626826286316,0.5257594585418701,0.43654772639274597,-0.20905429124832153,0.9383478760719299,0.5347915291786194,0.4279991388320923,-0.22030706703662872,0.8626464009284973,0.5227167010307312,0.43577614426612854,-0.18186120688915253,0.9045610427856445,0.5305384993553162,0.5574606657028198,0.029832132160663605,0.9988083839416504,0.49415209889411926,0.5614705681800842,-0.02986445464193821,0.9983064532279968,0.5300318002700806,0.7046518921852112,0.015000042505562305,0.9375221729278564,0.4972962439060211,0.7089616060256958,-0.03093499317765236,0.9776382446289062,0.5258071422576904,0.824604332447052,0.18095280230045319,0.9413179755210876,0.49936655163764954,0.835797905921936,0.11829208582639694,0.9697011113166809,0.5193302035331726,0.834488570690155,0.19247707724571228,0.861617386341095,0.49837061762809753,0.8476618528366089,0.12742987275123596,0.7956002950668335,0.5352864861488342,0.8741953372955322,0.09625004976987839,0.9497693777084351,0.5120455026626587,0.8816097974777222,0.016833150759339333,0.9625902771949768
2333.3333333333326,0.5217298269271851,0.31107574701309204,-0.17607679963111877,0.9999653697013855,0.5235662460327148,0.29777389764785767,-0.1597791165113449,0.9999498724937439,0.5253263711929321,0.29781514406204224,-0.15979605913162231,0.9999310970306396,0.526644766330719,0.29767167568206787,-0.15980032086372375,0.9999308586120605,0.5175960063934326,0.2963733971118927,-0.17065948247909546,0.9999445080757141,0.5144899487495422,0.2954487204551697,-0.17067120969295502,0.9999343156814575,0.5113521814346313,0.29460906982421875,-0.1706867665052414,0.9999448657035828,0.5249961018562317,0.30045443773269653,-0.05522744730114937,0.9998501539230347,0.5030412673950195,0.29871228337287903,-0.10473151504993439,0.9999465346336365,0.5236679911613464,0.32320383191108704,-0.13531452417373657,0.9999718070030212,0.5162746906280518,0.3219165503978729,-0.14978669583797455,0.9999803900718689,0.538087785243988,0.371838241815567,0.02588716521859169,0.9998914003372192,0.48070183396339417,0.3733469247817993,-0.062342651188373566,0.9999061822891235,0.5575754642486572,0.46956589818000793,-0.025274667888879776,0.9354526996612549,0.4679996073246002,0.4750725030899048,-0.0994655042886734,0.9893895387649536,0.5417486429214478,0.44735604524612427,-0.21612334251403809,0.949596107006073,0.5146006941795349,0.45427531003952026,-0.18241839110851288,0.9769335389137268,0.5372230410575867,0.44458895921707153,-0.2531995475292206,0.8964166641235352,0.5260409712791443,0.4511009752750397,-0.20816873013973236,0.9438586235046387,0.5351775288581848,0.42848342657089233,-0.2520294785499573,0.8964636325836182,0.5257493257522583,0.4365425109863281,-0.20966441929340363,0.9384269714355469,0.5348853468894958,0.4281441569328308,-0.2204277366399765,0.8610791563987732,0.5226626992225647,0.4356778860092163,-0.1823519915342331,0.9045871496200562,0.5305082201957703,0.5574736595153809,0.029829664155840874,0.9987775087356567,0.4941158592700958,0.5614760518074036,-0.029861778020858765,0.998285174369812,0.5299279689788818,0.704643189907074,0.015268978662788868,0.9387159943580627,0.49729564785957336,0.7089604735374451,-0.030334824696183205,0.977642297744751,0.5257980823516846,0.8246243596076965,0.18092118203639984,0.9418389201164246,0.49940502643585205,0.8358650803565979,0.11766268312931061,0.9697625041007996,0.5193719267845154,0.8345739245414734,0.19229978322982788,0.8613698482513428,0.4984670877456665,0.8477864861488342,0.12649260461330414,0.7956036925315857,0.5352776050567627,0.8740548491477966,0.09677179157733917,0.9499161243438721,0.5119189023971558,0.8815675973892212,0.015267946757376194,0.9625282883644104
2366.666666666666,0.521740198135376,0.31096723675727844,-0.1742325723171234,0.9999642968177795,0.5235620141029358,0.2977350056171417,-0.15803098678588867,0.999948263168335,0.525312066078186,0.29778456687927246,-0.1580512821674347,0.9999290108680725,0.5266233086585999,0.2976473569869995,-0.15805596113204956,0.9999287724494934,0.517595648765564,0.2963521480560303,-0.16874392330646515,0.9999428987503052,0.5144923329353333,0.2954408526420593,-0.16875550150871277,0.9999324679374695,0.5113570094108582,0.2946063280105591,-0.16877306997776031,0.9999434351921082,0.5249501466751099,0.3004530370235443,-0.054380688816308975,0.9998465180397034,0.5030409693717957,0.298763632774353,-0.10346669703722,0.9999446272850037,0.5236828923225403,0.32312965393066406,-0.1339258998632431,0.9999710321426392,0.5162909626960754,0.32186058163642883,-0.1481972485780716,0.9999799132347107,0.5381666421890259,0.3721691370010376,0.025905173271894455,0.9998875260353088,0.48066604137420654,0.3733809292316437,-0.061665330082178116,0.9999039173126221,0.5566052794456482,0.47045212984085083,-0.023794563487172127,0.9346945285797119,0.467927485704422,0.47506752610206604,-0.09781186282634735,0.989282488822937,0.5417616963386536,0.44790709018707275,-0.21352031826972961,0.9488927721977234,0.514212429523468,0.453823059797287,-0.18071454763412476,0.976824164390564,0.5373361706733704,0.44481682777404785,-0.2506665289402008,0.8952054381370544,0.5258246064186096,0.45104292035102844,-0.20625220239162445,0.943697452545166,0.5355313420295715,0.4286005198955536,-0.25048255920410156,0.895327091217041,0.5255182385444641,0.4363967180252075,-0.2078777402639389,0.9382627010345459,0.5351368188858032,0.4282761216163635,-0.21832257509231567,0.8595214486122131,0.5223305821418762,0.4353850185871124,-0.18067924678325653,0.9043543934822083,0.5305028557777405,0.5575487613677979,0.029754923656582832,0.9987481236457825,0.49411267042160034,0.5614780187606812,-0.02978474646806717,0.9982603192329407,0.5298517942428589,0.7046403288841248,0.015809407457709312,0.9394853711128235,0.4972991645336151,0.7089585661888123,-0.03012101724743843,0.9774604439735413,0.5257984399795532,0.8246894478797913,0.18007393181324005,0.9421098232269287,0.49942171573638916,0.8358615040779114,0.11680779606103897,0.9695542454719543,0.5194507837295532,0.8346761465072632,0.19117572903633118,0.8607190251350403,0.4985061287879944,0.8477901816368103,0.1254875510931015,0.7942414283752441,0.5352762341499329,0.8740211725234985,0.09643299132585526,0.9498429894447327,0.5118175148963928,0.8813611268997192,0.0145883085206151,0.9621856212615967
2399.9999999999995,0.521830677986145,0.31095072627067566,-0.1582004874944687,0.9999624490737915,0.5235975384712219,0.2976999282836914,-0.14241905510425568,0.9999455213546753,0.5253194570541382,0.2977543771266937,-0.14244164526462555,0.9999257326126099,0.5266241431236267,0.29761818051338196,-0.1424478143453598,0.9999256730079651,0.5176352262496948,0.2963324785232544,-0.15309859812259674,0.9999393224716187,0.5145497918128967,0.2954292595386505,-0.153103768825531,0.9999279379844666,0.5114233493804932,0.2946033477783203,-0.15311270952224731,0.9999397397041321,0.5249485373497009,0.3004501461982727,-0.04158728942275047,0.9998416900634766,0.5030670762062073,0.29876789450645447,-0.09056981652975082,0.9999406933784485,0.5237570405006409,0.32312625646591187,-0.11891008168458939,0.9999699592590332,0.5163825154304504,0.3218543231487274,-0.13309034705162048,0.9999790787696838,0.5381900072097778,0.37252143025398254,0.03339788690209389,0.9998883605003357,0.4805493652820587,0.3735221028327942,-0.04851188883185387,0.9999024271965027,0.5553752183914185,0.472138911485672,-0.0175497867166996,0.9345040321350098,0.46812859177589417,0.4750653803348541,-0.08028949052095413,0.9892098903656006,0.5420494675636292,0.4486496150493622,-0.2087424099445343,0.9493643641471863,0.5141370892524719,0.45229724049568176,-0.1618446707725525,0.9769972562789917,0.5380675792694092,0.4448845088481903,-0.24666458368301392,0.8962749242782593,0.5258620977401733,0.4494297206401825,-0.18672055006027222,0.9441199898719788,0.5369370579719543,0.42863214015960693,-0.24725551903247833,0.8964719772338867,0.5254899859428406,0.4346831738948822,-0.18830405175685883,0.9387388825416565,0.5363473892211914,0.42832151055336,-0.2140166312456131,0.8608974814414978,0.5222464203834534,0.4337230622768402,-0.16186024248600006,0.9051094055175781,0.530505359172821,0.5571492314338684,0.02850799448788166,0.9987365007400513,0.49411898851394653,0.5612958669662476,-0.028516003862023354,0.9982482194900513,0.5298105478286743,0.7046413421630859,0.011008542031049728,0.9409404993057251,0.4973010718822479,0.7089189887046814,-0.031097402796149254,0.9772348403930664,0.5257822871208191,0.8250611424446106,0.17227311432361603,0.9427281618118286,0.49955040216445923,0.835780680179596,0.11301396042108536,0.9693337678909302,0.5194857120513916,0.8352487087249756,0.18310202658176422,0.8600153923034668,0.49886804819107056,0.8477506637573242,0.12156624346971512,0.7928182482719421,0.5349614024162292,0.8740255236625671,0.08860695362091064,0.9497829079627991,0.511250913143158,0.8809446096420288,0.011646310798823833,0.9618021249771118
2433.333333333333,0.5219241976737976,0.3108768165111542,-0.15687747299671173,0.9999606609344482,0.5236380696296692,0.2976122498512268,-0.1411398947238922,0.9999427199363708,0.5253304839134216,0.29766955971717834,-0.14116498827934265,0.9999228119850159,0.5266282558441162,0.29753345251083374,-0.1411716192960739,0.9999227523803711,0.5176692605018616,0.29628023505210876,-0.15140138566493988,0.9999349117279053,0.5145864486694336,0.29539963603019714,-0.15140479803085327,0.9999225735664368,0.5114570260047913,0.2945932149887085,-0.15141241252422333,0.9999347925186157,0.5249537229537964,0.3004182279109955,-0.0398961640894413,0.9998387694358826,0.5031098127365112,0.29877161979675293,-0.08696188032627106,0.9999353885650635,0.5238358974456787,0.3230615258216858,-0.1173626184463501,0.9999690651893616,0.516474187374115,0.3217669129371643,-0.13099530339241028,0.9999780654907227,0.5382398962974548,0.3725354075431824,0.03484228998422623,0.999891996383667,0.48051005601882935,0.3736150860786438,-0.04381393641233444,0.9998998641967773,0.5542688965797424,0.4741247594356537,-0.012523801065981388,0.935325562953949,0.46854087710380554,0.47509217262268066,-0.07929173111915588,0.9890905022621155,0.5427495837211609,0.45233801007270813,-0.2000955194234848,0.9510387778282166,0.5139658451080322,0.45028677582740784,-0.16394580900669098,0.9772612452507019,0.539009690284729,0.44701045751571655,-0.2378920018672943,0.8996257781982422,0.5259420871734619,0.44832250475883484,-0.1868690848350525,0.9448504447937012,0.5381506085395813,0.4309825897216797,-0.2397390455007553,0.899901270866394,0.5254754424095154,0.4329965114593506,-0.18861350417137146,0.9395629167556763,0.53750079870224,0.4305541217327118,-0.20565442740917206,0.86512291431427,0.5221458673477173,0.43182119727134705,-0.16323399543762207,0.9063802361488342,0.5305091142654419,0.5570498704910278,0.027623577043414116,0.9987315535545349,0.49412786960601807,0.561291515827179,-0.027619607746601105,0.9982314109802246,0.5298088192939758,0.7046934366226196,0.008378720842301846,0.942620575428009,0.49730128049850464,0.7089322209358215,-0.032165780663490295,0.9771125316619873,0.5257774591445923,0.8254362344741821,0.16940756142139435,0.9436705708503723,0.49961942434310913,0.8357506394386292,0.11067389696836472,0.9691661596298218,0.5196534991264343,0.8354899287223816,0.180207297205925,0.859329879283905,0.49903738498687744,0.8476788401603699,0.11922579258680344,0.7912789583206177,0.5347126722335815,0.874113142490387,0.08501296490430832,0.9499953389167786,0.5111148953437805,0.8809144496917725,0.009195270016789436,0.9614760279655457
2466.6666666666665,0.5220151543617249,0.3104846775531769,-0.15483815968036652,0.9999579191207886,0.5236866474151611,0.29737767577171326,-0.1388111263513565,0.9999383687973022,0.5253481268882751,0.29747432470321655,-0.13883709907531738,0.9999178051948547,0.526637852191925,0.297370970249176,-0.1388423889875412,0.9999176263809204,0.5177037119865417,0.29596567153930664,-0.14902900159358978,0.9999290108680725,0.514624297618866,0.2951241135597229,-0.14903248846530914,0.9999155402183533,0.511493980884552,0.2943558692932129,-0.14904172718524933,0.9999285340309143,0.5249744057655334,0.300348699092865,-0.03668385371565819,0.9998310208320618,0.5031700730323792,0.2986009418964386,-0.08358275890350342,0.9999290108680725,0.5238980054855347,0.322613000869751,-0.11507981270551682,0.9999674558639526,0.5165078639984131,0.3210408091545105,-0.12864384055137634,0.9999766945838928,0.5382429361343384,0.37250441312789917,0.03812680393457413,0.9998937845230103,0.48051175475120544,0.3735395669937134,-0.041258882731199265,0.9998974204063416,0.5530955791473389,0.47456008195877075,-0.005971676204353571,0.9345117211341858,0.4691418409347534,0.47500112652778625,-0.07680613547563553,0.988981306552887,0.5432244539260864,0.4541877508163452,-0.19341105222702026,0.951661229133606,0.5139337182044983,0.44842660427093506,-0.16541774570941925,0.9774291515350342,0.5399866700172424,0.448688268661499,-0.23136408627033234,0.9013423919677734,0.5263630151748657,0.447409987449646,-0.19002705812454224,0.9453893303871155,0.5391857028007507,0.43336769938468933,-0.23424598574638367,0.9017482995986938,0.5257890820503235,0.43245670199394226,-0.19181887805461884,0.9401868581771851,0.5384673476219177,0.4329437017440796,-0.19945140182971954,0.8673995733261108,0.5222770571708679,0.43110954761505127,-0.16530971229076385,0.9073920249938965,0.530535101890564,0.5569769144058228,0.02758066914975643,0.9987115263938904,0.49422597885131836,0.561212420463562,-0.027573000639677048,0.9982038736343384,0.5298244953155518,0.7047722339630127,0.007437427062541246,0.9438940286636353,0.49733594059944153,0.7089313268661499,-0.03394617885351181,0.9769208431243896,0.5257784128189087,0.8258048892021179,0.1696101576089859,0.9443702697753906,0.49976399540901184,0.835726261138916,0.10932605713605881,0.9689438939094543,0.5197616815567017,0.8356400728225708,0.18047380447387695,0.8586903810501099,0.4992634356021881,0.8476290702819824,0.11794481426477432,0.7899932861328125,0.534659206867218,0.874196469783783,0.08520176261663437,0.9500272870063782,0.5111188292503357,0.8809379935264587,0.007577237673103809,0.9610673189163208
2500.0,0.5220605134963989,0.3099256157875061,-0.14027716219425201,0.9999476075172424,0.523697555065155,0.29702797532081604,-0.12378276139497757,0.9999234676361084,0.5253502130508423,0.2971765995025635,-0.12381819635629654,0.9998990297317505,0.5266382694244385,0.2971230447292328,-0.12382183969020844,0.9998973608016968,0.5177080631256104,0.29546070098876953,-0.1346638947725296,0.9999106526374817,0.5146310925483704,0.29465779662132263,-0.13466885685920715,0.9998944997787476,0.5115011930465698,0.29392990469932556,-0.13468267023563385,0.9999110698699951,0.5249810814857483,0.3001813292503357,-0.021220630034804344,0.999792218208313,0.5031947493553162,0.2983153164386749,-0.07042114436626434,0.9999145269393921,0.5239107608795166,0.321938693523407,-0.10045051574707031,0.9999597668647766,0.51651531457901,0.32018688321113586,-0.11461647599935532,0.9999715685844421,0.5380280017852783,0.37223631143569946,0.05396946892142296,0.9998829960823059,0.48057490587234497,0.3733822703361511,-0.03545311465859413,0.9998921155929565,0.5497105121612549,0.4729692041873932,0.010594042018055916,0.9208918809890747,0.470533549785614,0.4747247099876404,-0.0572078675031662,0.9888691306114197,0.543181836605072,0.45534253120422363,-0.1778794378042221,0.9431228637695312,0.5144367218017578,0.44489240646362305,-0.11484692245721817,0.9771484732627869,0.5404811501502991,0.45177215337753296,-0.21577925980091095,0.8910350799560547,0.527328610420227,0.44559553265571594,-0.13699285686016083,0.9449015855789185,0.5398737788200378,0.43753859400749207,-0.2202875316143036,0.8918921947479248,0.5267471075057983,0.43084093928337097,-0.14023812115192413,0.939731240272522,0.5389821529388428,0.43660491704940796,-0.18526622653007507,0.8566120266914368,0.523185670375824,0.42914456129074097,-0.11498625576496124,0.9071707725524902,0.5305460095405579,0.5569928884506226,0.02777743898332119,0.9986434578895569,0.4943517744541168,0.5612623691558838,-0.027737131342291832,0.9981313943862915,0.5298411846160889,0.7048000693321228,0.008332008495926857,0.9438857436180115,0.4973340630531311,0.7089874744415283,-0.03563971444964409,0.9765070676803589,0.5257715582847595,0.8260143995285034,0.16991473734378815,0.9440648555755615,0.4997859299182892,0.8357325792312622,0.10717442631721497,0.968255877494812,0.5197261571884155,0.8357051610946655,0.18068905174732208,0.857219398021698,0.49930065870285034,0.8476477265357971,0.1157875582575798,0.7874168753623962,0.5346583127975464,0.8742189407348633,0.08635415881872177,0.9493393898010254,0.5111487507820129,0.88105708360672,0.005663077812641859,0.9602369666099548
2533.3333333333335,0.5221494436264038,0.3093165159225464,-0.13969914615154266,0.9999368190765381,0.5237348675727844,0.296554297208786,-0.12323246151208878,0.9999082088470459,0.5253646373748779,0.296752393245697,-0.12326989322900772,0.9998801946640015,0.5266464948654175,0.29674938321113586,-0.12327393889427185,0.9998766183853149,0.517736554145813,0.29487964510917664,-0.134099081158638,0.9998913407325745,0.5146694779396057,0.29413309693336487,-0.13410530984401703,0.9998724460601807,0.5115419030189514,0.293450266122818,-0.13412122428417206,0.9998927712440491,0.524989664554596,0.2998652458190918,-0.020276803523302078,0.9997504353523254,0.5032423138618469,0.2979462742805481,-0.0692497193813324,0.9999006390571594,0.5239683985710144,0.3212505877017975,-0.09964760392904282,0.9999513030052185,0.5165543556213379,0.31943413615226746,-0.11373266577720642,0.9999661445617676,0.5379678010940552,0.3716776967048645,0.05694998428225517,0.9998727440834045,0.48066651821136475,0.37317386269569397,-0.03605112060904503,0.9998878240585327,0.5479204654693604,0.4701531231403351,0.015073362737894058,0.9048973321914673,0.47151607275009155,0.47452855110168457,-0.05323057621717453,0.9889318943023682,0.5431738495826721,0.45603129267692566,-0.1735749989748001,0.9335935115814209,0.5161030292510986,0.4419371783733368,-0.10159042477607727,0.9769736528396606,0.5415008664131165,0.4540984332561493,-0.2115529626607895,0.8800464868545532,0.5288808345794678,0.44393065571784973,-0.1230185478925705,0.9444535374641418,0.540886640548706,0.4401549696922302,-0.21728990972042084,0.8814004063606262,0.5286126136779785,0.4295324385166168,-0.12615761160850525,0.9392976760864258,0.5397549867630005,0.43900129199028015,-0.1816273331642151,0.8452903628349304,0.5251131653785706,0.42783185839653015,-0.10147139430046082,0.9070000648498535,0.5305720567703247,0.5570260882377625,0.028442133218050003,0.9985807538032532,0.4945160448551178,0.5613008737564087,-0.028370048850774765,0.9980680346488953,0.5298478603363037,0.7048742175102234,0.009063110686838627,0.9436526894569397,0.49733462929725647,0.7094085216522217,-0.03589411824941635,0.9761934280395508,0.5257937908172607,0.8262727856636047,0.17090632021427155,0.9438009858131409,0.49982836842536926,0.8358373045921326,0.10690221190452576,0.9676457643508911,0.5198357105255127,0.8358892202377319,0.18171948194503784,0.856472373008728,0.49940356612205505,0.8477527499198914,0.1156034991145134,0.7850068211555481,0.5346584320068359,0.8742518424987793,0.08752216398715973,0.9487219452857971,0.5111848711967468,0.8812156319618225,0.005710150580853224,0.9594938158988953
2566.666666666667,0.5221954584121704,0.3087117373943329,-0.13756223022937775,0.9999262094497681,0.5237939953804016,0.2960888743400574,-0.12105007469654083,0.9998937845230103,0.5254136919975281,0.29634344577789307,-0.12108845263719559,0.9998621344566345,0.5267053246498108,0.2963877022266388,-0.12109284847974777,0.9998565912246704,0.5177536606788635,0.2943543791770935,-0.1316101849079132,0.999872088432312,0.5146953463554382,0.29369255900382996,-0.13161517679691315,0.9998499751091003,0.5115687847137451,0.2930760979652405,-0.13162963092327118,0.9998744130134583,0.5250917077064514,0.2996828854084015,-0.017821496352553368,0.9997079372406006,0.5032771825790405,0.2977181375026703,-0.06544530391693115,0.9998869299888611,0.5240532159805298,0.3208093047142029,-0.0974518358707428,0.9999423027038574,0.5165799260139465,0.318917453289032,-0.11112610250711441,0.9999606609344482,0.5379422903060913,0.37163710594177246,0.059487439692020416,0.999862551689148,0.48076289892196655,0.37304407358169556,-0.032278873026371,0.9998835325241089,0.5466783046722412,0.4673858880996704,0.014999925158917904,0.8884375691413879,0.47205573320388794,0.4742744266986847,-0.04715188592672348,0.9888619184494019,0.54316246509552,0.45573875308036804,-0.17684538662433624,0.9246110320091248,0.5170279741287231,0.4406973719596863,-0.09297309815883636,0.9766730666160583,0.5423789620399475,0.45451512932777405,-0.21524450182914734,0.8700333833694458,0.5294886231422424,0.44138363003730774,-0.11364922672510147,0.9437882304191589,0.5416109561920166,0.43949979543685913,-0.22057928144931793,0.8718339800834656,0.5290632843971252,0.4274781048297882,-0.11706278473138809,0.9386583566665649,0.540327250957489,0.4386026859283447,-0.1848643273115158,0.8350866436958313,0.525779664516449,0.4267014265060425,-0.09286987781524658,0.9066509008407593,0.5305771231651306,0.5569363236427307,0.028926391154527664,0.9985237717628479,0.49477121233940125,0.5612243413925171,-0.02883920632302761,0.9980093836784363,0.5298482775688171,0.704704761505127,0.009580141864717007,0.9424219131469727,0.49746304750442505,0.7089347243309021,-0.03722657263278961,0.9755513668060303,0.5257975459098816,0.8264057636260986,0.16905978322029114,0.9428238272666931,0.4998835623264313,0.8357342481613159,0.10397762805223465,0.9666162133216858,0.5199005603790283,0.8361420631408691,0.1795325130224228,0.8540984988212585,0.4994772970676422,0.8476623892784119,0.11261095106601715,0.7811477184295654,0.5346211791038513,0.874335527420044,0.08621542900800705,0.9474360942840576,0.5111835598945618,0.8812149167060852,0.0033486548345535994,0.9583190679550171
2600.0000000000005,0.5222061276435852,0.3081815838813782,-0.1346479058265686,0.9999158978462219,0.5238288640975952,0.29566097259521484,-0.11756865680217743,0.9998795986175537,0.525455117225647,0.29597461223602295,-0.11761163920164108,0.9998453855514526,0.526770830154419,0.29606717824935913,-0.11761832982301712,0.9998382329940796,0.517754852771759,0.2938719689846039,-0.12682664394378662,0.9998522400856018,0.5146974921226501,0.29326993227005005,-0.12682780623435974,0.9998278021812439,0.5115707516670227,0.2927006185054779,-0.12683895230293274,0.9998546242713928,0.5252216458320618,0.299508661031723,-0.013448197394609451,0.9996707439422607,0.50328528881073,0.29742002487182617,-0.0551171749830246,0.9998693466186523,0.5240964293479919,0.3204047977924347,-0.09445314109325409,0.9999302625656128,0.516578197479248,0.3184572756290436,-0.10643553733825684,0.9999529123306274,0.5379012227058411,0.37078869342803955,0.060599617660045624,0.9998571872711182,0.48097357153892517,0.37270253896713257,-0.02418658323585987,0.9998713731765747,0.5448950529098511,0.4571143686771393,0.026017457246780396,0.8769225478172302,0.47240903973579407,0.4738735556602478,-0.0549500435590744,0.9889060854911804,0.5443539023399353,0.4565489590167999,-0.14750656485557556,0.9214458465576172,0.5170828104019165,0.437541127204895,-0.11902406811714172,0.977253258228302,0.5462811589241028,0.4580745995044708,-0.18427954614162445,0.8677385449409485,0.5293727517127991,0.43531662225723267,-0.1419103592634201,0.9453082084655762,0.5450909733772278,0.44399896264076233,-0.19374650716781616,0.8698129653930664,0.5289276838302612,0.4221993088722229,-0.1446233093738556,0.9403935670852661,0.5430920124053955,0.4421459436416626,-0.15653161704540253,0.8337000012397766,0.5256433486938477,0.4228118360042572,-0.11905276030302048,0.9094465970993042,0.5305936336517334,0.5568824410438538,0.029028508812189102,0.9985235333442688,0.4950364828109741,0.5611640214920044,-0.02893202379345894,0.9979962110519409,0.5298779606819153,0.7046074867248535,0.006088653579354286,0.9423971176147461,0.4975876212120056,0.7087458372116089,-0.04010479897260666,0.9752760529518127,0.5258376002311707,0.8264221549034119,0.16412557661533356,0.94246506690979,0.4998856484889984,0.8356101512908936,0.09756116569042206,0.9659143090248108,0.5201185345649719,0.8362413644790649,0.17453080415725708,0.8528512120246887,0.4994785189628601,0.8475658893585205,0.10603924095630646,0.7758974432945251,0.5346502065658569,0.8743355870246887,0.08303578943014145,0.9463807940483093,0.5111883878707886,0.8811835646629333,-0.0016892515122890472,0.9571884274482727
2633.333333333334,0.5222683548927307,0.30768436193466187,-0.13758355379104614,0.9999168515205383,0.523928701877594,0.29529035091400146,-0.12052706629037857,0.9998815059661865,0.5255555510520935,0.29564106464385986,-0.12056905776262283,0.9998485445976257,0.5269148945808411,0.2957704961299896,-0.12057172507047653,0.9998410940170288,0.5177834033966064,0.29345566034317017,-0.12990707159042358,0.9998519420623779,0.5147277116775513,0.2928835451602936,-0.12990505993366241,0.9998274445533752,0.5116000175476074,0.29234805703163147,-0.12991052865982056,0.99985271692276,0.5254082679748535,0.2993279695510864,-0.015280821360647678,0.9996764063835144,0.5033225417137146,0.29714471101760864,-0.05798058211803436,0.9998682737350464,0.5242630839347839,0.3200273811817169,-0.09695832431316376,0.9999298453330994,0.5165994167327881,0.318052738904953,-0.10919705033302307,0.9999521970748901,0.5377978086471558,0.37022697925567627,0.062107596546411514,0.9998630285263062,0.4811464846134186,0.3725343346595764,-0.025057842954993248,0.999867856502533,0.5425025224685669,0.4561295509338379,0.032136354595422745,0.8720858693122864,0.4725719094276428,0.47386330366134644,-0.058514997363090515,0.9889358878135681,0.5463782548904419,0.4583646357059479,-0.14225196838378906,0.9237136840820312,0.5166797041893005,0.43565109372138977,-0.12136626988649368,0.9781104922294617,0.5498430728912354,0.4595191180706024,-0.17870360612869263,0.8722344040870667,0.5276138186454773,0.42857345938682556,-0.14512212574481964,0.9474878311157227,0.548843502998352,0.445463091135025,-0.18866463005542755,0.874410092830658,0.5266915559768677,0.41599732637405396,-0.1502733677625656,0.9428244233131409,0.5464996695518494,0.4439738094806671,-0.15133529901504517,0.8396041393280029,0.5239672064781189,0.41854962706565857,-0.11966846883296967,0.9132081866264343,0.5305991172790527,0.5565927028656006,0.0310001689940691,0.9985702633857727,0.49513038992881775,0.5610759258270264,-0.030917823314666748,0.9980345368385315,0.529880166053772,0.7046319842338562,0.011219131760299206,0.9433748722076416,0.4976135194301605,0.7087284922599792,-0.04009145498275757,0.9758411049842834,0.5259484052658081,0.826431155204773,0.1649457812309265,0.9438230395317078,0.4997600317001343,0.8355792760848999,0.09755399078130722,0.9664748907089233,0.5204314589500427,0.8363611698150635,0.17600427567958832,0.8558923602104187,0.4993025064468384,0.8475615382194519,0.10606510937213898,0.7759841680526733,0.5347272753715515,0.8743348121643066,0.08481089770793915,0.9472944736480713,0.5112093091011047,0.881141185760498,-0.0013609598390758038,0.9577600359916687
2666.6666666666674,0.5223338603973389,0.30701982975006104,-0.13903729617595673,0.9999195337295532,0.5240331292152405,0.29469192028045654,-0.12227322161197662,0.999885618686676,0.5256696939468384,0.29509687423706055,-0.12231370806694031,0.9998545050621033,0.5270920991897583,0.2953009307384491,-0.1223146915435791,0.9998469948768616,0.5178163647651672,0.2928544282913208,-0.13173657655715942,0.9998546242713928,0.5147570967674255,0.2923409044742584,-0.1317334771156311,0.9998303651809692,0.5116259455680847,0.29185959696769714,-0.13173864781856537,0.9998533129692078,0.5256024599075317,0.2990521192550659,-0.01793273165822029,0.9996896386146545,0.503362774848938,0.2968321740627289,-0.06137578561902046,0.9998688697814941,0.5244374871253967,0.3194941580295563,-0.09867337346076965,0.9999319911003113,0.5166277885437012,0.3175444006919861,-0.11110145598649979,0.999953031539917,0.5377983450889587,0.3700587749481201,0.05952538549900055,0.9998706579208374,0.4811549186706543,0.3725000023841858,-0.025619063526391983,0.9998663663864136,0.5422136783599854,0.45780208706855774,0.02769305743277073,0.8731414079666138,0.4726053476333618,0.47399476170539856,-0.05995376780629158,0.9889404773712158,0.5484822988510132,0.45857957005500793,-0.1489078849554062,0.9282402396202087,0.5154567956924438,0.4321487843990326,-0.13464368879795074,0.9791255593299866,0.5528919696807861,0.4588994085788727,-0.1852385401725769,0.8796417713165283,0.524967610836029,0.4220905005931854,-0.15961068868637085,0.9499890208244324,0.5517444014549255,0.44486531615257263,-0.1937679648399353,0.8817971348762512,0.5243237018585205,0.4108695983886719,-0.1644613891839981,0.9455689191818237,0.5491117835044861,0.4436206817626953,-0.157285675406456,0.8486968278884888,0.5218978524208069,0.4135747253894806,-0.13527539372444153,0.9173739552497864,0.530620276927948,0.5564283132553101,0.031056927517056465,0.9986270070075989,0.4951358735561371,0.5610684156417847,-0.03098153881728649,0.9980860948562622,0.5298994183540344,0.7047310471534729,0.012666256166994572,0.9448280930519104,0.49760377407073975,0.7088696360588074,-0.03964965417981148,0.976331353187561,0.5259445309638977,0.8264409899711609,0.16960005462169647,0.9451196789741516,0.49962297081947327,0.8355759382247925,0.10144667327404022,0.9667447805404663,0.5203812718391418,0.8363848328590393,0.1805175244808197,0.8582197427749634,0.49910256266593933,0.8475780487060547,0.11065753549337387,0.7760030627250671,0.5347298979759216,0.8743688464164734,0.09097885340452194,0.9482013583183289,0.5112239718437195,0.8811241388320923,0.005191227421164513,0.9581770896911621
2700.000000000001,0.5224010944366455,0.30668169260025024,-0.13789322972297668,0.9999216794967651,0.5241264700889587,0.2943308353424072,-0.12185755372047424,0.9998887181282043,0.5257629156112671,0.29475998878479004,-0.1218976154923439,0.9998588562011719,0.5272296667098999,0.2949995994567871,-0.12189951539039612,0.9998513460159302,0.517861008644104,0.2924625873565674,-0.13188615441322327,0.9998570084571838,0.5148049592971802,0.29194024205207825,-0.13188353180885315,0.9998329281806946,0.5116698741912842,0.29145339131355286,-0.13189062476158142,0.9998541474342346,0.5257353186607361,0.2988508343696594,-0.019337177276611328,0.9997005462646484,0.5033902525901794,0.296447217464447,-0.06480955332517624,0.9998695850372314,0.5245602130889893,0.31915703415870667,-0.09806177020072937,0.9999338984489441,0.516657829284668,0.3171985447406769,-0.11128173768520355,0.9999538660049438,0.5378113985061646,0.3696843683719635,0.05936098098754883,0.9998774528503418,0.4811544418334961,0.3723447024822235,-0.028608016669750214,0.9998675584793091,0.5432398319244385,0.4587664008140564,0.031210344284772873,0.8748143911361694,0.4727034568786621,0.4740585684776306,-0.0641440749168396,0.9890904426574707,0.5509376525878906,0.4580859839916229,-0.14112569391727448,0.9324310421943665,0.5133227109909058,0.4296247661113739,-0.15464676916599274,0.9803861975669861,0.5550829172134399,0.4585515558719635,-0.17598551511764526,0.8863609433174133,0.522194504737854,0.4198104739189148,-0.1803092211484909,0.953032374382019,0.5540473461151123,0.444189190864563,-0.18425294756889343,0.888472318649292,0.5216864347457886,0.4084930717945099,-0.18384723365306854,0.9488858580589294,0.5514209866523743,0.4430028200149536,-0.14919021725654602,0.8569106459617615,0.5192521810531616,0.410830557346344,-0.15569335222244263,0.9222776293754578,0.530680775642395,0.5560395121574402,0.031078459694981575,0.9986758232116699,0.4951411485671997,0.5608274936676025,-0.031007174402475357,0.9981381297111511,0.5299236178398132,0.7046065926551819,0.016576973721385002,0.9464017748832703,0.4975670576095581,0.7088685035705566,-0.0381305031478405,0.976768434047699,0.5259471535682678,0.8264369964599609,0.17296752333641052,0.9461684226989746,0.49953076243400574,0.8355830907821655,0.10374607145786285,0.9670889377593994,0.5204067826271057,0.8364238739013672,0.18361561000347137,0.8599485158920288,0.49902257323265076,0.8477162718772888,0.11301305890083313,0.7769449353218079,0.5347607135772705,0.8744139671325684,0.09531748294830322,0.9489759206771851,0.5112539529800415,0.8811278343200684,0.008710656315088272,0.9586897492408752
2733.3333333333344,0.5224310755729675,0.30633851885795593,-0.13444654643535614,0.9999255537986755,0.5242058634757996,0.29397010803222656,-0.11898387968540192,0.9998944401741028,0.5258433818817139,0.29442161321640015,-0.11902652680873871,0.9998665452003479,0.527354896068573,0.2946971654891968,-0.11903324723243713,0.9998593926429749,0.5178859233856201,0.2920439541339874,-0.1292608678340912,0.9998628497123718,0.5148321390151978,0.2915002107620239,-0.1292564570903778,0.9998393058776855,0.5116965174674988,0.2909960150718689,-0.12926046550273895,0.9998583197593689,0.525890052318573,0.298533171415329,-0.018674850463867188,0.9997180700302124,0.5034244656562805,0.2959587574005127,-0.06553170830011368,0.999873161315918,0.5245899558067322,0.3186851441860199,-0.09531736373901367,0.9999372959136963,0.5166601538658142,0.31675252318382263,-0.10890936851501465,0.9999557137489319,0.5378378629684448,0.369496613740921,0.06009993329644203,0.9998857975006104,0.4811544716358185,0.3718785345554352,-0.02741859294474125,0.9998697638511658,0.5438545346260071,0.45936837792396545,0.03209250420331955,0.8800191879272461,0.47299110889434814,0.4741753935813904,-0.06325630098581314,0.9891436696052551,0.5534952878952026,0.4556249678134918,-0.13927564024925232,0.9376886487007141,0.5121838450431824,0.4271070957183838,-0.15345771610736847,0.9816478490829468,0.5582054257392883,0.4549761712551117,-0.174025297164917,0.8948206901550293,0.5207033157348633,0.4172135889530182,-0.1785711944103241,0.9560821056365967,0.5570956468582153,0.4418092370033264,-0.1817646622657776,0.8968132734298706,0.5207557082176208,0.40595608949661255,-0.18228879570960999,0.952203631401062,0.5542625188827515,0.4404550790786743,-0.14698953926563263,0.8672864437103271,0.5184333920478821,0.4076148569583893,-0.15461808443069458,0.9272022247314453,0.5307870507240295,0.555208683013916,0.031072376295924187,0.9987313151359558,0.49519163370132446,0.5600168108940125,-0.031002487987279892,0.9981958270072937,0.5299729704856873,0.7041577100753784,0.016777055338025093,0.9472899436950684,0.4975680708885193,0.7088400721549988,-0.03806374594569206,0.9767314791679382,0.5257588624954224,0.8264437317848206,0.171531543135643,0.9460514187812805,0.4995281398296356,0.8355876803398132,0.10337210446596146,0.9663702249526978,0.5200304388999939,0.8365143537521362,0.18188568949699402,0.8597357273101807,0.49901559948921204,0.8479264974594116,0.11254631727933884,0.7747259736061096,0.5347490906715393,0.8746022582054138,0.09478212893009186,0.9486202001571655,0.511281430721283,0.8810185790061951,0.009137812070548534,0.958016574382782
2766.666666666668,0.5225705504417419,0.30635038018226624,-0.1327449381351471,0.999929666519165,0.5243292450904846,0.29397523403167725,-0.11773369461297989,0.9999003410339355,0.5259343981742859,0.2944217622280121,-0.11777351796627045,0.9998742938041687,0.5274531245231628,0.2946893274784088,-0.1177823543548584,0.9998676180839539,0.5179937481880188,0.2920508086681366,-0.12821201980113983,0.9998692870140076,0.5149447321891785,0.2914889454841614,-0.12820786237716675,0.999846339225769,0.5118134617805481,0.2909669578075409,-0.1282104104757309,0.9998636245727539,0.5259261131286621,0.2985144853591919,-0.0186589527875185,0.9997353553771973,0.5035199522972107,0.2958517372608185,-0.06626380234956741,0.9998775720596313,0.5246601700782776,0.31868964433670044,-0.0938696414232254,0.999940812587738,0.5167272686958313,0.31675076484680176,-0.1077151745557785,0.9999577403068542,0.538117527961731,0.3695240020751953,0.05995824560523033,0.9998933672904968,0.48110702633857727,0.3717467188835144,-0.02690371498465538,0.9998728632926941,0.5439054369926453,0.46239563822746277,0.02690497413277626,0.8856472969055176,0.4733496904373169,0.47439107298851013,-0.05852330103516579,0.9891474843025208,0.5540421605110168,0.4494743049144745,-0.14933662116527557,0.9423333406448364,0.5123298168182373,0.4278932213783264,-0.14431767165660858,0.9826364517211914,0.5582360029220581,0.44648391008377075,-0.18508818745613098,0.9021239876747131,0.5210139751434326,0.417108416557312,-0.16803421080112457,0.9584274291992188,0.5567209720611572,0.4322180151939392,-0.19164013862609863,0.9040018916130066,0.52089923620224,0.40517306327819824,-0.17201045155525208,0.9547422528266907,0.5541831254959106,0.4316144287586212,-0.1568450927734375,0.8761759996414185,0.5185289978981018,0.4073280692100525,-0.14548015594482422,0.9309341311454773,0.530840277671814,0.5547402501106262,0.030716849491000175,0.9987797141075134,0.4952019453048706,0.5596900582313538,-0.03064884804189205,0.9982445240020752,0.5300610065460205,0.7039237022399902,0.015878228470683098,0.9478291273117065,0.4976232647895813,0.7088571190834045,-0.03791053593158722,0.9764458537101746,0.5256181955337524,0.8264740705490112,0.16706378757953644,0.9459236264228821,0.49952447414398193,0.8356635570526123,0.10244899243116379,0.9659355878829956,0.5197234153747559,0.83669114112854,0.1772124171257019,0.8591328859329224,0.49900633096694946,0.8481590151786804,0.11126670986413956,0.7742453813552856,0.5344467163085938,0.8750391006469727,0.09052949398756027,0.9484042525291443,0.5112887620925903,0.881022572517395,0.008352737873792648,0.9577224254608154
2800.0000000000014,0.5225903987884521,0.30638259649276733,-0.1313510686159134,0.9999344348907471,0.5243731737136841,0.2939789891242981,-0.11619894951581955,0.9999071955680847,0.5259780883789062,0.2944231927394867,-0.11623454838991165,0.9998831748962402,0.5275220274925232,0.29467910528182983,-0.11624670028686523,0.9998770356178284,0.5180070996284485,0.29205963015556335,-0.12600238621234894,0.9998772144317627,0.5149531960487366,0.29149380326271057,-0.12599331140518188,0.999855101108551,0.5118233561515808,0.29096752405166626,-0.12598827481269836,0.9998706579208374,0.5260873436927795,0.29851046204566956,-0.017911503091454506,0.9997548460960388,0.5035235285758972,0.2958512008190155,-0.06331421434879303,0.9998836517333984,0.5246742367744446,0.31872206926345825,-0.09290037304162979,0.9999448657035828,0.5167319774627686,0.3168048858642578,-0.10598519444465637,0.9999603033065796,0.538678765296936,0.37007036805152893,0.05889884755015373,0.9999009966850281,0.4810234606266022,0.37175655364990234,-0.022546088322997093,0.9998762011528015,0.5445325374603271,0.46760714054107666,0.022368324920535088,0.8922500014305115,0.47358208894729614,0.47448107600212097,-0.0544496551156044,0.9890152812004089,0.553493857383728,0.44374364614486694,-0.153178870677948,0.946992039680481,0.5124509930610657,0.42847469449043274,-0.1380985826253891,0.9834001064300537,0.5574591755867004,0.4374198615550995,-0.1891600638628006,0.9095234274864197,0.5214293003082275,0.41953110694885254,-0.16150328516960144,0.960209310054779,0.5562414526939392,0.4237985908985138,-0.1949940025806427,0.9112651944160461,0.521241307258606,0.40728330612182617,-0.16450463235378265,0.9566649794578552,0.5537367463111877,0.4240000545978546,-0.1605679839849472,0.8852142095565796,0.5187858939170837,0.4090965986251831,-0.13902118802070618,0.933809220790863,0.530841052532196,0.5547165274620056,0.02888285182416439,0.998849630355835,0.4950083792209625,0.5596882700920105,-0.02882392145693302,0.9983271360397339,0.5300715565681458,0.703947901725769,0.011346644721925259,0.9493646621704102,0.4971657991409302,0.7088789343833923,-0.03618215024471283,0.976626992225647,0.525618851184845,0.8265001773834229,0.1673223376274109,0.9468810558319092,0.49911412596702576,0.8357740640640259,0.10773812979459763,0.9662696123123169,0.5197250843048096,0.8369371294975281,0.17779968678951263,0.8598079681396484,0.4989483654499054,0.8482304811477661,0.11700298637151718,0.7750149965286255,0.5343008041381836,0.8753780126571655,0.09053507447242737,0.949055552482605,0.5111199617385864,0.8809010982513428,0.014445860870182514,0.9582370519638062
2833.333333333335,0.5225050449371338,0.30668631196022034,-0.12259244173765182,0.999939501285553,0.524350643157959,0.2942042946815491,-0.10704842209815979,0.9999145269393921,0.5259599089622498,0.2946299612522125,-0.10707991570234299,0.9998924732208252,0.5275004506111145,0.2948358356952667,-0.10709313303232193,0.9998868703842163,0.5179591774940491,0.2922515571117401,-0.1167580783367157,0.9998862743377686,0.5149171948432922,0.29163894057273865,-0.11674647033214569,0.9998654723167419,0.5117945075035095,0.2910856306552887,-0.11673566699028015,0.9998795390129089,0.5261539816856384,0.29865890741348267,-0.009451150894165039,0.9997745752334595,0.5035265684127808,0.2959437370300293,-0.05466431751847267,0.9998916983604431,0.5245833992958069,0.31900015473365784,-0.08462987095117569,0.9999491572380066,0.5166333913803101,0.31709030270576477,-0.09764204919338226,0.9999632239341736,0.5387088656425476,0.3704105019569397,0.06310481578111649,0.999907910823822,0.48102647066116333,0.37174829840660095,-0.017234114930033684,0.9998812675476074,0.5453160405158997,0.4686126112937927,0.021965516731142998,0.8980306386947632,0.47368985414505005,0.47464779019355774,-0.047546688467264175,0.9889509677886963,0.5540485382080078,0.43763482570648193,-0.15467721223831177,0.9512379169464111,0.5125836730003357,0.4323383569717407,-0.12226638942956924,0.9840961694717407,0.5578195452690125,0.430970698595047,-0.1907152384519577,0.9163365960121155,0.521484911441803,0.42329949140548706,-0.1450786143541336,0.9618250131607056,0.5568973422050476,0.4181731343269348,-0.1957198977470398,0.9179578423500061,0.5213229060173035,0.4105461835861206,-0.14799049496650696,0.9584181308746338,0.5540151000022888,0.4188263416290283,-0.16174736618995667,0.8935947418212891,0.5189368724822998,0.41210153698921204,-0.1229853630065918,0.9364887475967407,0.5309249758720398,0.5549730062484741,0.028343265876173973,0.998919665813446,0.49500757455825806,0.5600848197937012,-0.028284389525651932,0.9984158873558044,0.5300727486610413,0.7041135430335999,0.010759862139821053,0.9502954483032227,0.4969180226325989,0.7090962529182434,-0.03569524362683296,0.976632297039032,0.5256204605102539,0.8265858292579651,0.1675863265991211,0.9470400214195251,0.4987620711326599,0.8361521363258362,0.10833122581243515,0.9662409424781799,0.5197398662567139,0.8373233079910278,0.17820827662944794,0.8598207235336304,0.49882566928863525,0.8485992550849915,0.11766902357339859,0.77460777759552,0.5341313481330872,0.8757779598236084,0.09177688509225845,0.9491543173789978,0.5110662579536438,0.8810576796531677,0.016340721398591995,0.958316445350647
2866.6666666666683,0.5224790573120117,0.3072229027748108,-0.12638871371746063,0.9999442100524902,0.5243439078330994,0.2945723533630371,-0.11068771034479141,0.9999213814735413,0.5259526968002319,0.2949371933937073,-0.1107197031378746,0.9999010562896729,0.5274897217750549,0.29506075382232666,-0.11073068529367447,0.9998959898948669,0.5179444551467896,0.29265153408050537,-0.12114976346492767,0.999894917011261,0.5149073004722595,0.2919600307941437,-0.12114040553569794,0.9998754262924194,0.5117895007133484,0.2913784384727478,-0.12113579362630844,0.9998881816864014,0.5261733531951904,0.2988622486591339,-0.012157446704804897,0.9997925162315369,0.5035284757614136,0.29615727066993713,-0.05760091170668602,0.9998996257781982,0.5245596170425415,0.3196377456188202,-0.08802863210439682,0.9999531507492065,0.516594648361206,0.3178497850894928,-0.10177268832921982,0.999966025352478,0.5384429097175598,0.37048664689064026,0.06198480352759361,0.9999139308929443,0.48101934790611267,0.37191861867904663,-0.022513629868626595,0.9998863339424133,0.5454543232917786,0.4697887599468231,0.019339514896273613,0.9020895957946777,0.4737332761287689,0.4751807749271393,-0.04941597208380699,0.9888997673988342,0.5557276606559753,0.4324229955673218,-0.16146796941757202,0.9548524618148804,0.5141066312789917,0.4427822530269623,-0.1088256910443306,0.9846164584159851,0.5604397654533386,0.42496994137763977,-0.19783815741539001,0.9221112728118896,0.523806631565094,0.43516066670417786,-0.12962856888771057,0.9630118608474731,0.5594319105148315,0.41364020109176636,-0.201449453830719,0.9236462116241455,0.5231670141220093,0.42229577898979187,-0.1332302987575531,0.9597036838531494,0.5562339425086975,0.41525572538375854,-0.16835571825504303,0.900708019733429,0.5211178064346313,0.4225863814353943,-0.10918174684047699,0.9384395480155945,0.5310360193252563,0.5554869771003723,0.028393905609846115,0.9989792704582214,0.4950190782546997,0.5607112646102905,-0.02833661064505577,0.9984889030456543,0.5300773978233337,0.7042295932769775,0.013552587479352951,0.9506708383560181,0.49672871828079224,0.7093566060066223,-0.03215740993618965,0.9763811230659485,0.5257400870323181,0.8266394734382629,0.17266979813575745,0.9468436241149902,0.4985828101634979,0.8362632989883423,0.1129588782787323,0.9661584496498108,0.5198770761489868,0.8374583125114441,0.18391092121601105,0.8596183061599731,0.49875205755233765,0.8486086130142212,0.12247473746538162,0.7746353149414062,0.534054160118103,0.8760272264480591,0.09919491410255432,0.9491928815841675,0.5109937787055969,0.8810268640518188,0.02131466753780842,0.9584686160087585
2900.000000000002,0.5224806070327759,0.30783137679100037,-0.12270912528038025,0.9999487400054932,0.5243548154830933,0.2950560450553894,-0.10641172528266907,0.9999279379844666,0.5259606838226318,0.29534417390823364,-0.10643984377384186,0.9999092221260071,0.5275046229362488,0.29537782073020935,-0.10644862800836563,0.9999046921730042,0.517947256565094,0.2931746542453766,-0.11806468665599823,0.9999033808708191,0.5149084329605103,0.29239994287490845,-0.1180519312620163,0.9998852014541626,0.5117933750152588,0.29180625081062317,-0.118044413626194,0.9998968839645386,0.5261792540550232,0.2991856038570404,-0.006134433671832085,0.9998094439506531,0.5035468339920044,0.2965777814388275,-0.05869674310088158,0.9999077916145325,0.524549126625061,0.3203960359096527,-0.08375007659196854,0.9999570250511169,0.5165772438049316,0.31878861784935,-0.0992036983370781,0.9999688267707825,0.5375090837478638,0.37048837542533875,0.06825938820838928,0.9999200701713562,0.48104557394981384,0.3719184398651123,-0.02377418614923954,0.9998930096626282,0.5458163022994995,0.4697231650352478,0.01926334761083126,0.9060589671134949,0.4742824137210846,0.475241094827652,-0.042074427008628845,0.988856315612793,0.5561793446540833,0.4300967752933502,-0.17205758392810822,0.9580418467521667,0.51589435338974,0.4570724666118622,-0.08879276365041733,0.9848673343658447,0.5601179003715515,0.4229123294353485,-0.21087363362312317,0.927261233329773,0.5259745717048645,0.4516091048717499,-0.10915543884038925,0.9636788964271545,0.5588104724884033,0.4124453365802765,-0.21388962864875793,0.928726315498352,0.5254738926887512,0.4399493634700775,-0.11464902013540268,0.9604961276054382,0.5558914542198181,0.4142400026321411,-0.17919567227363586,0.907076895236969,0.523593008518219,0.43927013874053955,-0.0895710363984108,0.9397281408309937,0.5310701131820679,0.5557383894920349,0.028818337246775627,0.9990357756614685,0.4950842559337616,0.5612956881523132,-0.0287555530667305,0.9985600709915161,0.5300632119178772,0.7042317986488342,0.014319440349936485,0.9506123065948486,0.496655136346817,0.7094460725784302,-0.032724276185035706,0.9760506749153137,0.525732159614563,0.8266944885253906,0.1711554378271103,0.946270763874054,0.4984213709831238,0.8362776041030884,0.11109300702810287,0.9658127427101135,0.5198715329170227,0.8376460075378418,0.18205931782722473,0.8593363761901855,0.4986442029476166,0.848606526851654,0.120588518679142,0.774188756942749,0.5338327288627625,0.8761199712753296,0.0983191430568695,0.948890745639801,0.5107371211051941,0.8809977769851685,0.018941903486847878,0.9583101272583008
2933.3333333333353,0.5225148797035217,0.30839264392852783,-0.1294514685869217,0.9999527931213379,0.5243790745735168,0.29543790221214294,-0.11104755103588104,0.9999337792396545,0.525974690914154,0.2956410348415375,-0.11107150465250015,0.9999163746833801,0.5275248885154724,0.29559504985809326,-0.11107786744832993,0.9999122619628906,0.5179641246795654,0.29365140199661255,-0.12522092461585999,0.9999111294746399,0.5149173736572266,0.2928360402584076,-0.1252017766237259,0.9998942017555237,0.5118021965026855,0.29223453998565674,-0.12520679831504822,0.9999049305915833,0.5261489152908325,0.2993631064891815,-0.009100147522985935,0.9998235702514648,0.5035532712936401,0.2970323860645294,-0.0673104003071785,0.999915361404419,0.5245503187179565,0.3210981786251068,-0.08766670525074005,0.9999603629112244,0.5165789127349854,0.31965401768684387,-0.10649333149194717,0.999971330165863,0.5359261631965637,0.3704751133918762,0.06907902657985687,0.9999247789382935,0.48115551471710205,0.3719736337661743,-0.03818521276116371,0.9998992085456848,0.5460134744644165,0.4690152406692505,0.01899135112762451,0.9090351462364197,0.4742550253868103,0.4753655791282654,-0.05147034674882889,0.9888303875923157,0.5560609102249146,0.42657890915870667,-0.1819075495004654,0.9608948826789856,0.5158646106719971,0.4733293056488037,-0.10692375153303146,0.9850354194641113,0.5593725442886353,0.4203597605228424,-0.22221674025058746,0.9319210052490234,0.5261675715446472,0.47225287556648254,-0.12909673154354095,0.9642692804336548,0.5579739809036255,0.40957698225975037,-0.22519132494926453,0.9333277344703674,0.5259434580802917,0.4615875482559204,-0.13274052739143372,0.9612383842468262,0.5551931262016296,0.4115813076496124,-0.1893419623374939,0.9128079414367676,0.5239725708961487,0.4593549966812134,-0.10771249234676361,0.9408639073371887,0.5310119986534119,0.5563003420829773,0.03370785713195801,0.9990764856338501,0.4950934052467346,0.561942994594574,-0.03367091715335846,0.9986092448234558,0.5300005674362183,0.7042850852012634,0.024275323376059532,0.9490642547607422,0.4966351389884949,0.7096456289291382,-0.03410371020436287,0.9755098819732666,0.5257095694541931,0.8266976475715637,0.17442432045936584,0.9451543092727661,0.4982638359069824,0.8363115787506104,0.10537264496088028,0.9657829403877258,0.5197269320487976,0.8376733660697937,0.1846923977136612,0.8604379892349243,0.4983973503112793,0.8486044406890869,0.11424002051353455,0.7763180136680603,0.5338313579559326,0.8761182427406311,0.1009942814707756,0.948468804359436,0.5107136964797974,0.8809894919395447,0.012773416005074978,0.958384096622467
2966.666666666669,0.522561252117157,0.30887821316719055,-0.14260222017765045,0.9999564290046692,0.524431586265564,0.29568248987197876,-0.12421535700559616,0.9999389052391052,0.5260269641876221,0.2958259582519531,-0.12423969060182571,0.999922513961792,0.5275965929031372,0.2957347631454468,-0.12424293905496597,0.9999188184738159,0.5180182456970215,0.2939470708370209,-0.13812628388404846,0.9999182224273682,0.5149520039558411,0.29311779141426086,-0.1381089836359024,0.9999023675918579,0.5118313431739807,0.2924838364124298,-0.1381225883960724,0.9999123811721802,0.5261193513870239,0.29950132966041565,-0.01572846621274948,0.9998349547386169,0.5035584568977356,0.29728513956069946,-0.07864657044410706,0.9999223947525024,0.52455073595047,0.3217677175998688,-0.10005615651607513,0.9999632835388184,0.5165835618972778,0.3204043209552765,-0.1186431273818016,0.9999735951423645,0.5345814228057861,0.3700597584247589,0.06714378297328949,0.99992835521698,0.4811836779117584,0.3719819486141205,-0.049337103962898254,0.9999059438705444,0.5461030602455139,0.4681743383407593,0.012870672158896923,0.9109513759613037,0.4739847481250763,0.4753989279270172,-0.06170385703444481,0.9889870285987854,0.5556768774986267,0.4236076772212982,-0.19796039164066315,0.9631995558738708,0.515075147151947,0.48685145378112793,-0.10732685029506683,0.9852651953697205,0.5588694214820862,0.4172438085079193,-0.24013294279575348,0.9357550144195557,0.5261154770851135,0.4921833872795105,-0.1337730437517166,0.9649854898452759,0.5560098886489868,0.4054943025112152,-0.24311846494674683,0.9371203184127808,0.5260420441627502,0.4779834747314453,-0.14590272307395935,0.9621363282203674,0.5532309412956238,0.40804794430732727,-0.2057134509086609,0.9174914360046387,0.5240408182144165,0.47443580627441406,-0.11140774935483932,0.9421645402908325,0.5309832096099854,0.55643630027771,0.03680403530597687,0.9991108775138855,0.49521297216415405,0.562226414680481,-0.03679715842008591,0.9986580014228821,0.5300257205963135,0.7044660449028015,0.02941577509045601,0.9478456974029541,0.4966575801372528,0.7098234295845032,-0.035088833421468735,0.9752357602119446,0.5256098508834839,0.826696515083313,0.17883557081222534,0.9445338249206543,0.4981843829154968,0.8364357352256775,0.1038169339299202,0.9661763906478882,0.5193293690681458,0.8376737236976624,0.18887339532375336,0.862264096736908,0.49821737408638,0.8486274480819702,0.11256338655948639,0.7800889611244202,0.5338701009750366,0.8760850429534912,0.10438887774944305,0.9485467076301575,0.5106809139251709,0.8809906840324402,0.010289610363543034,0.9588766694068909
3000.0000000000023,0.522819995880127,0.30940648913383484,-0.14525939524173737,0.9999596476554871,0.5245983600616455,0.2959299087524414,-0.12743352353572845,0.9999433159828186,0.526188850402832,0.2959743142127991,-0.12745894491672516,0.9999276995658875,0.5277727842330933,0.29582539200782776,-0.12746432423591614,0.9999244213104248,0.5182806253433228,0.2944023311138153,-0.14161428809165955,0.9999245405197144,0.5152776837348938,0.2936561703681946,-0.14159701764583588,0.9999096393585205,0.5121279954910278,0.2929905951023102,-0.1416180431842804,0.9999191164970398,0.5261057615280151,0.29959583282470703,-0.020060624927282333,0.9998437762260437,0.5036957263946533,0.29786860942840576,-0.08625984936952591,0.9999288320541382,0.5246274471282959,0.32226330041885376,-0.10353095084428787,0.9999657273292542,0.5168209671974182,0.3211754858493805,-0.12258242070674896,0.9999757409095764,0.5340071320533752,0.37009111046791077,0.0661139041185379,0.9999311566352844,0.4812436103820801,0.37199583649635315,-0.05950833484530449,0.9999129176139832,0.546151340007782,0.4686758816242218,0.010310319252312183,0.9134653806686401,0.4729098677635193,0.4754306375980377,-0.07305214554071426,0.9893226623535156,0.5542817711830139,0.42007115483283997,-0.19657936692237854,0.9653491973876953,0.51246178150177,0.49892526865005493,-0.12258298695087433,0.985575258731842,0.5564868450164795,0.41096624732017517,-0.2380041480064392,0.939196765422821,0.5236603021621704,0.5072606801986694,-0.1487198919057846,0.9657607078552246,0.5522029995918274,0.399278461933136,-0.23957674205303192,0.9404931664466858,0.5253944993019104,0.4928673207759857,-0.16005617380142212,0.9630817770957947,0.5499789714813232,0.4024288058280945,-0.2037455439567566,0.9216042160987854,0.5235555171966553,0.4883449375629425,-0.12609799206256866,0.9434691667556763,0.5307404398918152,0.5571666359901428,0.040241606533527374,0.999142587184906,0.49518150091171265,0.5625048875808716,-0.040262289345264435,0.998708963394165,0.5300377011299133,0.7044682502746582,0.037609972059726715,0.9453316330909729,0.4967106878757477,0.7099165320396423,-0.03568772226572037,0.974753201007843,0.5251935720443726,0.8265194296836853,0.18173488974571228,0.9432478547096252,0.49818503856658936,0.8365764617919922,0.09968473017215729,0.9664873480796814,0.5185596346855164,0.8375468850135803,0.19140513241291046,0.8637810349464417,0.4981902539730072,0.8487454056739807,0.10807716846466064,0.7838895916938782,0.5339179635047913,0.8756760954856873,0.10823100060224533,0.9483055472373962,0.5106821656227112,0.8811047077178955,0.006186798680573702,0.9592306017875671
3033.3333333333358,0.5231430530548096,0.30983006954193115,-0.14408336579799652,0.9999626278877258,0.5247600078582764,0.2961139678955078,-0.12583401799201965,0.9999474287033081,0.5263352990150452,0.29607072472572327,-0.12585459649562836,0.999932587146759,0.5279140472412109,0.29587116837501526,-0.12586085498332977,0.9999297261238098,0.5185474157333374,0.2947555184364319,-0.13970164954662323,0.9999303817749023,0.5156210660934448,0.29407575726509094,-0.1396905928850174,0.9999164342880249,0.5124357342720032,0.29338303208351135,-0.13969659805297852,0.9999253749847412,0.5260613560676575,0.29962456226348877,-0.01875554956495762,0.9998525381088257,0.5038211941719055,0.2982575595378876,-0.08356979489326477,0.9999347925186157,0.5247558355331421,0.3226362466812134,-0.10202013701200485,0.9999681711196899,0.5172045826911926,0.3217014968395233,-0.12000101059675217,0.999977707862854,0.533858060836792,0.37011000514030457,0.06767930835485458,0.9999346137046814,0.4813004434108734,0.3719703257083893,-0.057183828204870224,0.999919593334198,0.5463250875473022,0.4693891108036041,0.011051488108932972,0.9171156287193298,0.47197505831718445,0.47543272376060486,-0.07270974665880203,0.9896188378334045,0.5528885126113892,0.418241411447525,-0.1899990439414978,0.9675947427749634,0.5108181834220886,0.5014792084693909,-0.12536582350730896,0.9858912229537964,0.5538519620895386,0.40882331132888794,-0.23071764409542084,0.942775547504425,0.5219453573226929,0.5089885592460632,-0.15109115839004517,0.9665647745132446,0.549444854259491,0.39726775884628296,-0.23192955553531647,0.943982720375061,0.5245020389556885,0.495395690202713,-0.16120795905590057,0.9640336036682129,0.5475995540618896,0.4000549614429474,-0.19678673148155212,0.9258981347084045,0.5227766633033752,0.4912278354167938,-0.12841977179050446,0.9447866678237915,0.5306494832038879,0.5577943921089172,0.04152277484536171,0.9991785883903503,0.4951649308204651,0.5627737641334534,-0.041547905653715134,0.998764157295227,0.5300479531288147,0.7044640779495239,0.039641015231609344,0.9424728751182556,0.4968489408493042,0.7100008130073547,-0.03638090938329697,0.9739559888839722,0.5248761773109436,0.8263299465179443,0.1822609156370163,0.941325843334198,0.4982072412967682,0.8367071747779846,0.09718334674835205,0.9664393067359924,0.517886221408844,0.8373727202415466,0.19192743301391602,0.864132821559906,0.4981570541858673,0.8488404154777527,0.10552437603473663,0.7864575982093811,0.533941388130188,0.8753869533538818,0.1098577231168747,0.9476944804191589,0.5107876658439636,0.8812276124954224,0.0045160651206970215,0.9592322111129761
3066.6666666666692,0.5233317613601685,0.31002259254455566,-0.1426021158695221,0.9999653697013855,0.5248556733131409,0.29618534445762634,-0.12485110759735107,0.999951183795929,0.5264251828193665,0.29609373211860657,-0.12487506866455078,0.9999370574951172,0.5280054211616516,0.2958742678165436,-0.12488163262605667,0.9999346137046814,0.5186970233917236,0.2949354350566864,-0.13819940388202667,0.9999356865882874,0.5158053636550903,0.2942935526371002,-0.13818691670894623,0.9999225735664368,0.5125957131385803,0.29359525442123413,-0.13819685578346252,0.9999310374259949,0.5260317921638489,0.29962486028671265,-0.018680041655898094,0.9998606443405151,0.5038982033729553,0.298477441072464,-0.08426715433597565,0.9999401569366455,0.5248495936393738,0.32279881834983826,-0.10114773362874985,0.9999704360961914,0.5174497961997986,0.3219161927700043,-0.11890952289104462,0.9999794960021973,0.5336660742759705,0.37009719014167786,0.06707575172185898,0.9999380111694336,0.4813879728317261,0.37186509370803833,-0.05756906792521477,0.9999255537986755,0.5464469790458679,0.46984660625457764,0.010683721862733364,0.92070072889328,0.4712150990962982,0.4754430651664734,-0.0727379247546196,0.9898457527160645,0.5520551204681396,0.41756996512413025,-0.1912325769662857,0.9696913361549377,0.5100550055503845,0.5012097358703613,-0.12662744522094727,0.9861010909080505,0.5524388551712036,0.4082789719104767,-0.2324262261390686,0.9461104869842529,0.5210412740707397,0.5084732174873352,-0.15188272297382355,0.9671412110328674,0.548260509967804,0.3965594470500946,-0.23245330154895782,0.9472354054450989,0.523758053779602,0.49519065022468567,-0.16150523722171783,0.9647346138954163,0.546566903591156,0.3991447687149048,-0.19760745763778687,0.9299002885818481,0.522037148475647,0.4911273419857025,-0.12940412759780884,0.9457388520240784,0.5306106209754944,0.5579128265380859,0.041717514395713806,0.999211847782135,0.4951750636100769,0.562824547290802,-0.04174415394663811,0.9988123178482056,0.5300509333610535,0.7043600678443909,0.0398600734770298,0.9399074912071228,0.49699699878692627,0.7099931240081787,-0.036571819335222244,0.973235547542572,0.5247271656990051,0.8262078762054443,0.1815575510263443,0.9396780729293823,0.49820515513420105,0.8367410898208618,0.09634654968976974,0.9663695096969604,0.5175420641899109,0.8372484445571899,0.19120679795742035,0.8643538355827332,0.49801671504974365,0.8488531708717346,0.10465610772371292,0.7883049845695496,0.5339518189430237,0.8753036260604858,0.10878609120845795,0.9472301006317139,0.5107904076576233,0.8812504410743713,0.003822494763880968,0.9592521786689758
3100.0000000000027,0.5233653783798218,0.31008103489875793,-0.1418764293193817,0.9999676942825317,0.5248705744743347,0.29620128870010376,-0.12438902258872986,0.9999544024467468,0.5264362692832947,0.2960955500602722,-0.12441391497850418,0.9999408721923828,0.5280190706253052,0.29587361216545105,-0.12442075461149216,0.9999387264251709,0.5187320709228516,0.2950063645839691,-0.1376539170742035,0.9999401569366455,0.5158399939537048,0.2943890690803528,-0.13763973116874695,0.9999276995658875,0.5126247406005859,0.29370445013046265,-0.13765282928943634,0.9999357461929321,0.5259543657302856,0.2996211349964142,-0.018933508545160294,0.99986732006073,0.5039152503013611,0.29861950874328613,-0.08281388878822327,0.9999446272850037,0.5248510837554932,0.3228587806224823,-0.10086929798126221,0.9999721646308899,0.5174686908721924,0.32199224829673767,-0.11868467926979065,0.9999809861183167,0.5331060290336609,0.3700820803642273,0.06576038151979446,0.999940037727356,0.48149287700653076,0.37185150384902954,-0.05463162437081337,0.9999299645423889,0.5463425517082214,0.4698106646537781,0.006446912419050932,0.922483503818512,0.4710742235183716,0.4754315912723541,-0.07133116573095322,0.9898600578308105,0.5508384704589844,0.41658851504325867,-0.1942906677722931,0.9713135361671448,0.5095773339271545,0.49778228998184204,-0.12666545808315277,0.9860258102416992,0.551875650882721,0.40755587816238403,-0.23515647649765015,0.9487019181251526,0.5206158757209778,0.504956841468811,-0.1515996903181076,0.9671015739440918,0.5477151870727539,0.3953562378883362,-0.2350376546382904,0.9497621655464172,0.5232547521591187,0.4915318787097931,-0.1604759395122528,0.9647899270057678,0.5458741784095764,0.3978475034236908,-0.20058752596378326,0.9329891800880432,0.521496057510376,0.4874708950519562,-0.12924310564994812,0.9458490610122681,0.5305535197257996,0.5579284429550171,0.04070068523287773,0.9992377161979675,0.49523255228996277,0.5629257559776306,-0.04071976989507675,0.998846709728241,0.5300567746162415,0.7043610215187073,0.03672969713807106,0.938413679599762,0.49700137972831726,0.7099976539611816,-0.03616104647517204,0.9725645184516907,0.5247276425361633,0.8261356949806213,0.1810658723115921,0.9387038946151733,0.4981100857257843,0.8367999792098999,0.09688010811805725,0.9662529230117798,0.5175791382789612,0.8371817469596863,0.19085697829723358,0.8644364476203918,0.4978868365287781,0.8488648533821106,0.10530386865139008,0.7892701625823975,0.5339539051055908,0.8752551674842834,0.10783597081899643,0.9469279646873474,0.5107760429382324,0.8812606334686279,0.0043922546319663525,0.9591751098632812
3133.333333333336,0.5233643651008606,0.31017521023750305,-0.13117057085037231,0.999969482421875,0.5248697400093079,0.2962828278541565,-0.11392732709646225,0.9999570250511169,0.5264325737953186,0.2961568832397461,-0.11395547538995743,0.9999439120292664,0.5280166268348694,0.29591819643974304,-0.11396228522062302,0.9999420642852783,0.5187324285507202,0.2951275110244751,-0.12731947004795074,0.9999437928199768,0.5158393979072571,0.2945244312286377,-0.1273033171892166,0.9999317526817322,0.5126239061355591,0.29384365677833557,-0.12731797993183136,0.9999395608901978,0.5258493423461914,0.29965120553970337,-0.010278684087097645,0.9998727440834045,0.5039184093475342,0.2987736165523529,-0.07348795980215073,0.9999483227729797,0.5248250961303711,0.3229658007621765,-0.09093040972948074,0.999973475933075,0.5174525380134583,0.32207193970680237,-0.1089261993765831,0.9999821782112122,0.5327755212783813,0.3700520992279053,0.07115714251995087,0.9999412298202515,0.4815616011619568,0.37185537815093994,-0.04672610014677048,0.9999333024024963,0.5460284352302551,0.4692450761795044,0.015758566558361053,0.9212400317192078,0.471089243888855,0.47528472542762756,-0.0637606829404831,0.9899036288261414,0.5507631897926331,0.4178255498409271,-0.18352916836738586,0.9724283218383789,0.5098146200180054,0.49209126830101013,-0.11750176548957825,0.9862051010131836,0.552153468132019,0.4096924364566803,-0.22384841740131378,0.9506876468658447,0.5208161473274231,0.49711963534355164,-0.14132986962795258,0.9675807952880859,0.5478710532188416,0.39774090051651,-0.2258426994085312,0.9517278671264648,0.5231993198394775,0.48405545949935913,-0.14918193221092224,0.9653603434562683,0.5461472272872925,0.4000440239906311,-0.19084903597831726,0.935407817363739,0.5214450359344482,0.4805992543697357,-0.11946927011013031,0.9467557668685913,0.5305543541908264,0.5574843883514404,0.04017767682671547,0.9992515444755554,0.49528682231903076,0.5629007816314697,-0.040197424590587616,0.9988670945167542,0.5300555229187012,0.7043609619140625,0.03478645905852318,0.9376124143600464,0.49697402119636536,0.7099983096122742,-0.03652026131749153,0.9721072912216187,0.5246884226799011,0.8261664509773254,0.1770879626274109,0.9378374218940735,0.4980686604976654,0.8369141817092896,0.09470605105161667,0.9660854339599609,0.517594575881958,0.837234616279602,0.1863883137702942,0.8643040657043457,0.49786192178726196,0.849000096321106,0.10279668867588043,0.7897929549217224,0.5339516401290894,0.8752567172050476,0.10420885682106018,0.9464247226715088,0.5106328129768372,0.8812608122825623,0.0017425045371055603,0.9589521884918213
3166.6666666666697,0.5233623385429382,0.3102698028087616,-0.12444667518138885,0.9999708533287048,0.5248421430587769,0.2963630259037018,-0.10786077380180359,0.9999593496322632,0.5263993740081787,0.29622337222099304,-0.10789261013269424,0.9999467730522156,0.5279935002326965,0.29596880078315735,-0.1079011783003807,0.9999452233314514,0.5186961889266968,0.2952401041984558,-0.12170111387968063,0.9999467730522156,0.5157901048660278,0.2946408987045288,-0.12169276177883148,0.9999350309371948,0.5125583410263062,0.2939631938934326,-0.12170598655939102,0.9999424815177917,0.5257843136787415,0.2996668219566345,-0.006074917037039995,0.9998791813850403,0.503879964351654,0.29887765645980835,-0.07038627564907074,0.9999514818191528,0.5248242616653442,0.32304903864860535,-0.08476009964942932,0.99997478723526,0.5174428224563599,0.32215946912765503,-0.10320475697517395,0.9999831318855286,0.5328653454780579,0.37009021639823914,0.07567786425352097,0.9999430775642395,0.4815766215324402,0.37190544605255127,-0.04601633548736572,0.9999357461929321,0.5460546016693115,0.4677896201610565,0.02361326292157173,0.919944167137146,0.47260257601737976,0.4755805730819702,-0.06059154123067856,0.9896472096443176,0.5516921877861023,0.420654296875,-0.1738445907831192,0.9732223749160767,0.5104565620422363,0.482475221157074,-0.10249114036560059,0.9860190153121948,0.5541262030601501,0.4148466885089874,-0.21302753686904907,0.9521037340164185,0.5211498141288757,0.48325884342193604,-0.12356708943843842,0.9673574566841125,0.5510963201522827,0.40390604734420776,-0.21665924787521362,0.9531679749488831,0.523128867149353,0.47179073095321655,-0.1308484524488449,0.9651522636413574,0.5487260818481445,0.40519285202026367,-0.1816926896572113,0.9372604489326477,0.5213735103607178,0.46898946166038513,-0.10390472412109375,0.9466218948364258,0.5306033492088318,0.5574819445610046,0.04012300819158554,0.9992554187774658,0.4954703748226166,0.5629122257232666,-0.04011140391230583,0.9988731741905212,0.5300246477127075,0.7043829560279846,0.035590771585702896,0.9349501729011536,0.49708420038223267,0.7098575234413147,-0.03688403218984604,0.9715230464935303,0.5245038270950317,0.8261663317680359,0.17680540680885315,0.934946596622467,0.49807947874069214,0.8368892669677734,0.09201810508966446,0.9650247693061829,0.5174217224121094,0.8372390866279602,0.18595430254936218,0.8630231618881226,0.4978240728378296,0.8490000367164612,0.09988175332546234,0.7876395583152771,0.533982515335083,0.875244677066803,0.10441805422306061,0.9441595077514648,0.5106438994407654,0.8811416625976562,-4.981393794878386e-05,0.9576687812805176
3200.000000000003,0.5233551263809204,0.3103462755680084,-0.11923445016145706,0.9999716877937317,0.5248180031776428,0.2964240610599518,-0.10342635214328766,0.9999608993530273,0.526370108127594,0.2962779104709625,-0.10346604883670807,0.9999488592147827,0.5279706120491028,0.29601532220840454,-0.10347569733858109,0.9999475479125977,0.5186871886253357,0.29529422521591187,-0.11702783405780792,0.9999485015869141,0.5157796740531921,0.2946859896183014,-0.11702414602041245,0.9999367594718933,0.5125423669815063,0.29398924112319946,-0.11703281849622726,0.999943733215332,0.5257357954978943,0.29967060685157776,-0.003974637947976589,0.9998847246170044,0.5038515329360962,0.29886630177497864,-0.06694947928190231,0.999953031539917,0.5248016715049744,0.32308587431907654,-0.08026199042797089,0.9999757409095764,0.5174245238304138,0.3221781551837921,-0.09829266369342804,0.999983549118042,0.5333929061889648,0.3702656030654907,0.07495976239442825,0.999945342540741,0.4815004765987396,0.37192898988723755,-0.04053486883640289,0.9999364018440247,0.5460844039916992,0.4675198793411255,0.028985673561692238,0.919457197189331,0.4740939736366272,0.4755665957927704,-0.05848947912454605,0.9892333149909973,0.5530732274055481,0.43129250407218933,-0.16265100240707397,0.9741294384002686,0.5108302235603333,0.4638667404651642,-0.10838887095451355,0.9859307408332825,0.5567561984062195,0.4283210337162018,-0.20119689404964447,0.9537065625190735,0.5212972164154053,0.4611622393131256,-0.13037295639514923,0.9674521684646606,0.5548115968704224,0.4167062044143677,-0.20764167606830597,0.9548305869102478,0.5229862332344055,0.4502900242805481,-0.13732022047042847,0.9652652144432068,0.5519995093345642,0.41645169258117676,-0.1712120920419693,0.9393826723098755,0.5212480425834656,0.4483684301376343,-0.10989806801080704,0.9468883872032166,0.5306482911109924,0.5574659705162048,0.0393400713801384,0.9992431998252869,0.4956340193748474,0.5629435181617737,-0.039272770285606384,0.9988580346107483,0.5299676656723022,0.7043973803520203,0.03514290973544121,0.9325203895568848,0.49737927317619324,0.7098304629325867,-0.03644838556647301,0.9705302715301514,0.5242432355880737,0.8262576460838318,0.17317746579647064,0.931292712688446,0.4987676441669464,0.8368716239929199,0.09158805757761002,0.9631431698799133,0.5172992944717407,0.8373920321464539,0.1821632981300354,0.8603904843330383,0.4979957938194275,0.8490469455718994,0.0991663932800293,0.7837269306182861,0.5339738130569458,0.8751677870750427,0.1019267663359642,0.9412201046943665,0.5107071995735168,0.8809142708778381,-0.0008288219105452299,0.955525815486908
3233.3333333333367,0.5233407616615295,0.3103226125240326,-0.12299390137195587,0.9999718070030212,0.5247708559036255,0.29640430212020874,-0.10687334835529327,0.9999610185623169,0.5263039469718933,0.2962619364261627,-0.1069084033370018,0.9999490976333618,0.5278980731964111,0.29600200057029724,-0.10691749304533005,0.9999479055404663,0.5186735391616821,0.2952630817890167,-0.12021889537572861,0.9999485015869141,0.5157715082168579,0.2946449816226959,-0.12021242082118988,0.9999365210533142,0.5125318765640259,0.2939402759075165,-0.12022252380847931,0.9999430179595947,0.5256403088569641,0.29965725541114807,-0.0046730306930840015,0.9998865723609924,0.5038397312164307,0.2987101376056671,-0.06816773116588593,0.999952495098114,0.5247941613197327,0.32304906845092773,-0.08366271108388901,0.9999759793281555,0.5174118876457214,0.3221171200275421,-0.10131403058767319,0.9999834299087524,0.5343250036239624,0.3702498972415924,0.0709427073597908,0.9999468326568604,0.48131296038627625,0.37193846702575684,-0.03911280632019043,0.9999358654022217,0.5458039045333862,0.46594998240470886,0.03104913979768753,0.9197252988815308,0.4744003117084503,0.47558513283729553,-0.06349532306194305,0.9893016815185547,0.5540127158164978,0.44139111042022705,-0.15622779726982117,0.9752665758132935,0.5108898282051086,0.45249471068382263,-0.13969025015830994,0.9864770174026489,0.5574219822883606,0.4414922297000885,-0.1941787302494049,0.9556918740272522,0.5213521122932434,0.44763344526290894,-0.16429318487644196,0.968797504901886,0.5564932227134705,0.42881152033805847,-0.20270419120788574,0.9568415880203247,0.5228385925292969,0.4361940324306488,-0.16954249143600464,0.9666844606399536,0.5539805293083191,0.42760011553764343,-0.1651180535554886,0.9419205784797668,0.5210530757904053,0.43546509742736816,-0.1411152333021164,0.9489428997039795,0.5311184525489807,0.5574630498886108,0.037330254912376404,0.9992107152938843,0.4962085485458374,0.5629989504814148,-0.03724418208003044,0.9988223314285278,0.5299809575080872,0.7043358683586121,0.03504641726613045,0.9314340353012085,0.49762430787086487,0.7098329663276672,-0.033975593745708466,0.970075786113739,0.5242228507995605,0.8262590169906616,0.1744190901517868,0.9280664324760437,0.49907293915748596,0.836902379989624,0.09171357750892639,0.961525559425354,0.5173103213310242,0.8373919725418091,0.18369551002979279,0.8577911853790283,0.4980977773666382,0.8491728901863098,0.09990823268890381,0.7803124189376831,0.5339974761009216,0.8750460147857666,0.10395370423793793,0.9386248588562012,0.5108211636543274,0.8809174299240112,-0.0003281795361544937,0.9535270929336548
3266.66666666667,0.5232989192008972,0.31026214361190796,-0.12729914486408234,0.9999715089797974,0.5246894359588623,0.2963695526123047,-0.11206915974617004,0.9999608993530273,0.5262002348899841,0.29623138904571533,-0.11210945248603821,0.9999489784240723,0.5277922749519348,0.2959721088409424,-0.11210643500089645,0.9999476075172424,0.5186030864715576,0.2952304184436798,-0.12562671303749084,0.9999480843544006,0.5157163739204407,0.2946043312549591,-0.12563244998455048,0.9999361038208008,0.5124515295028687,0.2938995659351349,-0.1256379932165146,0.9999420046806335,0.5255140066146851,0.29960721731185913,-0.010791387408971786,0.9998871684074402,0.503669798374176,0.2986457645893097,-0.07350453734397888,0.9999523758888245,0.5247794389724731,0.3229304254055023,-0.08763106167316437,0.9999758005142212,0.5173745155334473,0.32192710041999817,-0.10537157207727432,0.9999830722808838,0.5347324013710022,0.370218962430954,0.07061578333377838,0.9999471306800842,0.48103660345077515,0.37253567576408386,-0.04539372771978378,0.9999359846115112,0.5442699193954468,0.4648216664791107,0.03686534985899925,0.9145838618278503,0.47627463936805725,0.47584596276283264,-0.07434134185314178,0.9894806146621704,0.5539446473121643,0.44643375277519226,-0.14854121208190918,0.9752004146575928,0.5109432339668274,0.4431784451007843,-0.1430293470621109,0.9870525598526001,0.5574615001678467,0.4463330805301666,-0.1848754584789276,0.955912709236145,0.5207962393760681,0.43564140796661377,-0.16654744744300842,0.9701911807060242,0.5569115281105042,0.43406611680984497,-0.19431172311306,0.9571582078933716,0.5213465094566345,0.422322541475296,-0.1721814125776291,0.9681650996208191,0.5543264746665955,0.432527095079422,-0.15783478319644928,0.9423658847808838,0.519679069519043,0.4237619638442993,-0.14442315697669983,0.951134979724884,0.5315055847167969,0.557619035243988,0.038398779928684235,0.9991846680641174,0.49670353531837463,0.5636380910873413,-0.03831740841269493,0.998803436756134,0.53001469373703,0.7043761014938354,0.0435243621468544,0.9306451082229614,0.4979902505874634,0.7100273370742798,-0.03282245248556137,0.9704210758209229,0.5242345333099365,0.8262313604354858,0.18932466208934784,0.9268004894256592,0.4990655779838562,0.8370922803878784,0.09233550727367401,0.9609683156013489,0.5173436999320984,0.8373709917068481,0.19895747303962708,0.8584434390068054,0.4979577660560608,0.8496566414833069,0.10015598684549332,0.7797985672950745,0.5343037247657776,0.8748838305473328,0.1196386069059372,0.9375476241111755,0.5111707448959351,0.8810608983039856,0.0004778682778123766,0.9527847170829773
3300.0000000000036,0.5232774019241333,0.30998942255973816,-0.1356106698513031,0.9999721050262451,0.5246472954750061,0.2961319386959076,-0.11967436224222183,0.9999620318412781,0.5261603593826294,0.2960439920425415,-0.1197102889418602,0.9999504685401917,0.5277585983276367,0.2958256006240845,-0.11970161646604538,0.9999488592147827,0.5185503959655762,0.2948729395866394,-0.13331124186515808,0.9999494552612305,0.5156671404838562,0.2941529452800751,-0.13331972062587738,0.9999380111694336,0.5123777985572815,0.2934372127056122,-0.13331755995750427,0.9999433159828186,0.5254731774330139,0.29940932989120483,-0.016653545200824738,0.9998907446861267,0.503524661064148,0.2981715202331543,-0.07886838912963867,0.999954104423523,0.524774968624115,0.32253822684288025,-0.09517195075750351,0.9999763369560242,0.5173452496528625,0.3214097023010254,-0.11288785934448242,0.9999832510948181,0.5350531339645386,0.3700753450393677,0.07067134976387024,0.9999479055404663,0.4808221161365509,0.3729936480522156,-0.0531458854675293,0.9999374151229858,0.5441226363182068,0.463771790266037,0.044933777302503586,0.9101266860961914,0.47714948654174805,0.4762130677700043,-0.0789412260055542,0.9899506568908691,0.554217517375946,0.4513917863368988,-0.13694897294044495,0.9749240875244141,0.5117769241333008,0.4356219172477722,-0.13838258385658264,0.9878054261207581,0.5575695037841797,0.4510180354118347,-0.17175151407718658,0.9555856585502625,0.5208938717842102,0.4267544746398926,-0.16112644970417023,0.9718397259712219,0.5571320652961731,0.4387967586517334,-0.1815001517534256,0.9569247364997864,0.5212708115577698,0.41462990641593933,-0.1666886955499649,0.9699057340621948,0.5545769929885864,0.4371846318244934,-0.14623598754405975,0.9421374797821045,0.5195422768592834,0.41621828079223633,-0.13939200341701508,0.9537111520767212,0.531686544418335,0.5576340556144714,0.040927954018116,0.9991782903671265,0.49692070484161377,0.564058780670166,-0.04086468741297722,0.99881511926651,0.5300202369689941,0.7047750353813171,0.052500125020742416,0.9304271936416626,0.4984084367752075,0.7108720541000366,-0.0330229178071022,0.9711207151412964,0.5242444276809692,0.8262293338775635,0.2015489935874939,0.9268314838409424,0.4990837872028351,0.8376176953315735,0.09296085685491562,0.9606691002845764,0.5173777937889099,0.837375819683075,0.21139630675315857,0.8605889678001404,0.49781322479248047,0.8503968119621277,0.10098255425691605,0.779593825340271,0.534654974937439,0.8746559023857117,0.1328439861536026,0.9373809099197388,0.5118911266326904,0.8815351128578186,0.0023489822633564472,0.9524559378623962
3333.333333333337,0.5232716798782349,0.3096446096897125,-0.13880811631679535,0.9999716877937317,0.5245767831802368,0.2958798110485077,-0.12263135612010956,0.9999616742134094,0.5260608196258545,0.2958320081233978,-0.1226675882935524,0.999950110912323,0.5276332497596741,0.2956487536430359,-0.12265860289335251,0.9999480247497559,0.5185151696205139,0.2945455014705658,-0.13585518300533295,0.9999489784240723,0.5156333446502686,0.29376301169395447,-0.13586273789405823,0.999937891960144,0.5123295187950134,0.29304665327072144,-0.13586482405662537,0.9999426007270813,0.5252375602722168,0.29916614294052124,-0.01937309466302395,0.9998903274536133,0.5034211277961731,0.29779112339019775,-0.0797557383775711,0.9999541640281677,0.5247687697410583,0.3219751715660095,-0.0982808992266655,0.9999757409095764,0.5173425078392029,0.32078471779823303,-0.11548065394163132,0.9999826550483704,0.535067617893219,0.36889803409576416,0.0702863410115242,0.999947726726532,0.480605810880661,0.3732399642467499,-0.05408560484647751,0.9999374747276306,0.5439088940620422,0.46014299988746643,0.04655630514025688,0.905722975730896,0.47717851400375366,0.47637736797332764,-0.08384858816862106,0.9904614686965942,0.5542919039726257,0.4536392092704773,-0.13029466569423676,0.974571168422699,0.5122092962265015,0.43210741877555847,-0.14795739948749542,0.9885618686676025,0.5578082203865051,0.4541468918323517,-0.16439133882522583,0.9551365971565247,0.5209632515907288,0.4239577353000641,-0.17119528353214264,0.9734867215156555,0.5573697686195374,0.44285884499549866,-0.1750025451183319,0.9565603137016296,0.5212594270706177,0.41211336851119995,-0.17523199319839478,0.9716455340385437,0.5547475218772888,0.44094929099082947,-0.13966785371303558,0.9417229890823364,0.5194636583328247,0.4134296178817749,-0.14842438697814941,0.9562647938728333,0.5318177342414856,0.5576358437538147,0.041003692895174026,0.9991639852523804,0.49701598286628723,0.5645604729652405,-0.04094453155994415,0.9988133311271667,0.530055046081543,0.70543372631073,0.049562711268663406,0.93081134557724,0.49855509400367737,0.711659848690033,-0.033169690519571304,0.9717982411384583,0.5243180394172668,0.8262889981269836,0.19608424603939056,0.9270321130752563,0.4990779161453247,0.8379467725753784,0.09455282241106033,0.9602872729301453,0.5175089240074158,0.8374733924865723,0.2056828886270523,0.8627873063087463,0.4976453483104706,0.8509552478790283,0.10284464061260223,0.7784799337387085,0.5349755883216858,0.8746183514595032,0.12651948630809784,0.9373893737792969,0.5122039318084717,0.8817741274833679,0.005137240048497915,0.95199054479599
3366.6666666666706,0.5232638120651245,0.3092587888240814,-0.13907292485237122,0.9999715685844421,0.5245082974433899,0.2954998016357422,-0.12260223180055618,0.9999618530273438,0.5259888172149658,0.2955058217048645,-0.12263667583465576,0.9999504089355469,0.5275646448135376,0.29536837339401245,-0.12262969464063644,0.9999479651451111,0.5184504389762878,0.2941170632839203,-0.1355023980140686,0.9999490976333618,0.5155707001686096,0.29332125186920166,-0.13550804555416107,0.9999383687973022,0.5122588276863098,0.2926572859287262,-0.1355094015598297,0.9999425411224365,0.5251278281211853,0.2988603413105011,-0.018893064931035042,0.9998916387557983,0.5033317804336548,0.2975156009197235,-0.07959798723459244,0.9999547004699707,0.5247619152069092,0.321510374546051,-0.09836097806692123,0.999975323677063,0.5173400044441223,0.32030728459358215,-0.11519885808229446,0.9999821186065674,0.535068929195404,0.3678581118583679,0.07069900631904602,0.9999479055404663,0.48059529066085815,0.3732902705669403,-0.053085509687662125,0.9999368190765381,0.5433956980705261,0.45673733949661255,0.05490030720829964,0.8998165130615234,0.4774569571018219,0.47628575563430786,-0.08647356182336807,0.9908813834190369,0.5548520684242249,0.4546261131763458,-0.10743363946676254,0.9740828275680542,0.5122366547584534,0.4277942180633545,-0.14944878220558167,0.9892287850379944,0.558674693107605,0.4559159278869629,-0.13906329870224,0.9545173645019531,0.5208625793457031,0.41942521929740906,-0.1723765730857849,0.9749481678009033,0.5582531094551086,0.44606736302375793,-0.15046724677085876,0.9560195207595825,0.5209562182426453,0.4087775647640228,-0.17612534761428833,0.9731959700584412,0.5555293560028076,0.4441642165184021,-0.11671134829521179,0.9411864876747131,0.5190533399581909,0.4101755917072296,-0.14987267553806305,0.9585843086242676,0.5319164991378784,0.5576271414756775,0.04120197519659996,0.9991718530654907,0.4971407949924469,0.5647085905075073,-0.04114428535103798,0.9988308548927307,0.5300776362419128,0.7060832381248474,0.04780422896146774,0.9313681125640869,0.4986008405685425,0.7119506001472473,-0.033194445073604584,0.9723283052444458,0.5245770812034607,0.8263210654258728,0.19390597939491272,0.9275951385498047,0.4990063011646271,0.8382611274719238,0.0960754007101059,0.9600226283073425,0.5177983641624451,0.8374947309494019,0.20349690318107605,0.8653952479362488,0.4974014163017273,0.8514243960380554,0.10476849973201752,0.7772536277770996,0.5353378653526306,0.8746457695960999,0.1252513974905014,0.9376235604286194,0.5126448273658752,0.8823363184928894,0.008441880345344543,0.9516571164131165
3400.000000000004,0.5232626795768738,0.3088623881340027,-0.13832224905490875,0.9999715089797974,0.5244768261909485,0.2951308786869049,-0.12189308553934097,0.9999622106552124,0.5259562730789185,0.2951738238334656,-0.12192747741937637,0.9999509453773499,0.5275294780731201,0.2950723469257355,-0.12192265689373016,0.9999482035636902,0.5184326767921448,0.29375138878822327,-0.1348201185464859,0.9999491572380066,0.5155534148216248,0.2929452061653137,-0.13482362031936646,0.9999387264251709,0.5122348666191101,0.29230305552482605,-0.13482646644115448,0.9999423027038574,0.5250331163406372,0.29854002594947815,-0.018656780943274498,0.9998937249183655,0.5032522678375244,0.29722073674201965,-0.07882937788963318,0.9999551177024841,0.5247605443000793,0.3209964334964752,-0.09779070317745209,0.9999750852584839,0.5173490643501282,0.31989192962646484,-0.11476600170135498,0.999981701374054,0.5350100994110107,0.3670487701892853,0.07238505035638809,0.9999487400054932,0.4805862009525299,0.3732813000679016,-0.05223024636507034,0.999936044216156,0.5423603653907776,0.4559679925441742,0.05833853408694267,0.8951185345649719,0.47739601135253906,0.47610196471214294,-0.08633782714605331,0.9912455081939697,0.5551309585571289,0.4545004665851593,-0.10296417027711868,0.9740293025970459,0.5122222304344177,0.42594388127326965,-0.14992758631706238,0.9898406863212585,0.5591365098953247,0.4557717740535736,-0.13471181690692902,0.9545279145240784,0.5206505656242371,0.41685184836387634,-0.1729811280965805,0.9762948155403137,0.5587918162345886,0.4459838271141052,-0.1460869312286377,0.9560762643814087,0.5205590724945068,0.40576279163360596,-0.17678995430469513,0.9746233224868774,0.5561273694038391,0.4442884027957916,-0.11226414144039154,0.9413527250289917,0.5184392333030701,0.40736913681030273,-0.15045860409736633,0.9607208967208862,0.5319334268569946,0.5574918985366821,0.04131130874156952,0.999180018901825,0.4971901476383209,0.5647047162055969,-0.04125016927719116,0.9988448619842529,0.5300804376602173,0.7062849402427673,0.0471562035381794,0.9321571588516235,0.4986095726490021,0.7121355533599854,-0.03329523280262947,0.9728453755378723,0.5248483419418335,0.8263185024261475,0.1924397200345993,0.928296685218811,0.4989074766635895,0.8386096954345703,0.0961201936006546,0.9600220322608948,0.5181720852851868,0.8374969959259033,0.2019750326871872,0.8680432438850403,0.49719342589378357,0.8518762588500977,0.10486666113138199,0.7770780920982361,0.535657525062561,0.8746261596679688,0.12356741726398468,0.9379850625991821,0.5130868554115295,0.8829979300498962,0.008438190445303917,0.9516080021858215
3433.3333333333376,0.5232628583908081,0.30878961086273193,-0.13832519948482513,0.9999713897705078,0.5244695544242859,0.29507529735565186,-0.12222801893949509,0.999962329864502,0.5259523987770081,0.29511913657188416,-0.1222628727555275,0.9999512434005737,0.5275261998176575,0.29502055048942566,-0.12225823849439621,0.9999482035636902,0.5184299349784851,0.2937052547931671,-0.13516409695148468,0.9999489784240723,0.5155513286590576,0.2929006814956665,-0.13516728579998016,0.9999386668205261,0.5122280716896057,0.2922615110874176,-0.13516932725906372,0.9999417662620544,0.5250276327133179,0.2984447479248047,-0.018924342468380928,0.9998949766159058,0.5031932592391968,0.2971845865249634,-0.07868605107069016,0.9999553561210632,0.5247598886489868,0.32085713744163513,-0.09767336398363113,0.9999749064445496,0.5173584222793579,0.31981465220451355,-0.11464183032512665,0.9999813437461853,0.5350167155265808,0.366862952709198,0.07219052314758301,0.9999493956565857,0.48056894540786743,0.37323275208473206,-0.052207544445991516,0.9999361634254456,0.5417579412460327,0.45652180910110474,0.05316092446446419,0.8901780843734741,0.47738033533096313,0.47588083148002625,-0.08544342964887619,0.9915062189102173,0.5551208257675171,0.4540415406227112,-0.11784212291240692,0.9737525582313538,0.5120486617088318,0.42494288086891174,-0.14901193976402283,0.9903152585029602,0.5591384172439575,0.4549078345298767,-0.15116524696350098,0.9542686343193054,0.5203531980514526,0.4163133502006531,-0.17182384431362152,0.9773547649383545,0.5589911937713623,0.44462886452674866,-0.16156195104122162,0.9558770656585693,0.520257294178009,0.40497809648513794,-0.17601610720157623,0.9757445454597473,0.5563731789588928,0.44317179918289185,-0.12706024944782257,0.9411621689796448,0.5180128812789917,0.40623509883880615,-0.14966656267642975,0.9623901844024658,0.5319892168045044,0.5574702620506287,0.0413450263440609,0.9991811513900757,0.49726665019989014,0.5647035241127014,-0.041283849626779556,0.9988518357276917,0.5300852060317993,0.7063496112823486,0.0483771376311779,0.9327640533447266,0.498611718416214,0.7121331095695496,-0.033254098147153854,0.973422110080719,0.5249535441398621,0.8262193202972412,0.1935022473335266,0.9289886355400085,0.4987908899784088,0.8386459350585938,0.09626615047454834,0.960134744644165,0.5183543562889099,0.837416410446167,0.20298756659030914,0.8703263401985168,0.49700960516929626,0.8518819212913513,0.1049765795469284,0.777401328086853,0.5357487797737122,0.8743910193443298,0.1243535578250885,0.9384424090385437,0.51314777135849,0.8831449747085571,0.00835101306438446,0.9517353773117065
3466.666666666671,0.5232834219932556,0.30878815054893494,-0.13809286057949066,0.9999713897705078,0.5244697332382202,0.29507821798324585,-0.1218700185418129,0.999962568283081,0.5259556174278259,0.2951221466064453,-0.12190496921539307,0.9999517798423767,0.5275275707244873,0.295024573802948,-0.1219012439250946,0.9999486804008484,0.5184393525123596,0.29370880126953125,-0.13484624028205872,0.9999487996101379,0.5155622959136963,0.29290348291397095,-0.13484854996204376,0.999938428401947,0.5122394561767578,0.2922627925872803,-0.13485099375247955,0.9999409914016724,0.5250256657600403,0.29843956232070923,-0.01884983293712139,0.9998969435691833,0.5031810998916626,0.29717886447906494,-0.07908474653959274,0.9999552369117737,0.5247730612754822,0.320829838514328,-0.09750787168741226,0.9999752044677734,0.5174024105072021,0.31979846954345703,-0.11440914124250412,0.9999812841415405,0.5351473093032837,0.3668961226940155,0.07198788970708847,0.9999514818191528,0.4805043339729309,0.3731797933578491,-0.05183691531419754,0.999936580657959,0.5418586134910583,0.4570125639438629,0.05022859945893288,0.8908082246780396,0.47740620374679565,0.4758661985397339,-0.08398044854402542,0.9916903376579285,0.5558063387870789,0.45330068469047546,-0.12546108663082123,0.9746446013450623,0.5119830965995789,0.4250805377960205,-0.1518247127532959,0.9907687902450562,0.5595661401748657,0.4536933898925781,-0.15983730554580688,0.9557368755340576,0.5201892852783203,0.4163598120212555,-0.1752776950597763,0.9783935546875,0.5594550967216492,0.4428166449069977,-0.16908448934555054,0.957329511642456,0.5200998187065125,0.40463384985923767,-0.17961759865283966,0.9768402576446533,0.5570241212844849,0.4415645897388458,-0.13442359864711761,0.9429970383644104,0.5178602337837219,0.4058942496776581,-0.1526249349117279,0.9639904499053955,0.5320276618003845,0.5573088526725769,0.041285086423158646,0.9991905689239502,0.4972766935825348,0.5645864605903625,-0.041224848479032516,0.9988628625869751,0.5300869941711426,0.7063610553741455,0.048758506774902344,0.9334220290184021,0.49861031770706177,0.7121281623840332,-0.03330789506435394,0.9739376306533813,0.5249669551849365,0.8260976076126099,0.19648398458957672,0.9294355511665344,0.4987199604511261,0.8386452794075012,0.09641783684492111,0.9601858258247375,0.5183687806129456,0.8372851610183716,0.20629476010799408,0.8717830777168274,0.49691879749298096,0.8518715500831604,0.105150505900383,0.7776139974594116,0.5357674360275269,0.8741041421890259,0.127145454287529,0.9386100769042969,0.5131311416625977,0.8831451535224915,0.00827670656144619,0.9517560601234436
3500.0000000000045,0.5232905149459839,0.3087975084781647,-0.13431435823440552,0.9999710321426392,0.5244668126106262,0.2951112687587738,-0.11918509006500244,0.9999623894691467,0.5259519815444946,0.29514968395233154,-0.11922410130500793,0.9999517202377319,0.5275190472602844,0.29504939913749695,-0.11922263354063034,0.9999486207962036,0.5184439420700073,0.29375144839286804,-0.13258124887943268,0.9999479055404663,0.5155724883079529,0.2929493486881256,-0.13258369266986847,0.9999372363090515,0.5122578144073486,0.29229629039764404,-0.13258592784404755,0.9999393820762634,0.5249779224395752,0.2984406352043152,-0.017932496964931488,0.9998977780342102,0.503179132938385,0.29719477891921997,-0.07886847853660583,0.9999545216560364,0.5247746706008911,0.3208249807357788,-0.09412279725074768,0.9999752640724182,0.517444372177124,0.3197949528694153,-0.1116442158818245,0.9999810457229614,0.5351970791816711,0.36691781878471375,0.07225129008293152,0.9999532103538513,0.48049572110176086,0.37309709191322327,-0.05060849338769913,0.9999368786811829,0.541986882686615,0.4580167531967163,0.04835223779082298,0.890536367893219,0.4773733913898468,0.4758480489253998,-0.08100324124097824,0.9917758703231812,0.5557488203048706,0.452595055103302,-0.12923313677310944,0.9752414226531982,0.5118082165718079,0.4255538284778595,-0.1492578238248825,0.9910930395126343,0.5595733523368835,0.4525257647037506,-0.16477800905704498,0.9567720890045166,0.5199999213218689,0.4170907437801361,-0.17244726419448853,0.9791548252105713,0.5594962239265442,0.4415108561515808,-0.17543524503707886,0.9583651423454285,0.5198973417282104,0.4055277109146118,-0.1768166571855545,0.9776406288146973,0.5569811463356018,0.44037383794784546,-0.1388891488313675,0.9443012475967407,0.5176852345466614,0.40671902894973755,-0.150124654173851,0.9651504158973694,0.5320573449134827,0.5571669340133667,0.04121938720345497,0.999194860458374,0.49731719493865967,0.5644596219062805,-0.04116101935505867,0.9988669157028198,0.5300956964492798,0.7063618898391724,0.04827073588967323,0.9340229034423828,0.4986102283000946,0.7120569348335266,-0.033211108297109604,0.9744548797607422,0.5249940752983093,0.8260484337806702,0.19596876204013824,0.9297834038734436,0.49866625666618347,0.8386512398719788,0.09654141217470169,0.960509717464447,0.5184205174446106,0.8372455835342407,0.2057802528142929,0.8729121088981628,0.49685755372047424,0.8518676161766052,0.10523639619350433,0.7786688804626465,0.5357691645622253,0.8739280700683594,0.1262170374393463,0.938757598400116,0.5131181478500366,0.8831530809402466,0.007584800943732262,0.9520568251609802
3533.333333333338,0.5232914686203003,0.3088003695011139,-0.135014608502388,0.999970018863678,0.5244524478912354,0.2951268255710602,-0.12022779881954193,0.999961256980896,0.5259349942207336,0.295158714056015,-0.12026762962341309,0.9999504089355469,0.5274959206581116,0.2950547933578491,-0.12026574462652206,0.9999471306800842,0.5184431076049805,0.29378554224967957,-0.13358619809150696,0.999945878982544,0.5155726075172424,0.29299378395080566,-0.13358786702156067,0.9999347925186157,0.5122593641281128,0.2923353612422943,-0.13359250128269196,0.9999365210533142,0.5249260663986206,0.29843565821647644,-0.01928037777543068,0.9998953938484192,0.5031613111495972,0.29722633957862854,-0.08015823364257812,0.9999528527259827,0.524777352809906,0.32080915570259094,-0.09481325000524521,0.9999745488166809,0.5174705982208252,0.31979066133499146,-0.11232815682888031,0.9999803304672241,0.5352557897567749,0.366925448179245,0.07098708301782608,0.9999536275863647,0.48037996888160706,0.3730909526348114,-0.05050702393054962,0.9999368190765381,0.5419028401374817,0.4586341977119446,0.04772845283150673,0.8876081109046936,0.47735050320625305,0.4758561849594116,-0.08086591213941574,0.9918694496154785,0.5556008219718933,0.45208966732025146,-0.13313645124435425,0.9752394556999207,0.5116609930992126,0.42536646127700806,-0.14737948775291443,0.9913625121116638,0.5595620274543762,0.4517800211906433,-0.16866867244243622,0.9569315314292908,0.519817590713501,0.4167933166027069,-0.1705879122018814,0.9797727465629578,0.5596242547035217,0.4407074749469757,-0.18006856739521027,0.958569347858429,0.519752562046051,0.40524426102638245,-0.17516621947288513,0.9782865643501282,0.5569928884506226,0.4396321773529053,-0.14316749572753906,0.9445235729217529,0.5175620317459106,0.4065335988998413,-0.14826886355876923,0.9660732746124268,0.5321156978607178,0.5568654537200928,0.041053734719753265,0.9991844892501831,0.49733152985572815,0.5640798211097717,-0.04099045321345329,0.998858630657196,0.5302026867866516,0.7060455679893494,0.04836650565266609,0.934661328792572,0.4986149072647095,0.7117394208908081,-0.031763046979904175,0.9749918580055237,0.5250780582427979,0.826012372970581,0.1953454613685608,0.9305271506309509,0.4986334443092346,0.8385692238807678,0.09665515273809433,0.961097776889801,0.5186001658439636,0.8372213244438171,0.20504386723041534,0.8744970560073853,0.49684077501296997,0.8517478704452515,0.10528598725795746,0.7807727456092834,0.5357810258865356,0.8739060163497925,0.1251460611820221,0.9392611980438232,0.5130824446678162,0.883120059967041,0.0064574251882731915,0.9526756405830383
3566.6666666666715,0.5232918858528137,0.3088321387767792,-0.13501685857772827,0.9999694228172302,0.5244383811950684,0.2951902747154236,-0.12026388943195343,0.9999605417251587,0.5259184241294861,0.29520654678344727,-0.12030360102653503,0.9999496936798096,0.5274736881256104,0.2950936257839203,-0.12030211091041565,0.9999462962150574,0.5184439420700073,0.29389488697052,-0.1336362361907959,0.9999445676803589,0.5155787467956543,0.2931375801563263,-0.13363777101039886,0.999933123588562,0.5122748613357544,0.2924691438674927,-0.13364337384700775,0.9999346137046814,0.5248916149139404,0.29845762252807617,-0.019488248974084854,0.9998942017555237,0.5031613707542419,0.2973473370075226,-0.08062130957841873,0.9999517798423767,0.5247853994369507,0.3208156228065491,-0.09481635689735413,0.9999741911888123,0.517503559589386,0.31981927156448364,-0.11234744638204575,0.9999799132347107,0.5353180170059204,0.36694350838661194,0.0707012191414833,0.9999542832374573,0.4803154170513153,0.3730359971523285,-0.05044040456414223,0.9999371767044067,0.5419511795043945,0.4593707323074341,0.04745224490761757,0.8860425353050232,0.4772300720214844,0.4758749008178711,-0.0800686925649643,0.9919710159301758,0.5555810332298279,0.4517424404621124,-0.13661415874958038,0.9753966331481934,0.5115626454353333,0.4256259799003601,-0.1457548439502716,0.9916131496429443,0.5595530867576599,0.45141488313674927,-0.17233088612556458,0.9572668075561523,0.5197613835334778,0.4169365167617798,-0.16860175132751465,0.9803310632705688,0.5596631765365601,0.44036346673965454,-0.18332439661026,0.9589354395866394,0.5197089314460754,0.4054846167564392,-0.17315806448459625,0.9788652658462524,0.5570196509361267,0.43923646211624146,-0.14653292298316956,0.9449487328529358,0.5175166130065918,0.40686148405075073,-0.14656120538711548,0.9668890833854675,0.5321264863014221,0.5568527579307556,0.040876757353544235,0.9991821050643921,0.4973108470439911,0.5640318393707275,-0.04080908000469208,0.9988588690757751,0.5302432179450989,0.7060216665267944,0.04824883118271828,0.9354549646377563,0.4985696077346802,0.7117401957511902,-0.030918652191758156,0.9755153059959412,0.5251210331916809,0.826026201248169,0.19506390392780304,0.9312975406646729,0.4985567629337311,0.8385688662528992,0.09773953258991241,0.9616574048995972,0.5187075734138489,0.837251603603363,0.20473462343215942,0.8759006857872009,0.49680227041244507,0.8517439365386963,0.10608971118927002,0.7827188372612,0.5357816815376282,0.873906135559082,0.12450655549764633,0.9398221373558044,0.5130227208137512,0.8831174969673157,0.006449034437537193,0.9533026218414307
3600.000000000005,0.5232921242713928,0.3089010715484619,-0.13286933302879333,0.9999686479568481,0.5244312286376953,0.29530367255210876,-0.1186055988073349,0.9999595284461975,0.5259112119674683,0.2953096926212311,-0.11864452809095383,0.9999486207962036,0.5274631977081299,0.2951962649822235,-0.11864221096038818,0.9999451637268066,0.5184458494186401,0.29403606057167053,-0.131761372089386,0.9999426603317261,0.5155850052833557,0.2933133542537689,-0.13176153600215912,0.9999306797981262,0.5122857689857483,0.29263317584991455,-0.13176843523979187,0.9999319911003113,0.5248667597770691,0.29856669902801514,-0.019457967951893806,0.9998923540115356,0.5031625628471375,0.29749295115470886,-0.08014939725399017,0.9999499917030334,0.5247877836227417,0.32087352871894836,-0.09329275786876678,0.9999737739562988,0.5175169706344604,0.3198978006839752,-0.11060235649347305,0.9999794363975525,0.5353935956954956,0.3670003116130829,0.06912004202604294,0.9999549388885498,0.48019492626190186,0.37300941348075867,-0.04804295673966408,0.9999372363090515,0.5419809818267822,0.45994865894317627,0.04241829738020897,0.8858002424240112,0.47718244791030884,0.4758811593055725,-0.07582917809486389,0.9920482039451599,0.5555437803268433,0.45147842168807983,-0.1417437642812729,0.975734531879425,0.5115803480148315,0.42579230666160583,-0.1412794291973114,0.9918466210365295,0.5595632791519165,0.45107609033584595,-0.17758336663246155,0.9578447341918945,0.5197760462760925,0.41740918159484863,-0.16383640468120575,0.9808589220046997,0.5597172379493713,0.43999797105789185,-0.18782581388950348,0.9595227837562561,0.5197233557701111,0.40578868985176086,-0.1681816428899765,0.9794134497642517,0.5570646524429321,0.4389219880104065,-0.15124967694282532,0.945681095123291,0.5175340175628662,0.4071993827819824,-0.1420007199048996,0.9676713347434998,0.5321387648582458,0.5568029284477234,0.03947581350803375,0.9991822838783264,0.49728214740753174,0.5639162659645081,-0.03940321505069733,0.9988572597503662,0.5302993059158325,0.7059047818183899,0.0449378564953804,0.9364754557609558,0.4985421597957611,0.7117369174957275,-0.029192188754677773,0.9760372042655945,0.5255323648452759,0.8259679675102234,0.18965640664100647,0.932242214679718,0.4985513985157013,0.8384097814559937,0.10090265423059464,0.9623097777366638,0.5193607211112976,0.8372271656990051,0.19910259544849396,0.8771990537643433,0.4968877136707306,0.8514933586120605,0.1091141626238823,0.7842839956283569,0.5358294248580933,0.8739041090011597,0.11717034131288528,0.9405593872070312,0.5130127668380737,0.883110523223877,0.008358628489077091,0.9540414214134216
3633.3333333333385,0.523288905620575,0.3089347779750824,-0.13278208673000336,0.9999675154685974,0.5244232416152954,0.2953564524650574,-0.11849252134561539,0.9999579191207886,0.5259053707122803,0.2953585982322693,-0.11853110790252686,0.9999467730522156,0.5274567008018494,0.29524731636047363,-0.11852850764989853,0.999943196773529,0.5184455513954163,0.29409995675086975,-0.1315123587846756,0.9999400973320007,0.5155855417251587,0.2933941185474396,-0.1315121203660965,0.9999274611473083,0.5122870802879333,0.292707234621048,-0.13151945173740387,0.9999287128448486,0.5248550176620483,0.2986276149749756,-0.019372932612895966,0.9998887777328491,0.5031592845916748,0.2975718379020691,-0.07991736382246017,0.9999474287033081,0.524787962436676,0.320899099111557,-0.09327910095453262,0.999972939491272,0.5175178050994873,0.31993022561073303,-0.11045081913471222,0.9999787211418152,0.535492479801178,0.36708423495292664,0.0665242001414299,0.9999549388885498,0.48001357913017273,0.37300539016723633,-0.046128470450639725,0.9999366402626038,0.5420233011245728,0.46024927496910095,0.038888756185770035,0.8850858807563782,0.47703832387924194,0.4759021997451782,-0.07363550364971161,0.9921050667762756,0.5554025173187256,0.45129668712615967,-0.14397397637367249,0.9757804870605469,0.5115782618522644,0.4261346459388733,-0.14066296815872192,0.992027759552002,0.5595520734786987,0.45077839493751526,-0.1797657459974289,0.9579513669013977,0.5197883248329163,0.41787463426589966,-0.16334444284439087,0.9812600612640381,0.5596655011177063,0.4396686851978302,-0.18973588943481445,0.959658145904541,0.5197317600250244,0.40621739625930786,-0.1675986647605896,0.9798277020454407,0.5570125579833984,0.43862712383270264,-0.1532926857471466,0.9458283185958862,0.5175377130508423,0.4075998365879059,-0.14137890934944153,0.9682506918907166,0.5321590304374695,0.556736409664154,0.03767191991209984,0.9991762638092041,0.49724718928337097,0.5638594627380371,-0.037598129361867905,0.9988479614257812,0.530356764793396,0.7056387066841125,0.04106323421001434,0.9377127289772034,0.498519629240036,0.7117257118225098,-0.028024939820170403,0.9764765501022339,0.5257734060287476,0.825915515422821,0.18756069242954254,0.933279812335968,0.4985475540161133,0.8382978439331055,0.10451432317495346,0.9628883600234985,0.5197927355766296,0.837212085723877,0.19714638590812683,0.8779183030128479,0.4969210922718048,0.8513022661209106,0.11279501765966415,0.7853286266326904,0.5358583927154541,0.8739023208618164,0.11384914070367813,0.9413003325462341,0.5129979252815247,0.8830696940422058,0.01082152221351862,0.9547014832496643
3666.666666666672,0.5232723951339722,0.30895930528640747,-0.13281868398189545,0.9999660849571228,0.5244086980819702,0.2953835129737854,-0.11850164085626602,0.9999560117721558,0.5258969664573669,0.295383483171463,-0.11854007840156555,0.9999445080757141,0.5274510979652405,0.29527372121810913,-0.11853750050067902,0.999940812587738,0.5184372663497925,0.2941279411315918,-0.13151614367961884,0.9999371767044067,0.5155797600746155,0.29342979192733765,-0.1315159797668457,0.9999238848686218,0.5122827887535095,0.2927413284778595,-0.13152340054512024,0.9999250173568726,0.524850606918335,0.29865482449531555,-0.019635269418358803,0.9998845458030701,0.5031416416168213,0.29761314392089844,-0.07982485741376877,0.999944806098938,0.5247858166694641,0.32093101739883423,-0.09331819415092468,0.9999720454216003,0.5175111293792725,0.31995463371276855,-0.11048778891563416,0.9999779462814331,0.5355676412582397,0.3671022057533264,0.06513211876153946,0.9999546408653259,0.4797559380531311,0.37300315499305725,-0.04627085477113724,0.999936044216156,0.5421729683876038,0.46043992042541504,0.03801262751221657,0.8837079405784607,0.4768480062484741,0.4759213924407959,-0.07295409590005875,0.9920934438705444,0.5551909804344177,0.45116668939590454,-0.14350801706314087,0.9755609631538391,0.5115675330162048,0.42635589838027954,-0.13752971589565277,0.992106556892395,0.5594607591629028,0.4505552351474762,-0.17907433211803436,0.9576641321182251,0.5197895765304565,0.4180445969104767,-0.15984033048152924,0.9814496040344238,0.5596504211425781,0.4394533038139343,-0.18890227377414703,0.9594149589538574,0.5197150707244873,0.40638384222984314,-0.16414867341518402,0.9800169467926025,0.5569620728492737,0.4384457468986511,-0.15273432433605194,0.9455403685569763,0.5174993276596069,0.4077809751033783,-0.138218492269516,0.9685105085372925,0.5322386622428894,0.556739866733551,0.03734250366687775,0.9991700053215027,0.4972468912601471,0.5638559460639954,-0.03726913407444954,0.9988398551940918,0.5304020643234253,0.7055658102035522,0.041295744478702545,0.9384670257568359,0.4985466003417969,0.711706280708313,-0.02688264288008213,0.9768195748329163,0.5258581042289734,0.8258616328239441,0.187910258769989,0.9340173006057739,0.49854034185409546,0.8381772041320801,0.10755027085542679,0.9633331298828125,0.5199804902076721,0.8371542096138,0.19770903885364532,0.8787335753440857,0.49692443013191223,0.851107656955719,0.11601583659648895,0.7862222790718079,0.5358641743659973,0.8739011883735657,0.11426946520805359,0.9418089985847473,0.5129891633987427,0.8830181360244751,0.014343549497425556,0.9551595449447632
3700.0000000000055,0.5232428312301636,0.30899837613105774,-0.13302657008171082,0.999965250492096,0.5243783593177795,0.295418381690979,-0.11876412481069565,0.999954879283905,0.5258747339248657,0.29541268944740295,-0.11880205571651459,0.9999431371688843,0.527434766292572,0.29530206322669983,-0.11879908293485641,0.9999393820762634,0.518413245677948,0.2941760718822479,-0.13170558214187622,0.9999352097511292,0.5155567526817322,0.2934962511062622,-0.1317054182291031,0.9999215006828308,0.5122588872909546,0.2928116023540497,-0.13171276450157166,0.999922513961792,0.5248475670814514,0.2986914813518524,-0.01979037933051586,0.999882161617279,0.5031081438064575,0.2977008521556854,-0.0797048881649971,0.9999428987503052,0.5247834324836731,0.3209780156612396,-0.09355375170707703,0.9999716281890869,0.5175041556358337,0.319995254278183,-0.11062751710414886,0.9999774694442749,0.5356845259666443,0.36711999773979187,0.06493858247995377,0.9999549984931946,0.47960442304611206,0.3730090260505676,-0.04600135236978531,0.9999353289604187,0.5427055954933167,0.46050772070884705,0.03809722140431404,0.8837274312973022,0.47679582238197327,0.47598782181739807,-0.07197856903076172,0.992081880569458,0.5551734566688538,0.451121985912323,-0.1431441307067871,0.975602388381958,0.511615514755249,0.42639967799186707,-0.13626313209533691,0.9921995401382446,0.5594173073768616,0.45041778683662415,-0.17864598333835602,0.9577060341835022,0.5198136568069458,0.4182488024234772,-0.15866048634052277,0.9816668033599854,0.5596309304237366,0.4392545521259308,-0.18839861452579498,0.9594785571098328,0.5197292566299438,0.4065655767917633,-0.163071408867836,0.9802377820014954,0.5569339394569397,0.4382588863372803,-0.1523190289735794,0.945622444152832,0.5175034403800964,0.4078768193721771,-0.13697008788585663,0.9688088297843933,0.5323137640953064,0.5567533373832703,0.03705853968858719,0.9991714954376221,0.4972453713417053,0.56385338306427,-0.03698573261499405,0.9988369941711426,0.530475914478302,0.7055009007453918,0.0404992550611496,0.9396001696586609,0.49854785203933716,0.71169513463974,-0.026900291442871094,0.9772198796272278,0.5260187387466431,0.8258500695228577,0.18799257278442383,0.9351962208747864,0.4985373616218567,0.8381553888320923,0.1087435707449913,0.9640070199966431,0.5202299952507019,0.8371527791023254,0.19786164164543152,0.8800195455551147,0.4969354271888733,0.8510725498199463,0.11729516088962555,0.7877657413482666,0.5358848571777344,0.873912513256073,0.11503636837005615,0.9427083730697632,0.5130385756492615,0.883015513420105,0.015122471377253532,0.9559178352355957
3733.333333333339,0.5232360363006592,0.30903905630111694,-0.13415074348449707,0.9999645352363586,0.5243613719940186,0.2954440414905548,-0.11975929141044617,0.9999538064002991,0.5258610844612122,0.2954314053058624,-0.11979605257511139,0.999941885471344,0.527422308921814,0.2953183352947235,-0.1197919175028801,0.9999380111694336,0.518404483795166,0.2942262291908264,-0.13260985910892487,0.9999335408210754,0.5155494213104248,0.293567955493927,-0.1326092928647995,0.9999194741249084,0.5122514367103577,0.2928904891014099,-0.13261619210243225,0.9999203085899353,0.5248374342918396,0.29870960116386414,-0.02043065056204796,0.9998800158500671,0.5030940175056458,0.29777926206588745,-0.07989394664764404,0.9999412894248962,0.5247852802276611,0.3210323750972748,-0.09459812939167023,0.9999712109565735,0.5175064206123352,0.3200536072254181,-0.11154057830572128,0.9999770522117615,0.5357521176338196,0.3671214282512665,0.06418970227241516,0.9999553561210632,0.47950345277786255,0.37301719188690186,-0.04609066992998123,0.9999346733093262,0.5431910753250122,0.4604194164276123,0.038176413625478745,0.8840199708938599,0.4767211973667145,0.4760035276412964,-0.07229871302843094,0.9921391010284424,0.5551837682723999,0.4511220157146454,-0.14296406507492065,0.9757430553436279,0.5117032527923584,0.42637065052986145,-0.13653108477592468,0.9923264384269714,0.559363603591919,0.4504226744174957,-0.1785377413034439,0.9578979015350342,0.5199227333068848,0.41849249601364136,-0.1590137928724289,0.9819431304931641,0.5595572590827942,0.43913596868515015,-0.18816831707954407,0.9596803784370422,0.5198397040367126,0.406719833612442,-0.16352298855781555,0.9805240035057068,0.5569190979003906,0.43812862038612366,-0.15215946733951569,0.945871114730835,0.5175692439079285,0.40793576836586,-0.13728570938110352,0.9692080616950989,0.532426118850708,0.5568214058876038,0.036883071064949036,0.999172568321228,0.49725380539894104,0.5639210343360901,-0.03681115433573723,0.9988349080085754,0.5305387377738953,0.7054842710494995,0.04047591611742973,0.9406799077987671,0.49854496121406555,0.7117019295692444,-0.02652152068912983,0.977569043636322,0.5260693430900574,0.8258242011070251,0.1890154927968979,0.9362372159957886,0.49853959679603577,0.8381091952323914,0.11018206924200058,0.964539647102356,0.5202846527099609,0.8371486663818359,0.19911375641822815,0.8812043070793152,0.4969789385795593,0.8509719967842102,0.11882659047842026,0.7888004779815674,0.5358877182006836,0.8739137053489685,0.11545789241790771,0.9434978365898132,0.5130580067634583,0.8830122947692871,0.01665547862648964,0.9565324783325195
3766.6666666666724,0.5231977701187134,0.3090713322162628,-0.1357472687959671,0.9999635815620422,0.5243166089057922,0.29546263813972473,-0.12118028104305267,0.9999522566795349,0.5258231163024902,0.29544419050216675,-0.12121665477752686,0.9999400973320007,0.5273913145065308,0.2953292429447174,-0.1212117150425911,0.9999361038208008,0.5183618068695068,0.29427167773246765,-0.13360625505447388,0.9999312162399292,0.5155036449432373,0.29364079236984253,-0.13360506296157837,0.9999166131019592,0.512200117111206,0.2929812967777252,-0.13361214101314545,0.9999172687530518,0.5248247981071472,0.2987244427204132,-0.02162039652466774,0.9998769760131836,0.5030432939529419,0.2978935241699219,-0.07982204109430313,0.9999385476112366,0.5247814655303955,0.3210816979408264,-0.096225805580616,0.999970555305481,0.5174978971481323,0.320112019777298,-0.11260629445314407,0.999976396560669,0.5359042286872864,0.3671325743198395,0.061370134353637695,0.9999555945396423,0.47942638397216797,0.3730159103870392,-0.045355793088674545,0.9999330043792725,0.5437541604042053,0.46040990948677063,0.035645607858896255,0.8855215311050415,0.4765458405017853,0.4760206341743469,-0.07248436659574509,0.9921112656593323,0.5550996661186218,0.451286643743515,-0.1434226930141449,0.976047933101654,0.5118012428283691,0.4265612065792084,-0.14012813568115234,0.9923593997955322,0.5588409304618835,0.4506032168865204,-0.17883041501045227,0.9582765102386475,0.5201760530471802,0.4185248911380768,-0.16314104199409485,0.982010006904602,0.5590713620185852,0.4390934109687805,-0.18831774592399597,0.9600508213043213,0.5201410055160522,0.4069688320159912,-0.16717876493930817,0.9805815815925598,0.5565683245658875,0.43805262446403503,-0.15236720442771912,0.9462918639183044,0.5177783370018005,0.4081595242023468,-0.140833780169487,0.9692638516426086,0.5324980616569519,0.5569136142730713,0.03599046170711517,0.9991683959960938,0.4972571134567261,0.5639688372612,-0.03591982647776604,0.9988253116607666,0.5306220054626465,0.7052753567695618,0.03895964473485947,0.9416228532791138,0.4985993206501007,0.7116127014160156,-0.02605905756354332,0.9778220057487488,0.526221513748169,0.8257665038108826,0.18904952704906464,0.9371105432510376,0.4985627233982086,0.837822437286377,0.11191567033529282,0.9649289846420288,0.5205096006393433,0.8370773792266846,0.19925029575824738,0.8818326592445374,0.49709364771842957,0.8504890203475952,0.12065663933753967,0.7892037630081177,0.5358917117118835,0.873916745185852,0.11581973731517792,0.9441314935684204,0.5130544900894165,0.8829278349876404,0.018234889954328537,0.9569829702377319
3800.000000000006,0.523161768913269,0.30908888578414917,-0.1363711953163147,0.999962568283081,0.524257242679596,0.2954683303833008,-0.12173707038164139,0.9999505877494812,0.5257623791694641,0.29544875025749207,-0.12177371233701706,0.9999381899833679,0.5273337364196777,0.29533353447914124,-0.12176962196826935,0.9999340772628784,0.518311083316803,0.29430410265922546,-0.1339622586965561,0.9999287128448486,0.5154473185539246,0.2936963140964508,-0.13396096229553223,0.9999136328697205,0.5121365189552307,0.29305440187454224,-0.133968323469162,0.9999141097068787,0.5247941017150879,0.298726886510849,-0.022196972742676735,0.9998738169670105,0.5029868483543396,0.29799896478652954,-0.07975783944129944,0.9999355673789978,0.524778425693512,0.321100115776062,-0.09688911586999893,0.9999698996543884,0.5174962878227234,0.3201542794704437,-0.11299241334199905,0.9999756813049316,0.5361066460609436,0.3671419620513916,0.060015007853507996,0.9999558925628662,0.4793563783168793,0.3730145990848541,-0.044618722051382065,0.9999314546585083,0.5447824597358704,0.4603792428970337,0.033243436366319656,0.8876370191574097,0.4764101207256317,0.4760500192642212,-0.0723254606127739,0.9920839071273804,0.5548774600028992,0.4513236880302429,-0.1450425535440445,0.9763487577438354,0.5121989846229553,0.4266166687011719,-0.14107610285282135,0.9923698306083679,0.5581926703453064,0.4505874514579773,-0.18041583895683289,0.9585944414138794,0.5208236575126648,0.4197044372558594,-0.1643434315919876,0.9820140600204468,0.5582966208457947,0.4390307366847992,-0.18950627744197845,0.960354208946228,0.5208080410957336,0.4072360098361969,-0.16813607513904572,0.98056960105896,0.5558785796165466,0.43802139163017273,-0.15366333723068237,0.9466201066970825,0.5183618068695068,0.4082908630371094,-0.14172591269016266,0.9691970348358154,0.5325169563293457,0.5570506453514099,0.03508250415325165,0.9991629123687744,0.4972386658191681,0.5640276074409485,-0.03501097112894058,0.9988133907318115,0.5306660532951355,0.7052305936813354,0.036834701895713806,0.9424866437911987,0.4985930323600769,0.7116098403930664,-0.025793010368943214,0.9780269265174866,0.5262799859046936,0.8256711959838867,0.18912941217422485,0.9376670122146606,0.49856096506118774,0.8377369046211243,0.11332820355892181,0.9652305245399475,0.5205986499786377,0.8369578123092651,0.1993652880191803,0.8818638324737549,0.49712613224983215,0.8502618074417114,0.1221686601638794,0.789378821849823,0.5358917713165283,0.8739024996757507,0.11602585017681122,0.944524884223938,0.5130412578582764,0.8828765749931335,0.019603712484240532,0.9573432207107544
3833.3333333333394,0.5231603384017944,0.3090931177139282,-0.1367155909538269,0.999961793422699,0.5242424607276917,0.29547441005706787,-0.12188592553138733,0.9999492764472961,0.5257481932640076,0.29545244574546814,-0.12192169576883316,0.9999365210533142,0.5273179411888123,0.29533496499061584,-0.1219174936413765,0.9999322891235352,0.5183006525039673,0.29431217908859253,-0.13420866429805756,0.9999271631240845,0.515434980392456,0.2937183976173401,-0.13420753180980682,0.999911904335022,0.5121200680732727,0.29308944940567017,-0.13421519100666046,0.999912440776825,0.5247798562049866,0.2987409830093384,-0.02215048484504223,0.9998703002929688,0.5029576420783997,0.29806646704673767,-0.0797729417681694,0.9999339580535889,0.524786651134491,0.32110410928726196,-0.09719924628734589,0.9999693632125854,0.5175082683563232,0.3201805353164673,-0.113442562520504,0.9999752640724182,0.5361881852149963,0.3671540915966034,0.060585957020521164,0.9999557733535767,0.4793301224708557,0.37304580211639404,-0.04509340226650238,0.999930739402771,0.5455312132835388,0.46008339524269104,0.03397766873240471,0.8888289928436279,0.47622454166412354,0.4761098325252533,-0.07324697077274323,0.9921956658363342,0.5546948313713074,0.4513007402420044,-0.14397406578063965,0.9764397144317627,0.5125330090522766,0.4277007579803467,-0.14162972569465637,0.9924823045730591,0.5574995875358582,0.4505639374256134,-0.17897750437259674,0.9585831165313721,0.5214428305625916,0.42182785272598267,-0.16490362584590912,0.9822111129760742,0.557449221611023,0.43899857997894287,-0.18766745924949646,0.9603402018547058,0.5213237404823303,0.40845492482185364,-0.16850458085536957,0.9807668924331665,0.555133044719696,0.4379677176475525,-0.15231706202030182,0.9465436935424805,0.5188316106796265,0.40950796008110046,-0.14212875068187714,0.9694411754608154,0.5325269103050232,0.5574274063110352,0.035186346620321274,0.9991626739501953,0.4972350001335144,0.5642706751823425,-0.03511728718876839,0.9988110065460205,0.5306735634803772,0.7052167654037476,0.03706260770559311,0.9432231187820435,0.4986286461353302,0.711606502532959,-0.026003127917647362,0.978155255317688,0.5262940526008606,0.825667142868042,0.19076761603355408,0.9381698369979858,0.4985639750957489,0.8376616835594177,0.11440308392047882,0.9653518795967102,0.5206326842308044,0.836952269077301,0.20136646926403046,0.881868302822113,0.4971438944339752,0.8501324653625488,0.12350514531135559,0.7890483140945435,0.5358914732933044,0.8739048838615417,0.11788348108530045,0.9448909759521484,0.5130382776260376,0.8828538656234741,0.021674517542123795,0.9575632810592651
3866.666666666673,0.523146390914917,0.3090978264808655,-0.1361313760280609,0.9999611377716064,0.5242149233818054,0.29547548294067383,-0.12122318893671036,0.9999481439590454,0.5257217288017273,0.29544970393180847,-0.12125834077596664,0.9999350905418396,0.5272917747497559,0.29532963037490845,-0.12125541269779205,0.9999308586120605,0.518275797367096,0.29431989789009094,-0.13347452878952026,0.9999257922172546,0.5154039859771729,0.29372555017471313,-0.1334734559059143,0.999910295009613,0.5120825171470642,0.29309552907943726,-0.13348190486431122,0.9999110102653503,0.524758517742157,0.298746794462204,-0.021756252273917198,0.9998674988746643,0.5029098391532898,0.29809215664863586,-0.07870691269636154,0.9999323487281799,0.5247856378555298,0.32110878825187683,-0.09674794226884842,0.999968945980072,0.5175068974494934,0.3201850354671478,-0.11289893090724945,0.9999749660491943,0.5362849831581116,0.3671623766422272,0.06094379723072052,0.9999556541442871,0.4792574942111969,0.3730359673500061,-0.04423552751541138,0.9999297261238098,0.5460441708564758,0.4599057734012604,0.03433461859822273,0.890216052532196,0.47602352499961853,0.4761418104171753,-0.07303670048713684,0.9922235608100891,0.5544702410697937,0.45123720169067383,-0.14395128190517426,0.9765299558639526,0.5126863718032837,0.42848753929138184,-0.14178043603897095,0.9925267100334167,0.5569580793380737,0.45053359866142273,-0.17892153561115265,0.9585833549499512,0.5220158100128174,0.4240741729736328,-0.1651485711336136,0.9822822213172913,0.5567188858985901,0.43886375427246094,-0.18739961087703705,0.9603427052497864,0.5221304297447205,0.4102666676044464,-0.16868856549263,0.9808326363563538,0.5544560551643372,0.43765056133270264,-0.15213532745838165,0.9464858174324036,0.5195794701576233,0.4108823835849762,-0.14226524531841278,0.9694854617118835,0.5325294733047485,0.5576273202896118,0.03457207605242729,0.9991648197174072,0.49717119336128235,0.5643652081489563,-0.03450576588511467,0.9988124370574951,0.53068608045578,0.7052363753318787,0.03433295711874962,0.9445878863334656,0.49862346053123474,0.7116035223007202,-0.026140041649341583,0.9783891439437866,0.5263329744338989,0.8256626129150391,0.19051432609558105,0.939135730266571,0.49856117367744446,0.837598443031311,0.11485011130571365,0.9656815528869629,0.5206868648529053,0.8369653224945068,0.2012356072664261,0.8820636868476868,0.4971555173397064,0.8500457406044006,0.12400294095277786,0.788868248462677,0.535869836807251,0.8740140199661255,0.11733713001012802,0.9455709457397461,0.5130206942558289,0.8827798962593079,0.022020373493433,0.9579875469207764
3900.0000000000064,0.523127019405365,0.30910179018974304,-0.13370738923549652,0.9999600052833557,0.5241796970367432,0.2954792380332947,-0.11871137470006943,0.9999463558197021,0.5256854891777039,0.2954518496990204,-0.1187458261847496,0.9999328255653381,0.5272548198699951,0.29533061385154724,-0.11874432116746902,0.9999285340309143,0.5182430148124695,0.29432550072669983,-0.1308460831642151,0.999923586845398,0.5153661370277405,0.29373130202293396,-0.1308455616235733,0.9999077320098877,0.5120399594306946,0.2931068241596222,-0.1308540254831314,0.9999087452888489,0.524712324142456,0.29877597093582153,-0.01943734660744667,0.9998630285263062,0.5028506517410278,0.29813352227211,-0.0754471942782402,0.9999302625656128,0.5247804522514343,0.3211127817630768,-0.09443710744380951,0.9999680519104004,0.517505407333374,0.32019397616386414,-0.11042355000972748,0.9999743700027466,0.5363389253616333,0.36716943979263306,0.06116525083780289,0.9999550580978394,0.47915828227996826,0.37301990389823914,-0.042089734226465225,0.9999287724494934,0.5460402965545654,0.45962396264076233,0.03465232998132706,0.890613853931427,0.4757351577281952,0.4761367738246918,-0.07157396525144577,0.9922347068786621,0.5538457632064819,0.4510892629623413,-0.14385874569416046,0.9763293266296387,0.5127013325691223,0.4292120635509491,-0.1409417986869812,0.9925201535224915,0.5558815002441406,0.4505065083503723,-0.17884798347949982,0.9582000970840454,0.5222271680831909,0.4257120192050934,-0.1644609421491623,0.9822588562965393,0.555374264717102,0.4386841356754303,-0.18724778294563293,0.9599777460098267,0.5225021839141846,0.4123035669326782,-0.16802074015140533,0.9808057546615601,0.5532176494598389,0.437303751707077,-0.15194706618785858,0.9459901452064514,0.5199212431907654,0.41244110465049744,-0.14146701991558075,0.9694185256958008,0.5325155258178711,0.5577237010002136,0.034369710832834244,0.9991611838340759,0.49709025025367737,0.5643746256828308,-0.03430444374680519,0.9988082051277161,0.53069007396698,0.7051887512207031,0.032006118446588516,0.945542573928833,0.4986284375190735,0.7115128636360168,-0.02738616056740284,0.9785109758377075,0.5263434052467346,0.8256503343582153,0.1878209412097931,0.9397262334823608,0.49856337904930115,0.8374626040458679,0.11427665501832962,0.9657618403434753,0.520741879940033,0.8369636535644531,0.19852328300476074,0.8818118572235107,0.4971834421157837,0.8498907089233398,0.1231997087597847,0.787884533405304,0.5358560681343079,0.8740576505661011,0.11448056995868683,0.9458912014961243,0.5130040645599365,0.8826943635940552,0.021222854033112526,0.9580638408660889
3933.33333333334,0.5231274366378784,0.30914437770843506,-0.13364240527153015,0.9999585747718811,0.5241769552230835,0.29552507400512695,-0.11865399777889252,0.9999442100524902,0.5256766676902771,0.29549655318260193,-0.11868897080421448,0.9999301433563232,0.5272351503372192,0.29537615180015564,-0.1186879575252533,0.9999257326126099,0.518242597579956,0.2943829894065857,-0.13093309104442596,0.9999208450317383,0.5153666138648987,0.2938029170036316,-0.13093267381191254,0.9999045133590698,0.5120398998260498,0.293178528547287,-0.13094137609004974,0.9999057054519653,0.5246185064315796,0.2988567054271698,-0.019354674965143204,0.9998580813407898,0.5028438568115234,0.29819658398628235,-0.07548850029706955,0.999927818775177,0.5247795581817627,0.3211662769317627,-0.09433306753635406,0.999967098236084,0.5175182223320007,0.32027196884155273,-0.11049485951662064,0.9999736547470093,0.5363736748695374,0.36717578768730164,0.06142395734786987,0.9999546408653259,0.4790705442428589,0.37305042147636414,-0.042446598410606384,0.9999276399612427,0.5460329055786133,0.45963314175605774,0.034888189285993576,0.8905268907546997,0.4753885567188263,0.4762440323829651,-0.07153009623289108,0.9921846985816956,0.553532063961029,0.45108887553215027,-0.14294648170471191,0.9761050343513489,0.5126944184303284,0.4305756390094757,-0.14089594781398773,0.992473304271698,0.5555968880653381,0.45059123635292053,-0.17799946665763855,0.9578319191932678,0.522365152835846,0.42748013138771057,-0.16444391012191772,0.9821739792823792,0.5551170110702515,0.438660204410553,-0.18657533824443817,0.9596364498138428,0.5227121114730835,0.4139007329940796,-0.16801391541957855,0.980712890625,0.5529366731643677,0.43726226687431335,-0.15115951001644135,0.9455231428146362,0.5201122760772705,0.41372668743133545,-0.14144538342952728,0.9692394137382507,0.53251713514328,0.5579165816307068,0.03434491902589798,0.9991539716720581,0.497051864862442,0.5645653605461121,-0.034278713166713715,0.9987978339195251,0.530682384967804,0.7052474617958069,0.03267326578497887,0.9465085864067078,0.49862006306648254,0.7115597724914551,-0.027403872460126877,0.9786196351051331,0.5263475775718689,0.825654923915863,0.18791571259498596,0.9403380155563354,0.49856600165367126,0.8374378085136414,0.113976389169693,0.965946614742279,0.5207701921463013,0.837003231048584,0.19861167669296265,0.8818796277046204,0.497212290763855,0.8498616218566895,0.12292776256799698,0.7878243923187256,0.5358561277389526,0.8741219639778137,0.1147712916135788,0.9462412595748901,0.5129966735839844,0.8826112747192383,0.020773686468601227,0.9582377672195435
3966.6666666666733,0.5231316089630127,0.3092115819454193,-0.1336347460746765,0.9999575614929199,0.5241720676422119,0.29561418294906616,-0.11856091022491455,0.9999424815177917,0.525672197341919,0.29558542370796204,-0.11859617382287979,0.9999281764030457,0.5272166132926941,0.29546645283699036,-0.1185944452881813,0.9999236464500427,0.5182579159736633,0.2944783866405487,-0.1308339536190033,0.9999185800552368,0.515389084815979,0.2939024567604065,-0.13083286583423615,0.9999018907546997,0.5120715498924255,0.29326456785202026,-0.13084079325199127,0.99990314245224,0.524501621723175,0.2989778220653534,-0.019047336652874947,0.9998538494110107,0.5028459429740906,0.29823875427246094,-0.0751667395234108,0.999925434589386,0.5247774124145508,0.321234792470932,-0.09429720789194107,0.9999662041664124,0.5175377130508423,0.3203409016132355,-0.11045842617750168,0.9999729990959167,0.5363824963569641,0.3671950399875641,0.06160901486873627,0.9999548196792603,0.47906848788261414,0.3730585277080536,-0.042058344930410385,0.9999263882637024,0.5460712313652039,0.45933178067207336,0.035056471824645996,0.8922843933105469,0.4749835431575775,0.4762445390224457,-0.07136382907629013,0.9922345876693726,0.5532429218292236,0.4512959122657776,-0.14287468791007996,0.9763917922973633,0.5126219987869263,0.43159204721450806,-0.14149294793605804,0.9924973249435425,0.5550927519798279,0.4508182108402252,-0.17804689705371857,0.9581993222236633,0.5224524140357971,0.4290529787540436,-0.1653107851743698,0.9822092056274414,0.5546311140060425,0.4388352334499359,-0.18664894998073578,0.959986686706543,0.5228274464607239,0.4150867760181427,-0.16896478831768036,0.9807468056678772,0.5525190830230713,0.4373871386051178,-0.1511336863040924,0.9458888173103333,0.520210862159729,0.4148384630680084,-0.14207935333251953,0.9692533016204834,0.5324375629425049,0.5579314231872559,0.034409597516059875,0.9991498589515686,0.4969969391822815,0.5645608901977539,-0.034343209117650986,0.9987877011299133,0.5306777358055115,0.7052153944969177,0.03332309052348137,0.9470144510269165,0.4986226260662079,0.7113848924636841,-0.02743578515946865,0.9787459969520569,0.5263487100601196,0.8256534337997437,0.18633459508419037,0.9410669803619385,0.4985646903514862,0.8372535109519958,0.11179585754871368,0.9661919474601746,0.5207738876342773,0.8370585441589355,0.19652056694030762,0.8823124766349792,0.49720218777656555,0.8497774600982666,0.12040528655052185,0.7879727482795715,0.5358720421791077,0.8741331696510315,0.11229965835809708,0.946763277053833,0.5129948258399963,0.8824649453163147,0.018199102953076363,0.9585133194923401
4000.000000000007,0.5231479406356812,0.3093380033969879,-0.13463155925273895,0.9999557137489319,0.5241696834564209,0.29576313495635986,-0.11943164467811584,0.9999394416809082,0.525667130947113,0.2957538962364197,-0.1194676011800766,0.9999244809150696,0.5272105932235718,0.2956565022468567,-0.11946460604667664,0.9999197721481323,0.5183166265487671,0.29457077383995056,-0.13206996023654938,0.9999150633811951,0.515468180179596,0.29396724700927734,-0.13207028806209564,0.9998979568481445,0.5121948719024658,0.29329627752304077,-0.1320820152759552,0.9998995661735535,0.5244017243385315,0.2991947531700134,-0.01991819590330124,0.9998451471328735,0.5028703212738037,0.2982475757598877,-0.07795382291078568,0.9999220967292786,0.5247772336006165,0.32138168811798096,-0.09531005471944809,0.9999646544456482,0.5175713896751404,0.32042452692985535,-0.1119753047823906,0.9999719262123108,0.5363780856132507,0.36729303002357483,0.061244070529937744,0.9999536275863647,0.47905078530311584,0.37307003140449524,-0.04522622004151344,0.9999253749847412,0.5460514426231384,0.4593372046947479,0.03429291397333145,0.8921915888786316,0.47411268949508667,0.4764377772808075,-0.07316038757562637,0.9923368692398071,0.5523936748504639,0.45164594054222107,-0.1457858383655548,0.975929856300354,0.5124982595443726,0.43239688873291016,-0.14252452552318573,0.9925118088722229,0.5538482069969177,0.45109662413597107,-0.18136528134346008,0.9573180079460144,0.5226084589958191,0.4301993250846863,-0.16646258533000946,0.9821882843971252,0.553066611289978,0.43898844718933105,-0.1898905336856842,0.95914626121521,0.5230133533477783,0.41625311970710754,-0.16992853581905365,0.9807081818580627,0.5511056184768677,0.4374784827232361,-0.15416918694972992,0.9446892142295837,0.5203177332878113,0.41593125462532043,-0.14294692873954773,0.969103217124939,0.5322750210762024,0.5579608678817749,0.03462504968047142,0.999127209186554,0.49688974022865295,0.5645604133605957,-0.03456220403313637,0.9987574815750122,0.5306351780891418,0.7052267789840698,0.03514741361141205,0.9471476078033447,0.4985923171043396,0.7113655805587769,-0.02743297629058361,0.978858470916748,0.5263485312461853,0.8257166743278503,0.18663421273231506,0.9415282011032104,0.4985499083995819,0.8372481465339661,0.11115238815546036,0.9664322733879089,0.5207634568214417,0.8371852040290833,0.19685162603855133,0.8826531171798706,0.4971359968185425,0.8498392105102539,0.11959251761436462,0.7886698842048645,0.5359016060829163,0.8742035627365112,0.11268194764852524,0.947270929813385,0.513009250164032,0.8824610114097595,0.016813768073916435,0.9588446617126465
4033.3333333333403,0.5231472849845886,0.3094976544380188,-0.13527706265449524,0.9999538660049438,0.5241647958755493,0.2959732115268707,-0.12000207602977753,0.9999362230300903,0.5256491303443909,0.29597827792167664,-0.12003819644451141,0.9999204874038696,0.5271704196929932,0.2958928048610687,-0.12003323435783386,0.9999154806137085,0.518332839012146,0.29471567273139954,-0.13255243003368378,0.9999114871025085,0.5154948234558105,0.29408153891563416,-0.13255199790000916,0.9998939037322998,0.5122445225715637,0.29336822032928467,-0.13256341218948364,0.9998959898948669,0.5242690443992615,0.2994430363178253,-0.020297503098845482,0.9998348355293274,0.5028868317604065,0.29825249314308167,-0.07801607251167297,0.9999188184738159,0.5247415900230408,0.32157257199287415,-0.09589708596467972,0.9999626278877258,0.5175716280937195,0.3205345571041107,-0.11243020743131638,0.9999706745147705,0.5362898111343384,0.3672291338443756,0.06086228787899017,0.9999522566795349,0.47904905676841736,0.37302884459495544,-0.045262087136507034,0.9999245405197144,0.5458648800849915,0.4581873416900635,0.03380126506090164,0.8917003870010376,0.47358444333076477,0.47641465067863464,-0.07223112881183624,0.9924612641334534,0.5510814785957336,0.452349454164505,-0.14727547764778137,0.9752983450889587,0.5124928951263428,0.4332289695739746,-0.1399254947900772,0.9924948811531067,0.5519345998764038,0.45171868801116943,-0.18336251378059387,0.9562386274337769,0.5231634974479675,0.4318910241127014,-0.16398529708385468,0.982093095779419,0.5511190891265869,0.43977710604667664,-0.19230704009532928,0.9581066370010376,0.5234923362731934,0.41790422797203064,-0.16746287047863007,0.9805931448936462,0.5494222640991211,0.4382677972316742,-0.15587015450000763,0.943259596824646,0.5206957459449768,0.41754212975502014,-0.14023606479167938,0.9688558578491211,0.532138466835022,0.5578249096870422,0.034730203449726105,0.9991043210029602,0.4968414604663849,0.5643202662467957,-0.03466888517141342,0.9987321496009827,0.5306177735328674,0.7048326134681702,0.03609071299433708,0.9475508332252502,0.49856340885162354,0.7108915448188782,-0.02748994342982769,0.9792653322219849,0.5263523459434509,0.825724720954895,0.18448753654956818,0.9425703883171082,0.4985308349132538,0.8372393846511841,0.10691250115633011,0.9671252965927124,0.5207560658454895,0.8372535705566406,0.19396403431892395,0.8843734860420227,0.49709877371788025,0.8498799204826355,0.11486998945474625,0.7910404801368713,0.5360139012336731,0.8742147088050842,0.1093328446149826,0.9482619166374207,0.5130538940429688,0.8824806809425354,0.012095239944756031,0.9595851302146912
4066.666666666674,0.5231483578681946,0.3096649646759033,-0.13370980322360992,0.9999521970748901,0.5241615176200867,0.29618534445762634,-0.11828672140836716,0.9999334812164307,0.5256436467170715,0.29619669914245605,-0.11832217127084732,0.9999170899391174,0.5271528959274292,0.2961175739765167,-0.1183180958032608,0.9999120235443115,0.5183581709861755,0.29486578702926636,-0.13061067461967468,0.9999082684516907,0.5155325531959534,0.2941931188106537,-0.13060835003852844,0.999890148639679,0.5123247504234314,0.293436735868454,-0.13061705231666565,0.9998925924301147,0.5241937041282654,0.2996486723423004,-0.01828848384320736,0.99982750415802,0.5029270052909851,0.2982572019100189,-0.07484886050224304,0.9999155402183533,0.5247272849082947,0.32175374031066895,-0.09426979720592499,0.9999611973762512,0.5175783038139343,0.32063615322113037,-0.1105155274271965,0.9999696612358093,0.5362818241119385,0.3671953082084656,0.061586178839206696,0.9999522566795349,0.47909608483314514,0.3728758990764618,-0.0419500395655632,0.9999231696128845,0.5458601713180542,0.4577202796936035,0.03429652005434036,0.8933195471763611,0.4728122353553772,0.4763423204421997,-0.07149045169353485,0.9925235509872437,0.5507704019546509,0.453128457069397,-0.1458716243505478,0.9753634929656982,0.5120002031326294,0.43361029028892517,-0.1417253166437149,0.992469072341919,0.5512605905532837,0.4523076117038727,-0.18245664238929749,0.9561975002288818,0.5231281518936157,0.432297945022583,-0.16650892794132233,0.9820163249969482,0.5501335263252258,0.44037383794784546,-0.19123579561710358,0.9580532908439636,0.5234646201133728,0.4189726412296295,-0.16988414525985718,0.980503499507904,0.5486288666725159,0.43890970945358276,-0.15428026020526886,0.9430816769599915,0.5206844806671143,0.41874101758003235,-0.14212752878665924,0.9686591029167175,0.5320677757263184,0.5577498078346252,0.03476506471633911,0.999099612236023,0.49680379033088684,0.5639438033103943,-0.03470347076654434,0.9987208247184753,0.5306206941604614,0.7046623826026917,0.03464433178305626,0.9481742978096008,0.4985128343105316,0.7105619311332703,-0.028880733996629715,0.9795256853103638,0.5263954997062683,0.8257405161857605,0.18078596889972687,0.9435009360313416,0.4985460340976715,0.8372108936309814,0.10372359305620193,0.9676576256752014,0.5207650661468506,0.8372776508331299,0.19015710055828094,0.8854759335517883,0.4971047639846802,0.8498780727386475,0.1116756722331047,0.7923506498336792,0.5360724329948425,0.8743269443511963,0.10537265241146088,0.949019730091095,0.5131666660308838,0.8824817538261414,0.009224031120538712,0.9601228833198547
4100.000000000007,0.5231472253799438,0.30978676676750183,-0.12715086340904236,0.9999479055404663,0.5241576433181763,0.29629260301589966,-0.11174788326025009,0.9999269843101501,0.5256404280662537,0.29629194736480713,-0.1117812916636467,0.9999087452888489,0.5271493196487427,0.29619988799095154,-0.1117764562368393,0.9999033212661743,0.5183581709861755,0.294964462518692,-0.1236133798956871,0.999900758266449,0.515534520149231,0.29428085684776306,-0.12361153960227966,0.9998815655708313,0.5123361349105835,0.2935008108615875,-0.12362005561590195,0.9998852014541626,0.5241890549659729,0.2997020184993744,-0.011927628889679909,0.9998084306716919,0.50294029712677,0.29826563596725464,-0.06637607514858246,0.9999091625213623,0.5247290134429932,0.32183635234832764,-0.08777057379484177,0.9999567270278931,0.5175888538360596,0.32070520520210266,-0.10337282717227936,0.9999669790267944,0.5361868143081665,0.36694765090942383,0.06555651873350143,0.9999504685401917,0.4792458415031433,0.372484415769577,-0.035493552684783936,0.9999208450317383,0.5458701848983765,0.45599251985549927,0.036801841109991074,0.8922023177146912,0.47254055738449097,0.4755949378013611,-0.06840693950653076,0.9926654100418091,0.5494387149810791,0.45309996604919434,-0.14025746285915375,0.9746515154838562,0.5113281011581421,0.43347325921058655,-0.13980154693126678,0.9924921989440918,0.5494443774223328,0.4524797797203064,-0.17697711288928986,0.9550961256027222,0.5230019688606262,0.43202197551727295,-0.1647374927997589,0.9820346236228943,0.5472398400306702,0.44036608934402466,-0.186018168926239,0.9569676518440247,0.5234559178352356,0.4190853238105774,-0.1678512841463089,0.9805247783660889,0.54603111743927,0.4388798475265503,-0.1487686038017273,0.9416864514350891,0.5206227898597717,0.4188025891780853,-0.14011150598526,0.9686745405197144,0.5320509076118469,0.55731600522995,0.03478328138589859,0.9990829825401306,0.4968060553073883,0.5631953477859497,-0.034721266478300095,0.9987020492553711,0.530630350112915,0.7037822008132935,0.02866574563086033,0.9483094215393066,0.4985082745552063,0.7095150351524353,-0.03353269398212433,0.9795131683349609,0.5263968110084534,0.825738787651062,0.16868546605110168,0.9439442753791809,0.4986506998538971,0.8371505737304688,0.09281770884990692,0.9678344130516052,0.5207514762878418,0.8372922539710999,0.17752474546432495,0.8859810829162598,0.49719274044036865,0.8498722910881042,0.10027282685041428,0.7920765280723572,0.5361355543136597,0.8743529915809631,0.09341363608837128,0.9492682218551636,0.5131993889808655,0.8824740052223206,-0.001369154080748558,0.9601516127586365
4133.33333333334,0.5231083035469055,0.30979835987091064,-0.12115566432476044,0.9999452233314514,0.5241458415985107,0.2963082194328308,-0.10598289966583252,0.9999231696128845,0.5256354808807373,0.2963063418865204,-0.10601452738046646,0.9999037384986877,0.5271441340446472,0.29621270298957825,-0.1060139462351799,0.9998984336853027,0.5183490514755249,0.2949700653553009,-0.11793382465839386,0.9998961687088013,0.5155327916145325,0.2942892909049988,-0.11793304234743118,0.9998759031295776,0.5123389363288879,0.29351216554641724,-0.11793874949216843,0.9998806118965149,0.5241965055465698,0.2997276484966278,-0.006750337313860655,0.9997995495796204,0.5029566884040833,0.29826295375823975,-0.06169385090470314,0.999904990196228,0.5247147679328918,0.32184135913848877,-0.08190373331308365,0.9999548196792603,0.5175844430923462,0.3207142949104309,-0.09767033904790878,0.9999657273292542,0.5361821055412292,0.36687153577804565,0.06866399943828583,0.9999499320983887,0.47928914427757263,0.3716095983982086,-0.028364552184939384,0.9999191164970398,0.5461568832397461,0.4563358426094055,0.03655584156513214,0.8940250277519226,0.47213953733444214,0.4751094579696655,-0.05972152575850487,0.9925511479377747,0.5476122498512268,0.4530905783176422,-0.14052142202854156,0.9743545055389404,0.5103021860122681,0.43165573477745056,-0.13021372258663177,0.9922572374343872,0.5461750030517578,0.45207855105400085,-0.17764492332935333,0.9543596506118774,0.52205890417099,0.4298022985458374,-0.15433725714683533,0.9815119504928589,0.543844997882843,0.43804335594177246,-0.18592189252376556,0.9561921954154968,0.5224339365959167,0.4179888665676117,-0.15763013064861298,0.9799579381942749,0.5432912707328796,0.4370577335357666,-0.14900018274784088,0.9406493306159973,0.5195378065109253,0.4175417423248291,-0.13062570989131927,0.9678062796592712,0.5319336652755737,0.5565144419670105,0.0343240424990654,0.9990838170051575,0.49664780497550964,0.5619363188743591,-0.03426070883870125,0.9986979961395264,0.5306312441825867,0.7029370069503784,0.022964654490351677,0.9489096403121948,0.4984839856624603,0.7085814476013184,-0.03565178066492081,0.9794855713844299,0.5264022946357727,0.8256933689117432,0.16833940148353577,0.9445951581001282,0.4986835718154907,0.8368664979934692,0.09420976042747498,0.9681537747383118,0.5207518935203552,0.8372575044631958,0.17789791524410248,0.885809600353241,0.4972399175167084,0.8497015833854675,0.10205826908349991,0.7922289967536926,0.5361379981040955,0.8743633031845093,0.09296146035194397,0.9496462345123291,0.513189435005188,0.882369339466095,-0.0002915908698923886,0.9603413343429565
4166.666666666673,0.5230765342712402,0.3098936676979065,-0.1254139095544815,0.99994295835495,0.5241450667381287,0.29638656973838806,-0.11034650355577469,0.9999202489852905,0.5256515741348267,0.2963833510875702,-0.11038248240947723,0.9999001026153564,0.5271774530410767,0.29628986120224,-0.11038079112768173,0.9998942017555237,0.5183453559875488,0.2950189411640167,-0.12042326480150223,0.999891996383667,0.5155301094055176,0.2943226099014282,-0.12042266875505447,0.9998710751533508,0.5123386979103088,0.2935308814048767,-0.12042372673749924,0.9998757839202881,0.5243438482284546,0.29974642395973206,-0.008698428981006145,0.9997924566268921,0.5029679536819458,0.2982620298862457,-0.06475861370563507,0.9999018311500549,0.5246976613998413,0.3219115734100342,-0.08515451103448868,0.9999522566795349,0.5175566077232361,0.3207610845565796,-0.09808555990457535,0.9999639987945557,0.5360531210899353,0.3666688799858093,0.06852192431688309,0.9999492764472961,0.47958412766456604,0.3703370690345764,-0.03171949088573456,0.9999166131019592,0.5457140207290649,0.4556814432144165,0.040560826659202576,0.8936154246330261,0.4714527726173401,0.47397249937057495,-0.06105707585811615,0.9925881028175354,0.5477808117866516,0.4572349786758423,-0.12790386378765106,0.9741906523704529,0.5085192322731018,0.424916535615921,-0.1398339718580246,0.9922815561294556,0.5471847057342529,0.4567944407463074,-0.16302527487277985,0.9541783332824707,0.519903302192688,0.42444178462028503,-0.1649034023284912,0.9816012978553772,0.5452125072479248,0.4434143602848053,-0.17352008819580078,0.9559788107872009,0.5209047794342041,0.4137396812438965,-0.16863125562667847,0.9800707101821899,0.5442749261856079,0.4420984387397766,-0.13670165836811066,0.9404826164245605,0.517836332321167,0.41234666109085083,-0.1406681090593338,0.9680379033088684,0.5317800641059875,0.5565180778503418,0.03459987789392471,0.999091386795044,0.4965725541114807,0.5618937015533447,-0.03453439474105835,0.9987093806266785,0.5306159853935242,0.7029504776000977,0.024741094559431076,0.949138343334198,0.4983387589454651,0.7085939645767212,-0.03489532321691513,0.9796137809753418,0.526397168636322,0.8255739808082581,0.1718335598707199,0.9450145959854126,0.49867814779281616,0.8366051316261292,0.09453019499778748,0.9683834910392761,0.5207244753837585,0.8371427655220032,0.18130461871623993,0.8870772123336792,0.4972403645515442,0.8495736122131348,0.10238590836524963,0.7921243906021118,0.536139190196991,0.8743160367012024,0.09719279408454895,0.9497748613357544,0.5131564736366272,0.8822518587112427,0.0006227811682038009,0.960371196269989
4200.000000000006,0.5230720639228821,0.3099219501018524,-0.1302303820848465,0.9999374747276306,0.5241649746894836,0.2964233160018921,-0.11465179920196533,0.9999127388000488,0.5257164239883423,0.2964398264884949,-0.1146836057305336,0.9998897314071655,0.5272653698921204,0.2963721752166748,-0.11468204110860825,0.9998825788497925,0.5183455348014832,0.2950279116630554,-0.12390454858541489,0.999883770942688,0.5155307054519653,0.2943311631679535,-0.12390658259391785,0.9998626708984375,0.5123422741889954,0.29354193806648254,-0.12391145527362823,0.9998682141304016,0.5245826840400696,0.29981639981269836,-0.011855648830533028,0.9997716546058655,0.5030144453048706,0.2982649803161621,-0.06603396683931351,0.999895453453064,0.5246995091438293,0.3219432532787323,-0.08992011100053787,0.9999449253082275,0.517537534236908,0.3207665979862213,-0.10173409432172775,0.9999597072601318,0.5359984636306763,0.36667928099632263,0.06765727698802948,0.9999426007270813,0.4798780679702759,0.36980682611465454,-0.03190070763230324,0.9999110698699951,0.5454601049423218,0.4529406428337097,0.04809108003973961,0.8879460096359253,0.47080352902412415,0.4733095169067383,-0.08720133453607559,0.9927590489387512,0.5479474663734436,0.4585549831390381,-0.1004956066608429,0.9726632833480835,0.5061814188957214,0.41533616185188293,-0.17960087954998016,0.9925374984741211,0.5473372936248779,0.45970895886421204,-0.13094237446784973,0.9519719481468201,0.5169479846954346,0.4158300757408142,-0.2057466357946396,0.9822037220001221,0.5460061430931091,0.4470641613006592,-0.14166587591171265,0.9537638425827026,0.519232451915741,0.4071846008300781,-0.20789483189582825,0.9807341694831848,0.5448697805404663,0.4456169307231903,-0.10874973982572556,0.9379720091819763,0.5162236094474792,0.40489497780799866,-0.18023674190044403,0.9690975546836853,0.531699001789093,0.5570068359375,0.03469856455922127,0.9990836381912231,0.4965706467628479,0.5622211694717407,-0.03463863208889961,0.9987106323242188,0.5306137800216675,0.7031877636909485,0.025402750819921494,0.948539137840271,0.4981735944747925,0.7088176012039185,-0.03473014757037163,0.9791707396507263,0.526384174823761,0.8255459666252136,0.17254848778247833,0.9443188905715942,0.4986024498939514,0.8365693688392639,0.09458548575639725,0.9676626324653625,0.5206196904182434,0.8370553851127625,0.1818019449710846,0.8866696953773499,0.49707847833633423,0.8495652675628662,0.10244782269001007,0.7886908054351807,0.5361493825912476,0.874254047870636,0.09916245937347412,0.9488270282745361,0.5131503939628601,0.882107675075531,0.001977383391931653,0.9592822194099426
4233.333333333339,0.523070752620697,0.3098735809326172,-0.1302281618118286,0.9999226927757263,0.5241835713386536,0.2963844835758209,-0.11474800109863281,0.999894380569458,0.525772213935852,0.2964150011539459,-0.11477966606616974,0.999864399433136,0.5273407697677612,0.29636114835739136,-0.11477889865636826,0.999854564666748,0.518345296382904,0.2949710786342621,-0.12466592341661453,0.9998640418052673,0.5155308246612549,0.294284462928772,-0.1246667355298996,0.9998418092727661,0.5123438239097595,0.29350799322128296,-0.12467189133167267,0.9998512268066406,0.524817705154419,0.29981115460395813,-0.012564984150230885,0.9997216463088989,0.5030564069747925,0.29819294810295105,-0.06672186404466629,0.9998825788497925,0.5247340202331543,0.3218649625778198,-0.09007680416107178,0.9999298453330994,0.5175307989120483,0.3206694424152374,-0.10298635810613632,0.9999513030052185,0.5359905362129211,0.36697983741760254,0.06882108002901077,0.9999247789382935,0.47997716069221497,0.3692916929721832,-0.033014118671417236,0.9999039173126221,0.5454593300819397,0.45307713747024536,0.05603194609284401,0.8715680241584778,0.4699587821960449,0.47278180718421936,-0.08504593372344971,0.9928542375564575,0.5480687618255615,0.45821478962898254,-0.08895231783390045,0.9650775790214539,0.504690945148468,0.40839684009552,-0.164739191532135,0.9926929473876953,0.5474828481674194,0.46227067708969116,-0.11818675696849823,0.9414164423942566,0.5145109295845032,0.40811342000961304,-0.18952776491641998,0.9825437068939209,0.5465133786201477,0.4516090452671051,-0.12857134640216827,0.9433417916297913,0.5172132253646851,0.4011158049106598,-0.1921250969171524,0.9811084866523743,0.5452995300292969,0.4484091103076935,-0.0973416194319725,0.9263740181922913,0.5145429372787476,0.39940017461776733,-0.16517850756645203,0.9697085022926331,0.5315735936164856,0.5568065047264099,0.034715596586465836,0.9990560412406921,0.4965403378009796,0.561765730381012,-0.034654390066862106,0.9986985921859741,0.5306042432785034,0.7031530141830444,0.02697771042585373,0.9482886791229248,0.49806585907936096,0.7086805701255798,-0.03427552431821823,0.9787635207176208,0.5263587832450867,0.8255232572555542,0.17361925542354584,0.9440517425537109,0.4985751807689667,0.8365436792373657,0.09560539573431015,0.967376172542572,0.5205512642860413,0.8370410203933716,0.18298809230327606,0.886266827583313,0.4970652759075165,0.8495432138442993,0.10358815640211105,0.7871292233467102,0.5361406207084656,0.8741846084594727,0.10021346062421799,0.9481766819953918,0.5130184888839722,0.8818365931510925,0.002735098358243704,0.9587529897689819
4266.666666666672,0.5231122374534607,0.30986928939819336,-0.12955912947654724,0.9999147653579712,0.524264395236969,0.29637688398361206,-0.11417438834905624,0.9998838901519775,0.5258872509002686,0.2964085638523102,-0.11420664191246033,0.9998494982719421,0.5274466276168823,0.2963581383228302,-0.11420892179012299,0.9998387098312378,0.5184078812599182,0.29497653245925903,-0.12427446991205215,0.99985271692276,0.5156006813049316,0.294290691614151,-0.12427793443202972,0.9998300075531006,0.5124571919441223,0.2935177981853485,-0.12428794056177139,0.9998413920402527,0.5249643921852112,0.29978054761886597,-0.012634824961423874,0.9996923208236694,0.5032069683074951,0.2981887757778168,-0.06339289247989655,0.9998730421066284,0.5248218178749084,0.32184723019599915,-0.08960016071796417,0.9999173879623413,0.5175709128379822,0.32066553831100464,-0.1029348149895668,0.9999440312385559,0.5356565713882446,0.36730343103408813,0.07000838965177536,0.9999144673347473,0.4803314805030823,0.3691713809967041,-0.03333912044763565,0.9998965263366699,0.5448114275932312,0.4519723951816559,0.06783907860517502,0.8619077205657959,0.4696282744407654,0.4722893238067627,-0.09375668317079544,0.9930278062820435,0.5477889180183411,0.458778977394104,-0.05847248062491417,0.9629172086715698,0.5039823651313782,0.40486380457878113,-0.19180947542190552,0.9930441379547119,0.5476958155632019,0.4671582877635956,-0.0845717266201973,0.9382190108299255,0.5133143067359924,0.40005117654800415,-0.21862049400806427,0.9833459258079529,0.5468633770942688,0.4592277705669403,-0.09559249877929688,0.9401052594184875,0.5157367587089539,0.39235997200012207,-0.2188563346862793,0.9819739460945129,0.54549241065979,0.4543861746788025,-0.06629741936922073,0.9226963520050049,0.513092577457428,0.39309653639793396,-0.19188490509986877,0.971060574054718,0.5314770340919495,0.5564355254173279,0.03473343700170517,0.9990309476852417,0.49657002091407776,0.5613264441490173,-0.03467193618416786,0.9986803531646729,0.530545711517334,0.7029936909675598,0.027661681175231934,0.9470545649528503,0.49806568026542664,0.7085307836532593,-0.03421259671449661,0.9776949286460876,0.5262578129768372,0.8254848718643188,0.16744279861450195,0.9427513480186462,0.49857932329177856,0.8365079164505005,0.08712362498044968,0.9661559462547302,0.520332932472229,0.8370005488395691,0.17615415155887604,0.8852608799934387,0.4970492124557495,0.8495174050331116,0.09449004381895065,0.7830864191055298,0.5361402034759521,0.8741029500961304,0.0966971218585968,0.9467580914497375,0.5130550265312195,0.8818164467811584,-0.004394331946969032,0.9571215510368347
4300.0000000000055,0.5236309170722961,0.3099239468574524,-0.11657962948083878,0.9998959302902222,0.5246440172195435,0.2964406907558441,-0.10199613869190216,0.9998562932014465,0.5262036919593811,0.2964736223220825,-0.10202368348836899,0.9998120069503784,0.5276464223861694,0.29642680287361145,-0.10202579200267792,0.9998005628585815,0.5189416408538818,0.2951243221759796,-0.11406533420085907,0.9998247027397156,0.5161405801773071,0.2944695055484772,-0.11407791823148727,0.9998005628585815,0.513157069683075,0.29377231001853943,-0.11409874260425568,0.9998188018798828,0.525011420249939,0.29982513189315796,-0.005770345218479633,0.9996160864830017,0.5035828351974487,0.2983154356479645,-0.06144494563341141,0.9998515844345093,0.5252421498298645,0.3218681514263153,-0.07849957048892975,0.9998905062675476,0.518081784248352,0.3207346200942993,-0.09436861425638199,0.999929666519165,0.535582959651947,0.36790379881858826,0.07374708354473114,0.9998947381973267,0.4803179204463959,0.3692702054977417,-0.03416008874773979,0.9998893737792969,0.5436400771141052,0.45219671726226807,0.07644731551408768,0.8432480096817017,0.4697151184082031,0.4712935984134674,-0.08833295851945877,0.9932572841644287,0.5476691722869873,0.46299758553504944,-0.043393466621637344,0.9545643329620361,0.5040905475616455,0.40072858333587646,-0.17433546483516693,0.9933387637138367,0.5479215979576111,0.4727603793144226,-0.06832963973283768,0.9266902208328247,0.5139326453208923,0.3931674063205719,-0.19584208726882935,0.9839597344398499,0.5470410585403442,0.4663715064525604,-0.07966875284910202,0.9287137985229492,0.516006588935852,0.38541892170906067,-0.19267715513706207,0.9826298356056213,0.5456790328025818,0.46209850907325745,-0.05162566155195236,0.9105296730995178,0.5132974982261658,0.387289822101593,-0.17178888618946075,0.9720918536186218,0.5313349962234497,0.5563860535621643,0.034301504492759705,0.9989863634109497,0.49656930565834045,0.5611383318901062,-0.03422358259558678,0.9986526370048523,0.5305014252662659,0.7029516696929932,0.028126884251832962,0.9461018443107605,0.49804675579071045,0.708411455154419,-0.03407139331102371,0.9764883518218994,0.5262414813041687,0.8252280950546265,0.16129253804683685,0.9416306614875793,0.4985696077346802,0.8365233540534973,0.08442571759223938,0.964966356754303,0.5202692151069641,0.83673095703125,0.16957736015319824,0.8834266662597656,0.4969503581523895,0.8496556878089905,0.09154202044010162,0.7798847556114197,0.5362125039100647,0.8738779425621033,0.09026634693145752,0.9458138942718506,0.5133000016212463,0.8820033669471741,-0.006894788239151239,0.9558947682380676
4333.3333333333385,0.5240288376808167,0.3102579414844513,-0.1014477089047432,0.9998809099197388,0.5250366926193237,0.2969037592411041,-0.08691864460706711,0.9998313784599304,0.5265461206436157,0.2968907058238983,-0.08694486320018768,0.9997767210006714,0.5279079079627991,0.2968260943889618,-0.0869486853480339,0.9997662901878357,0.519380509853363,0.29573819041252136,-0.09938821941614151,0.999799370765686,0.5165748000144958,0.29513829946517944,-0.09939979761838913,0.9997738003730774,0.5136519074440002,0.2945602238178253,-0.09941142052412033,0.9997987151145935,0.5251747965812683,0.3001074194908142,0.005783341825008392,0.9995437860488892,0.5039297342300415,0.2987554967403412,-0.05169405788183212,0.9998272657394409,0.5255242586135864,0.3220823407173157,-0.06471890956163406,0.9998595118522644,0.5185101628303528,0.32111576199531555,-0.08118889480829239,0.9999115467071533,0.5350316762924194,0.3679344356060028,0.07873950153589249,0.9998816251754761,0.4803157150745392,0.37046846747398376,-0.02968606911599636,0.9998779296875,0.5414881110191345,0.4483910799026489,0.0900055468082428,0.829639196395874,0.4697933495044708,0.47069352865219116,-0.08600742369890213,0.9934737682342529,0.5472741723060608,0.46554210782051086,-0.00813507754355669,0.9502953290939331,0.5033348202705383,0.3973158597946167,-0.1666814386844635,0.9937027096748352,0.548332154750824,0.4790656268596649,-0.029405895620584488,0.9201482534408569,0.5132977962493896,0.3853814899921417,-0.18686743080615997,0.9847586750984192,0.5471859574317932,0.475479394197464,-0.04158083349466324,0.9222630262374878,0.5141074061393738,0.37718480825424194,-0.18249675631523132,0.9834895730018616,0.5456693172454834,0.47056469321250916,-0.01608944870531559,0.904104471206665,0.5114708542823792,0.38087454438209534,-0.16300012171268463,0.9734378457069397,0.5312486886978149,0.5563727021217346,0.03280063346028328,0.9989808201789856,0.4966268837451935,0.5610213875770569,-0.0327160581946373,0.9986473321914673,0.5303884148597717,0.702962338924408,0.024645281955599785,0.9451566934585571,0.49786558747291565,0.7082300782203674,-0.034075912088155746,0.9744918942451477,0.5262131690979004,0.8249486684799194,0.15499074757099152,0.9399283528327942,0.49855297803878784,0.8364797234535217,0.0828360989689827,0.9632647633552551,0.5201894044876099,0.8364793658256531,0.1634431779384613,0.8808519840240479,0.4969143867492676,0.8496533632278442,0.09009005129337311,0.7752430438995361,0.5362593531608582,0.8736676573753357,0.08641263842582703,0.9443929195404053,0.513299286365509,0.8820000886917114,-0.005999232642352581,0.9542039036750793
4366.6666666666715,0.5242822766304016,0.31006523966789246,-0.10304059088230133,0.9998642802238464,0.5254712104797363,0.29690486192703247,-0.08769344538450241,0.9998040199279785,0.52701735496521,0.2969129979610443,-0.08772347122430801,0.9997393488883972,0.5283237099647522,0.29692837595939636,-0.08772994577884674,0.9997314810752869,0.5197216272354126,0.2957254648208618,-0.09986758977174759,0.9997676014900208,0.5168632864952087,0.29512035846710205,-0.09987873584032059,0.99974125623703,0.513969898223877,0.29454392194747925,-0.09988929331302643,0.9997731447219849,0.5256913304328918,0.30091503262519836,0.006362756714224815,0.9994635581970215,0.5043140053749084,0.29884612560272217,-0.049873579293489456,0.9997898936271667,0.5258981585502625,0.32203492522239685,-0.06616268306970596,0.9998196959495544,0.5187908411026001,0.3210819661617279,-0.08227258175611496,0.9998853802680969,0.5347172617912292,0.36862078309059143,0.07877334207296371,0.9998612403869629,0.4803590178489685,0.37165406346321106,-0.030318984761834145,0.9998535513877869,0.5391693711280823,0.44797107577323914,0.09836054593324661,0.8120512962341309,0.46985214948654175,0.47044575214385986,-0.09526227414608002,0.9935811758041382,0.5473477840423584,0.47279733419418335,0.01718456670641899,0.9448006749153137,0.5006517171859741,0.3910790681838989,-0.17936347424983978,0.9940183758735657,0.5486081838607788,0.4872207045555115,-0.0013763195602223277,0.9118890762329102,0.510296642780304,0.373115211725235,-0.20386870205402374,0.9854556918144226,0.5472835302352905,0.4820641279220581,-0.014797921292483807,0.9142335653305054,0.5092251896858215,0.3653620481491089,-0.2018490880727768,0.9842392206192017,0.5457450151443481,0.4778887629508972,0.009025391191244125,0.8960452675819397,0.507215142250061,0.37208202481269836,-0.1784583032131195,0.9746236801147461,0.5310285091400146,0.556458055973053,0.03273261338472366,0.9989652037620544,0.49663543701171875,0.5610094666481018,-0.0326533280313015,0.9986184239387512,0.5303477644920349,0.7029734253883362,0.022426867857575417,0.9437441825866699,0.49769631028175354,0.7079206705093384,-0.03563777357339859,0.9719208478927612,0.5262125134468079,0.8245134949684143,0.15150555968284607,0.9384269118309021,0.49851739406585693,0.8364344835281372,0.07939556986093521,0.9612075686454773,0.5201175808906555,0.836094856262207,0.15979699790477753,0.8770430088043213,0.49679824709892273,0.849646270275116,0.08652884513139725,0.7680867910385132,0.5363085865974426,0.8736454844474792,0.0817614495754242,0.9430654644966125,0.513394296169281,0.8820828199386597,-0.009816744364798069,0.9523773193359375
4400.000000000005,0.5243438482284546,0.31015846133232117,-0.10891373455524445,0.9998347759246826,0.525654137134552,0.2976977229118347,-0.09352017939090729,0.9997448325157166,0.5271931886672974,0.2978813350200653,-0.09354560822248459,0.9996646642684937,0.5284899473190308,0.29815736413002014,-0.09354782849550247,0.9996582865715027,0.5199827551841736,0.2962553799152374,-0.10572182387113571,0.999698281288147,0.5171411633491516,0.2956010699272156,-0.10572889447212219,0.9996691942214966,0.5142971873283386,0.29500001668930054,-0.10573836416006088,0.9997072219848633,0.5258635878562927,0.3028286099433899,-0.0002806750708259642,0.9993034601211548,0.5047780275344849,0.2997532784938812,-0.053907036781311035,0.9996700882911682,0.5259414911270142,0.32217228412628174,-0.06851707398891449,0.999744176864624,0.5188511610031128,0.3213125467300415,-0.08508015424013138,0.9998236298561096,0.5346303582191467,0.3692125082015991,0.06218748167157173,0.9998339414596558,0.4803646206855774,0.3742133378982544,-0.03643281012773514,0.9997910857200623,0.5379301309585571,0.4470190107822418,0.08929716050624847,0.8006701469421387,0.47001248598098755,0.470419317483902,-0.12029047310352325,0.9933851957321167,0.5471635460853577,0.4794706702232361,0.018679656088352203,0.9408223032951355,0.4972435235977173,0.38310617208480835,-0.2356976419687271,0.9942194223403931,0.54876309633255,0.4928629994392395,0.00260406662710011,0.9055232405662537,0.5042936205863953,0.3597233295440674,-0.2641964554786682,0.985971987247467,0.5472869277000427,0.48643189668655396,-0.012895319610834122,0.9082571864128113,0.5026478171348572,0.3521985113620758,-0.2626020908355713,0.9847888350486755,0.5456832051277161,0.482356995344162,0.010389295406639576,0.8900468349456787,0.5016890168190002,0.36149483919143677,-0.23625941574573517,0.9754371047019958,0.530608594417572,0.5565844774246216,0.031948283314704895,0.9988954663276672,0.4966794550418854,0.5611796379089355,-0.03190123289823532,0.9984951019287109,0.5302748680114746,0.7031130790710449,0.02055269107222557,0.9416938424110413,0.49771854281425476,0.7076850533485413,-0.03585917502641678,0.9687868356704712,0.5262029767036438,0.8244991898536682,0.14749249815940857,0.9365674257278442,0.49850520491600037,0.8358691334724426,0.07914314419031143,0.9583358764648438,0.520110011100769,0.8360980749130249,0.15543025732040405,0.8721103668212891,0.4967993199825287,0.8491275906562805,0.0861077681183815,0.7582716345787048,0.5362589955329895,0.8737555742263794,0.07660078257322311,0.9411619901657104,0.5133665800094604,0.881614089012146,-0.010717121884226799,0.9493921995162964
4433.333333333338,0.5244585871696472,0.3101610243320465,-0.1093246191740036,0.9998141527175903,0.5257642865180969,0.2979574203491211,-0.09413602948188782,0.999704897403717,0.5272656083106995,0.2981996238231659,-0.09417117387056351,0.9996153712272644,0.5285433530807495,0.2985597252845764,-0.09417443722486496,0.9996110796928406,0.5202387571334839,0.29648059606552124,-0.1057075634598732,0.9996511936187744,0.5174866318702698,0.29584091901779175,-0.1057170107960701,0.9996207356452942,0.5146828293800354,0.29528331756591797,-0.10572795569896698,0.9996628761291504,0.5258814096450806,0.30364635586738586,-0.0018906755140051246,0.9991944432258606,0.505465567111969,0.300591379404068,-0.0550597682595253,0.9995756149291992,0.5259736180305481,0.32217445969581604,-0.07202354818582535,0.9996827244758606,0.5189779996871948,0.32136204838752747,-0.087715744972229,0.9997707605361938,0.5345214605331421,0.3695719242095947,0.06014252081513405,0.9998095631599426,0.48055198788642883,0.3756789267063141,-0.036142922937870026,0.9997258186340332,0.5371581315994263,0.4456881880760193,0.08627750724554062,0.7906907796859741,0.4700421988964081,0.47043493390083313,-0.11963287740945816,0.9931765794754028,0.547180712223053,0.48092538118362427,0.015112742781639099,0.937772274017334,0.49306610226631165,0.38141897320747375,-0.2392154037952423,0.994412362575531,0.5488948822021484,0.4936482608318329,-0.0013933717273175716,0.9007617235183716,0.4987298548221588,0.35565727949142456,-0.26866573095321655,0.9864768981933594,0.5473467111587524,0.4876655340194702,-0.017856022343039513,0.9038828015327454,0.4980357587337494,0.34843727946281433,-0.2674762010574341,0.9853314757347107,0.5457125902175903,0.48372751474380493,0.006400507874786854,0.8857479095458984,0.49717584252357483,0.35723260045051575,-0.240218847990036,0.9762594103813171,0.530289351940155,0.5565182566642761,0.03161439672112465,0.998860776424408,0.49671682715415955,0.5610007643699646,-0.031586918979883194,0.9984267950057983,0.5302019119262695,0.7031157612800598,0.01827068068087101,0.9410449862480164,0.4978097081184387,0.7071331739425659,-0.03761019557714462,0.9673225283622742,0.5262554883956909,0.8244732618331909,0.14036136865615845,0.936720609664917,0.4985041916370392,0.8358309864997864,0.07264094054698944,0.9574988484382629,0.5202059149742126,0.836101770401001,0.1477038860321045,0.8699520230293274,0.49680057168006897,0.8491030931472778,0.07909297943115234,0.7528897523880005,0.536300778388977,0.8737481236457825,0.0687609538435936,0.941096305847168,0.5134580731391907,0.8816048502922058,-0.017115121707320213,0.9485219717025757
4466.666666666671,0.5246958136558533,0.3101707100868225,-0.10631299763917923,0.9997990727424622,0.5259478688240051,0.2980705201625824,-0.09098231047391891,0.999679684638977,0.5274046063423157,0.29833176732063293,-0.09102150052785873,0.9995845556259155,0.5286536812782288,0.298722505569458,-0.09102893620729446,0.9995831847190857,0.5205209851264954,0.2966099977493286,-0.1021694466471672,0.9996187090873718,0.5178421139717102,0.29599425196647644,-0.10217943787574768,0.9995866417884827,0.5150297284126282,0.29548680782318115,-0.10218395292758942,0.999631941318512,0.5259149670600891,0.3040200471878052,7.382140756817535e-05,0.9991382360458374,0.5059565305709839,0.3011724352836609,-0.05149614438414574,0.9995075464248657,0.5260899066925049,0.3221913278102875,-0.07059846073389053,0.9996424913406372,0.519220232963562,0.32140272855758667,-0.08555538952350616,0.9997326731681824,0.5344619154930115,0.36975210905075073,0.06137178838253021,0.9997954368591309,0.4806252121925354,0.3764585852622986,-0.030254315584897995,0.9996604919433594,0.537305474281311,0.44434091448783875,0.08619753271341324,0.7850576639175415,0.47017863392829895,0.47044914960861206,-0.11256495118141174,0.9929124712944031,0.5472126007080078,0.48154324293136597,0.014765025116503239,0.9364269971847534,0.49019643664360046,0.38112422823905945,-0.23229998350143433,0.9945765733718872,0.5489915013313293,0.4941437244415283,-0.00249011954292655,0.8983544707298279,0.4948815405368805,0.3550327718257904,-0.2619738280773163,0.9869238138198853,0.5473714470863342,0.4880690276622772,-0.0188146885484457,0.9017356038093567,0.49489516019821167,0.3475606143474579,-0.2614918053150177,0.9858224391937256,0.5457283854484558,0.48413097858428955,0.006072982680052519,0.8838041424751282,0.4942176640033722,0.35644567012786865,-0.23373961448669434,0.9770298004150391,0.5300223231315613,0.5563336610794067,0.03035139851272106,0.998854398727417,0.4967174828052521,0.5607252717018127,-0.03033384121954441,0.9983917474746704,0.5300875902175903,0.7030832171440125,0.015197856351733208,0.9411501884460449,0.49785229563713074,0.7067155241966248,-0.037956561893224716,0.9658022522926331,0.5262542963027954,0.8244677186012268,0.1378953903913498,0.9370796084403992,0.49850305914878845,0.8357457518577576,0.07272990047931671,0.9565275311470032,0.5202049612998962,0.8361192941665649,0.14538604021072388,0.8672808408737183,0.4968271553516388,0.8490614891052246,0.07929017394781113,0.7464720010757446,0.5362154245376587,0.8739103674888611,0.06570308655500412,0.9409219622612,0.5134454369544983,0.8814720511436462,-0.017000848427414894,0.9474260807037354
4500.000000000004,0.5251017212867737,0.31037211418151855,-0.10842437297105789,0.9997873902320862,0.5261718034744263,0.29827654361724854,-0.09316709637641907,0.9996625781059265,0.5275620222091675,0.29849934577941895,-0.09320824593305588,0.9995642900466919,0.5287598371505737,0.2988624572753906,-0.09321799874305725,0.9995660781860352,0.5208305716514587,0.29700756072998047,-0.1040596142411232,0.9995929002761841,0.5181976556777954,0.2965012192726135,-0.10406976193189621,0.9995585083961487,0.5153441429138184,0.2961575984954834,-0.10407369583845139,0.999606192111969,0.5259217619895935,0.30414387583732605,-0.0010129987495020032,0.9991060495376587,0.5064054131507874,0.30237701535224915,-0.051373399794101715,0.9994463920593262,0.5262684226036072,0.3223799765110016,-0.07241705060005188,0.9996091723442078,0.519593358039856,0.32184258103370667,-0.08716414868831635,0.9996976256370544,0.5344621539115906,0.3699513375759125,0.059547435492277145,0.999782919883728,0.4810037910938263,0.3770616948604584,-0.02662968821823597,0.9995887875556946,0.5373498797416687,0.4447912871837616,0.08597328513860703,0.778733491897583,0.4702214002609253,0.47046786546707153,-0.10811861604452133,0.9923306703567505,0.5472307801246643,0.48218977451324463,0.01793978549540043,0.9350903034210205,0.4875439405441284,0.38200077414512634,-0.23223088681697845,0.994591236114502,0.5490583777427673,0.4943847060203552,0.0012865244643762708,0.8963637351989746,0.49041539430618286,0.3561401963233948,-0.26225510239601135,0.9871018528938293,0.5474053621292114,0.48812538385391235,-0.01590356044471264,0.9000119566917419,0.4902261197566986,0.34952887892723083,-0.2632226049900055,0.9860427379608154,0.5457528233528137,0.4842105507850647,0.009056245908141136,0.882209062576294,0.4898924231529236,0.3582955598831177,-0.2346191257238388,0.9774279594421387,0.5297725200653076,0.5563507676124573,0.02914446033537388,0.998851478099823,0.49668359756469727,0.5607605576515198,-0.02912951447069645,0.9983575940132141,0.5300505757331848,0.7031528949737549,0.016055474057793617,0.9412185549736023,0.497870534658432,0.7066218852996826,-0.037581946700811386,0.9645036458969116,0.526281476020813,0.8244685530662537,0.13925305008888245,0.9372602701187134,0.4985111653804779,0.835742712020874,0.0747523233294487,0.9557197690010071,0.5202856063842773,0.8361446857452393,0.14681266248226166,0.8644235134124756,0.496911883354187,0.8490617871284485,0.08144862204790115,0.7407837510108948,0.536213755607605,0.8739392757415771,0.06728780269622803,0.9406285285949707,0.5134484767913818,0.8814136385917664,-0.014735233969986439,0.9464616775512695
4533.333333333337,0.5254601240158081,0.3105078935623169,-0.10958582907915115,0.9997784495353699,0.5263528227806091,0.2983241081237793,-0.0943494364619255,0.999650776386261,0.5276890993118286,0.29852086305618286,-0.09439337998628616,0.9995514154434204,0.5288404226303101,0.2988656759262085,-0.09440533816814423,0.9995565414428711,0.5210246443748474,0.2971858084201813,-0.10507890582084656,0.9995713829994202,0.5183773040771484,0.2967366874217987,-0.10508851706981659,0.9995331168174744,0.5154722332954407,0.296465665102005,-0.10509132593870163,0.9995813369750977,0.5259155631065369,0.30410754680633545,-0.001680241897702217,0.9990836977958679,0.50654536485672,0.3027324080467224,-0.050966668874025345,0.9993864297866821,0.5264062881469727,0.3224750757217407,-0.07339893281459808,0.999579668045044,0.5198743939399719,0.32213154435157776,-0.08796299248933792,0.9996627569198608,0.5344065427780151,0.36994487047195435,0.059693463146686554,0.9997762441635132,0.4815017879009247,0.37692132592201233,-0.024297796189785004,0.9995104670524597,0.536830484867096,0.4451107978820801,0.08630619943141937,0.772485077381134,0.47024959325790405,0.47047725319862366,-0.1058388203382492,0.9912704229354858,0.5472400188446045,0.4821985960006714,0.015951115638017654,0.9344693422317505,0.4850287139415741,0.38373643159866333,-0.2354721873998642,0.9944035410881042,0.5491095781326294,0.49459144473075867,-0.0012904595350846648,0.8957451581954956,0.4877208471298218,0.3589566946029663,-0.2662874162197113,0.9869585633277893,0.5474534630775452,0.4879690110683441,-0.019363252446055412,0.8996044397354126,0.4878397583961487,0.3522022068500519,-0.2681112587451935,0.9859309196472168,0.5457828044891357,0.4839392900466919,0.0067114741541445255,0.8818249106407166,0.48757824301719666,0.36075180768966675,-0.23845705389976501,0.9773344993591309,0.529556155204773,0.5561683177947998,0.029396003112196922,0.9988409876823425,0.49666452407836914,0.5605738162994385,-0.029377339407801628,0.9983028173446655,0.5300489068031311,0.703154981136322,0.016621282324194908,0.9408191442489624,0.4979604184627533,0.706075131893158,-0.037394389510154724,0.9635503888130188,0.5262882113456726,0.8244691491127014,0.1405661255121231,0.9373674988746643,0.4985169768333435,0.8357639312744141,0.0730990394949913,0.9553569555282593,0.5202863216400146,0.8361530303955078,0.14779505133628845,0.8626771569252014,0.49692583084106445,0.8491034507751465,0.07957568764686584,0.7374882102012634,0.5362148284912109,0.874022901058197,0.06926403194665909,0.9403824210166931,0.5135781764984131,0.8814268708229065,-0.01549141388386488,0.9458558559417725
4566.66666666667,0.5256136655807495,0.3105565309524536,-0.10965228080749512,0.9997705817222595,0.5264202356338501,0.29832977056503296,-0.09451938420534134,0.999640703201294,0.5277422666549683,0.29851922392845154,-0.0945504829287529,0.9995401501655579,0.5288797616958618,0.2988497018814087,-0.0945514589548111,0.9995479583740234,0.5210805535316467,0.29730224609375,-0.10581834614276886,0.9995521306991577,0.518419086933136,0.29691773653030396,-0.10582716017961502,0.9995110630989075,0.5154970288276672,0.29672110080718994,-0.1058322936296463,0.9995594620704651,0.5259168148040771,0.30407485365867615,-0.0023226614575833082,0.9990668892860413,0.506615400314331,0.3030562996864319,-0.05203297361731529,0.9993332028388977,0.5264813899993896,0.3225250840187073,-0.0739850327372551,0.9995546936988831,0.5200190544128418,0.322358101606369,-0.08831086754798889,0.9996311068534851,0.5343669056892395,0.3698464334011078,0.05924578383564949,0.9997708797454834,0.4817854166030884,0.376807302236557,-0.025317750871181488,0.9994356632232666,0.5361677408218384,0.44519516825675964,0.08769561350345612,0.7671252489089966,0.470245897769928,0.4704727828502655,-0.1085793748497963,0.9903069138526917,0.5472480654716492,0.48167312145233154,0.019490087404847145,0.9342398643493652,0.4837546646595001,0.38398441672325134,-0.24417957663536072,0.9942711591720581,0.5492852330207825,0.49449676275253296,0.0030162641778588295,0.8956183791160583,0.486717164516449,0.35855409502983093,-0.27529624104499817,0.9869019985198975,0.5475820302963257,0.4879850745201111,-0.015398165211081505,0.8996778130531311,0.4868331849575043,0.3524405062198639,-0.27741920948028564,0.9859057068824768,0.5458768606185913,0.4838080406188965,0.010200624354183674,0.8819783926010132,0.48656100034713745,0.36122581362724304,-0.24739471077919006,0.9773537516593933,0.5293723344802856,0.5560796856880188,0.0295161884278059,0.9988370537757874,0.49661874771118164,0.5603886842727661,-0.02949683740735054,0.9982556700706482,0.5300455689430237,0.7031425833702087,0.017729273065924644,0.940298318862915,0.4979802072048187,0.7058206796646118,-0.03723020851612091,0.9622726440429688,0.5262600183486938,0.8245185613632202,0.13831186294555664,0.9373490810394287,0.4985165596008301,0.8358094096183777,0.07191183418035507,0.9546669125556946,0.5202133655548096,0.8362571001052856,0.14525358378887177,0.8611406087875366,0.4969272017478943,0.8492424488067627,0.0782775804400444,0.733635425567627,0.5361759066581726,0.8741786479949951,0.06610149145126343,0.9400553107261658,0.5135813355445862,0.8814301490783691,-0.01712862215936184,0.9449748992919922
4600.000000000003,0.5258034467697144,0.31057465076446533,-0.11048915982246399,0.9997580051422119,0.5264571309089661,0.2983168363571167,-0.09543628990650177,0.999620258808136,0.5277668237686157,0.2984812259674072,-0.0954805538058281,0.9995147585868835,0.5288922786712646,0.29877158999443054,-0.0954943522810936,0.9995254278182983,0.5211519598960876,0.29733699560165405,-0.10594156384468079,0.999523401260376,0.5184849500656128,0.29699012637138367,-0.10595329105854034,0.9994810223579407,0.5155487656593323,0.2968440055847168,-0.10596387833356857,0.9995318651199341,0.5259031057357788,0.30397698283195496,-0.005176037549972534,0.9990198016166687,0.5066595673561096,0.30327391624450684,-0.05210130289196968,0.9992701411247253,0.5266542434692383,0.3225540518760681,-0.07579613476991653,0.9995101094245911,0.5202548503875732,0.32250502705574036,-0.08931738883256912,0.999583899974823,0.534192681312561,0.3694222569465637,0.05753277987241745,0.9997548460960388,0.48216143250465393,0.37680989503860474,-0.027672234922647476,0.9993587136268616,0.5356177091598511,0.4442169666290283,0.09247787296772003,0.7592669129371643,0.4701537489891052,0.4700804352760315,-0.1160358190536499,0.9897879362106323,0.547264814376831,0.48090609908103943,0.03751117363572121,0.9327118992805481,0.4835502505302429,0.3810366094112396,-0.24834106862545013,0.9942398071289062,0.549822986125946,0.49410706758499146,0.024319075047969818,0.8934934139251709,0.48637521266937256,0.35529935359954834,-0.27841031551361084,0.9869701266288757,0.5479702353477478,0.48819273710250854,0.00589183671399951,0.8978251218795776,0.4865107238292694,0.3495166003704071,-0.27998441457748413,0.9860012531280518,0.5460778474807739,0.48379069566726685,0.02859889715909958,0.8801077604293823,0.486307829618454,0.3586769104003906,-0.25122037529945374,0.9775601625442505,0.5293725728988647,0.5561401844024658,0.02954758331179619,0.9988128542900085,0.49662595987319946,0.5604347586631775,-0.029529660940170288,0.9981920123100281,0.5300431251525879,0.7031426429748535,0.018038654699921608,0.9389663934707642,0.4980088472366333,0.7057996392250061,-0.037105679512023926,0.9605961441993713,0.5261986255645752,0.8247457146644592,0.13156217336654663,0.936363935470581,0.4985246956348419,0.8358960151672363,0.06685545295476913,0.9532802700996399,0.5201417803764343,0.8366827964782715,0.13790544867515564,0.858383297920227,0.4969378113746643,0.8495512008666992,0.07273971289396286,0.7281785011291504,0.5360816717147827,0.8745594024658203,0.05993175506591797,0.9391411542892456,0.5135857462882996,0.8814299702644348,-0.021101731806993484,0.9435527920722961
4633.333333333336,0.5260115265846252,0.31092992424964905,-0.10655493289232254,0.9997463226318359,0.5265116095542908,0.2985978126525879,-0.09179142862558365,0.9995993971824646,0.5277799367904663,0.2987057864665985,-0.09183859080076218,0.9994876980781555,0.5288922190666199,0.2989375591278076,-0.09185473620891571,0.9995017647743225,0.5213144421577454,0.29773345589637756,-0.1027667447924614,0.9994996786117554,0.5186912417411804,0.2974104583263397,-0.10277979075908661,0.9994572401046753,0.5157533288002014,0.29729902744293213,-0.1027948185801506,0.9995105266571045,0.5256942510604858,0.30398550629615784,-0.003958604298532009,0.9989670515060425,0.5067643523216248,0.30371952056884766,-0.05270637571811676,0.9992214441299438,0.526669442653656,0.32292479276657104,-0.07266947627067566,0.9994657039642334,0.520314633846283,0.3229953944683075,-0.0870676189661026,0.9995406866073608,0.5339868068695068,0.3691243529319763,0.05836391821503639,0.9997386932373047,0.48224693536758423,0.37689465284347534,-0.03230306878685951,0.9993148446083069,0.5354445576667786,0.4427805244922638,0.09812503308057785,0.7534727454185486,0.4700646698474884,0.46948331594467163,-0.12209147959947586,0.9897035956382751,0.5472935438156128,0.4804084599018097,0.049627918750047684,0.9312991499900818,0.48338234424591064,0.3784123361110687,-0.2478255182504654,0.9943791031837463,0.5503193736076355,0.49380701780319214,0.03829498216509819,0.891243577003479,0.48622703552246094,0.35302290320396423,-0.2767537236213684,0.9873369336128235,0.5484229326248169,0.4881513714790344,0.02031167782843113,0.8958584070205688,0.48647671937942505,0.34750157594680786,-0.2777586281299591,0.9864076375961304,0.5463336110115051,0.48368167877197266,0.04101917892694473,0.8783864378929138,0.4862689673900604,0.35704395174980164,-0.25028344988822937,0.9782254099845886,0.5293823480606079,0.5562012195587158,0.029897630214691162,0.998790442943573,0.4966663718223572,0.5604445338249207,-0.029889991506934166,0.9981474876403809,0.5300416946411133,0.7030684351921082,0.01840553991496563,0.9374622106552124,0.4980483949184418,0.7056453227996826,-0.03758051618933678,0.9591700434684753,0.5261638164520264,0.8248515725135803,0.1266273856163025,0.9352171421051025,0.49849733710289,0.8359588384628296,0.05919075757265091,0.952055811882019,0.5200614333152771,0.8368493318557739,0.13245035707950592,0.8566274642944336,0.49685779213905334,0.8498501181602478,0.06461526453495026,0.7241504788398743,0.5360586643218994,0.8748424053192139,0.057077888399362564,0.9383697509765625,0.5136106014251709,0.8815200328826904,-0.026715470477938652,0.9424843192100525
4666.666666666669,0.5260064005851746,0.31125763058662415,-0.10550245642662048,0.999740481376648,0.5265100598335266,0.2988090515136719,-0.09082743525505066,0.9995884895324707,0.5277708768844604,0.2988799810409546,-0.09087608754634857,0.9994731545448303,0.528874397277832,0.29906976222991943,-0.09089439362287521,0.9994900822639465,0.521320641040802,0.29797911643981934,-0.10147510468959808,0.9994866847991943,0.5186999440193176,0.29764920473098755,-0.10148719698190689,0.9994440674781799,0.5157673358917236,0.29753410816192627,-0.1014995202422142,0.9994990229606628,0.5256282091140747,0.3039919435977936,-0.002900216029956937,0.9989393353462219,0.5067621469497681,0.30395451188087463,-0.05138759687542915,0.9991925358772278,0.5266644954681396,0.32320722937583923,-0.07138729840517044,0.999435544013977,0.5203092098236084,0.3233255445957184,-0.08551593124866486,0.9995108246803284,0.5338233709335327,0.3685392737388611,0.058425016701221466,0.9997272491455078,0.4822370409965515,0.3768579661846161,-0.03189859539270401,0.9992803335189819,0.5353825092315674,0.4412817656993866,0.1001426950097084,0.7482358813285828,0.47002795338630676,0.4687853157520294,-0.1183592900633812,0.989541232585907,0.5473619103431702,0.48004773259162903,0.050372783094644547,0.9302515983581543,0.4827311933040619,0.3786914348602295,-0.244385227560997,0.9944528341293335,0.5508837103843689,0.49358052015304565,0.038600221276283264,0.8896752595901489,0.48523885011672974,0.35409876704216003,-0.27349141240119934,0.9875800013542175,0.5490432381629944,0.48819297552108765,0.02037644013762474,0.8945016860961914,0.48556873202323914,0.348347932100296,-0.2748784124851227,0.9866883158683777,0.5467010736465454,0.4836335778236389,0.041657112538814545,0.8772709369659424,0.4855591952800751,0.35756349563598633,-0.24704335629940033,0.9787111878395081,0.5294094681739807,0.55620276927948,0.02991262637078762,0.998779833316803,0.49669477343559265,0.5604285001754761,-0.029900994151830673,0.9981173872947693,0.5300400853157043,0.7029706239700317,0.018714191392064095,0.936575710773468,0.4980683922767639,0.7056060433387756,-0.03755209594964981,0.9583187699317932,0.526147186756134,0.8248695731163025,0.12592464685440063,0.9345794320106506,0.4984011948108673,0.8359946012496948,0.05842835083603859,0.9513216018676758,0.5200222730636597,0.8368987441062927,0.13181912899017334,0.8556192517280579,0.49671807885169983,0.8500158190727234,0.06386027485132217,0.7210149168968201,0.536053478717804,0.8749628663063049,0.05655280128121376,0.9379772543907166,0.5136147737503052,0.8815929293632507,-0.02746821567416191,0.9417715668678284
4700.000000000002,0.5261090397834778,0.31144246459007263,-0.10305262356996536,0.9997349977493286,0.5265272259712219,0.2988845407962799,-0.08844491839408875,0.9995774030685425,0.5277704000473022,0.2989308536052704,-0.08849168568849564,0.9994592666625977,0.5288658738136292,0.29909747838974,-0.08850812166929245,0.9994787573814392,0.5213890075683594,0.29812389612197876,-0.09967157244682312,0.999474287033081,0.5187913179397583,0.29781627655029297,-0.09968309849500656,0.999431848526001,0.5158693790435791,0.2977244257926941,-0.09969472140073776,0.9994869828224182,0.5253732204437256,0.3039785325527191,-0.0013182125985622406,0.9989151954650879,0.5067617893218994,0.3041509687900543,-0.0518263541162014,0.9991660118103027,0.5266722440719604,0.32338666915893555,-0.06918329745531082,0.9994129538536072,0.5203443169593811,0.32360824942588806,-0.08408213406801224,0.9994866251945496,0.5335870385169983,0.36815333366394043,0.058689575642347336,0.9997210502624512,0.48222631216049194,0.37687361240386963,-0.033597368746995926,0.9992539286613464,0.5351591110229492,0.440286248922348,0.09898539632558823,0.745273768901825,0.4699450731277466,0.4683307409286499,-0.12120261043310165,0.9894921779632568,0.5474509596824646,0.4798111021518707,0.04796179011464119,0.9297624230384827,0.4829409420490265,0.3788388967514038,-0.2434716522693634,0.9945390224456787,0.5514867901802063,0.49317118525505066,0.036053381860256195,0.8887352347373962,0.48566150665283203,0.3535115420818329,-0.27213093638420105,0.9878233075141907,0.5497892498970032,0.4880140423774719,0.018167585134506226,0.8937810063362122,0.48604393005371094,0.3475368916988373,-0.27328577637672424,0.9869617223739624,0.5472137928009033,0.4834026098251343,0.03930138796567917,0.8769370913505554,0.4859287142753601,0.3569910228252411,-0.2459350973367691,0.9791669249534607,0.5294714570045471,0.5562891364097595,0.030384177342057228,0.9987788200378418,0.49677154421806335,0.560452938079834,-0.03038083389401436,0.9980990290641785,0.5300440788269043,0.7029540538787842,0.018932217732071877,0.9361824989318848,0.4980677664279938,0.7056277394294739,-0.03752774000167847,0.9579113721847534,0.5261616110801697,0.8248721361160278,0.12837328016757965,0.9346662163734436,0.4982210099697113,0.836176872253418,0.06007053703069687,0.951118528842926,0.5200241804122925,0.8369015455245972,0.1345272958278656,0.855779230594635,0.49651798605918884,0.8503513336181641,0.06569740921258926,0.7195854783058167,0.5361059904098511,0.8749794960021973,0.05915597453713417,0.9382894039154053,0.5137611031532288,0.8819447755813599,-0.02571774274110794,0.9417139291763306
4733.333333333335,0.5261009931564331,0.3116265535354614,-0.10227908939123154,0.999726414680481,0.526531457901001,0.29897546768188477,-0.08750677853822708,0.999562680721283,0.5277726650238037,0.2990180552005768,-0.08755283802747726,0.9994397163391113,0.5288687944412231,0.2991798520088196,-0.08756944537162781,0.9994621872901917,0.521386981010437,0.2982034683227539,-0.09868144989013672,0.9994571208953857,0.518787145614624,0.2978917062282562,-0.09869267791509628,0.9994142651557922,0.5158559083938599,0.29779207706451416,-0.09870298206806183,0.9994712471961975,0.525375247001648,0.30405157804489136,-6.50539732305333e-07,0.9988822937011719,0.5066342353820801,0.3042337894439697,-0.051150646060705185,0.9991329312324524,0.5266202092170715,0.3236457109451294,-0.06830202043056488,0.9993849396705627,0.5202463865280151,0.32394054532051086,-0.08317793905735016,0.9994596242904663,0.5335330367088318,0.3680710792541504,0.058989267796278,0.9997109174728394,0.4820789098739624,0.3770768642425537,-0.033465586602687836,0.9992154836654663,0.5352259278297424,0.4394915997982025,0.09728812426328659,0.7415550947189331,0.4696861803531647,0.4681640565395355,-0.12087275087833405,0.9894169569015503,0.5475574135780334,0.4796331822872162,0.04435611888766289,0.9290662407875061,0.48305436968803406,0.3790360987186432,-0.24422113597393036,0.9946014285087585,0.551822304725647,0.49292415380477905,0.03196512535214424,0.8876054286956787,0.4859328269958496,0.35315021872520447,-0.27297016978263855,0.9880000948905945,0.5502369999885559,0.4878667891025543,0.01446487382054329,0.8928314447402954,0.4865436255931854,0.3470509648323059,-0.27354615926742554,0.9871618747711182,0.5475589632987976,0.48320069909095764,0.03580113500356674,0.8763487935066223,0.48641884326934814,0.35681241750717163,-0.2464565634727478,0.9795167446136475,0.5295411944389343,0.5563998818397522,0.030377469956874847,0.9987713694572449,0.4968350827693939,0.5606837868690491,-0.030373698100447655,0.9980692863464355,0.5300391912460327,0.7029767632484436,0.017981790006160736,0.9353844523429871,0.49806925654411316,0.7058693766593933,-0.03748159483075142,0.9566112160682678,0.5261531472206116,0.824850857257843,0.12961561977863312,0.9337194561958313,0.4981670677661896,0.8362026810646057,0.062202565371990204,0.9497765302658081,0.520015299320221,0.8368791341781616,0.13615331053733826,0.8533364534378052,0.496419757604599,0.8504102230072021,0.06806504726409912,0.7143102288246155,0.5360932946205139,0.874984860420227,0.060452092438936234,0.9373800754547119,0.5137664079666138,0.8819618821144104,-0.02418818697333336,0.9403145909309387
4766.666666666668,0.5261839032173157,0.31172826886177063,-0.10352063924074173,0.999716579914093,0.5266417264938354,0.2990882098674774,-0.08868768066167831,0.999544620513916,0.5278394222259521,0.2991081476211548,-0.08873382210731506,0.9994148015975952,0.5289084911346436,0.29924914240837097,-0.08875005692243576,0.9994401931762695,0.5215235352516174,0.2983047664165497,-0.09969854354858398,0.9994372129440308,0.5189279317855835,0.29796260595321655,-0.09970947355031967,0.9993940591812134,0.515985369682312,0.297824889421463,-0.09971777349710464,0.9994529485702515,0.5253747701644897,0.304062157869339,-0.0008693768177181482,0.9988313913345337,0.5066313743591309,0.30421850085258484,-0.054335083812475204,0.9990918636322021,0.5266216397285461,0.3236958384513855,-0.06889353692531586,0.9993520975112915,0.520244836807251,0.32404035329818726,-0.08333942294120789,0.999428391456604,0.5335656404495239,0.36806902289390564,0.05729307606816292,0.9996948838233948,0.4820760190486908,0.3773169219493866,-0.03887419030070305,0.9991733431816101,0.5352569818496704,0.4395926296710968,0.09589975327253342,0.7379603385925293,0.46967047452926636,0.4677060842514038,-0.13131769001483917,0.989517092704773,0.5475834608078003,0.47960296273231506,0.04425138607621193,0.928242564201355,0.48278847336769104,0.37515687942504883,-0.25410696864128113,0.9947435259819031,0.5519602298736572,0.49271827936172485,0.032934147864580154,0.8860966563224792,0.48597487807273865,0.34708431363105774,-0.28254470229148865,0.9883115291595459,0.5504458546638489,0.4877071678638458,0.015508203767240047,0.8915377259254456,0.4869224727153778,0.3408358097076416,-0.28246018290519714,0.9874970316886902,0.5477316975593567,0.4830036163330078,0.03579551354050636,0.8754006028175354,0.4867296516895294,0.35121890902519226,-0.2560803294181824,0.9800536036491394,0.529645562171936,0.5564969778060913,0.03048320859670639,0.9987620115280151,0.4969020187854767,0.5608708262443542,-0.030487723648548126,0.9980422854423523,0.5300432443618774,0.7029940485954285,0.018208259716629982,0.934627115726471,0.49807026982307434,0.7059736251831055,-0.037434037774801254,0.955507755279541,0.5261462330818176,0.8248403072357178,0.13090893626213074,0.933075487613678,0.49798762798309326,0.8361759185791016,0.06338446587324142,0.9486654996871948,0.519997775554657,0.8368772864341736,0.13756147027015686,0.8515735268592834,0.4961625337600708,0.8504094481468201,0.06934802979230881,0.7096965909004211,0.5360555648803711,0.8750025033950806,0.06152281537652016,0.9368056058883667,0.5137037038803101,0.8818897604942322,-0.023411141708493233,0.9393630623817444
4800.000000000001,0.5263493657112122,0.31177836656570435,-0.10424578189849854,0.9996945261955261,0.52681565284729,0.29910746216773987,-0.0893888846039772,0.9995085597038269,0.5279721617698669,0.29911983013153076,-0.08943474292755127,0.9993689656257629,0.5290033221244812,0.29925623536109924,-0.08945056051015854,0.9993983507156372,0.5217040777206421,0.298315167427063,-0.10023777186870575,0.9993930459022522,0.5190946459770203,0.2979637682437897,-0.1002485528588295,0.9993466734886169,0.5161343812942505,0.29781100153923035,-0.10025505721569061,0.9994091391563416,0.5253464579582214,0.30405735969543457,-0.0012990373652428389,0.9987397789955139,0.5066255927085876,0.304015189409256,-0.056423235684633255,0.9990026950836182,0.5266727209091187,0.32372716069221497,-0.0693175345659256,0.9992996454238892,0.5202749371528625,0.32406607270240784,-0.08379101753234863,0.9993753433227539,0.5335613489151001,0.3680139183998108,0.055734824389219284,0.9996770024299622,0.4819917678833008,0.37794896960258484,-0.03901071101427078,0.999090313911438,0.5351817011833191,0.43977993726730347,0.08786828070878983,0.7316288352012634,0.4696752429008484,0.4677053391933441,-0.1304418295621872,0.9890550971031189,0.5475956201553345,0.47955232858657837,0.03130864351987839,0.9266093373298645,0.4831373989582062,0.3742212951183319,-0.2541259229183197,0.9946162104606628,0.5520076155662537,0.49257054924964905,0.019554326310753822,0.8838825225830078,0.4863273799419403,0.34556716680526733,-0.2828536033630371,0.9881341457366943,0.5505368709564209,0.48750656843185425,0.0024608508683741093,0.8895910978317261,0.4873194694519043,0.33974799513816833,-0.28307855129241943,0.9873114228248596,0.5478031039237976,0.4828270375728607,0.022754168137907982,0.8735695481300354,0.4870319962501526,0.35062581300735474,-0.2562984526157379,0.9797966480255127,0.5297105312347412,0.5565011501312256,0.03040279820561409,0.9987377524375916,0.49696409702301025,0.5609018802642822,-0.03040861152112484,0.9979852437973022,0.5300384759902954,0.7030001878738403,0.01829470507800579,0.9341078996658325,0.49811041355133057,0.7059658765792847,-0.037154071033000946,0.9544045925140381,0.5261532664299011,0.8247413635253906,0.13169385492801666,0.9331172108650208,0.49798980355262756,0.8358819484710693,0.06445678323507309,0.9477516412734985,0.5202159285545349,0.8368299603462219,0.13838131725788116,0.8504689931869507,0.4961654841899872,0.8501054048538208,0.07041122019290924,0.7061934471130371,0.5360551476478577,0.8749856948852539,0.06195681914687157,0.9365488290786743,0.5136902332305908,0.8814342617988586,-0.02237081713974476,0.938308596611023
4833.333333333334,0.5263862013816833,0.3119100332260132,-0.10060328990221024,0.9996767044067383,0.5268716216087341,0.2992183566093445,-0.08565140515565872,0.9994825720787048,0.5280061364173889,0.2992100417613983,-0.08569803833961487,0.9993348717689514,0.5290165543556213,0.29932892322540283,-0.08571542054414749,0.999369740486145,0.5217761993408203,0.2983689308166504,-0.09741821885108948,0.999360978603363,0.5191652178764343,0.2979758083820343,-0.09743017703294754,0.9993116855621338,0.5161910653114319,0.297802597284317,-0.0974423885345459,0.9993779063224792,0.525234580039978,0.30405229330062866,0.0012848504120483994,0.9986804723739624,0.5066002607345581,0.3035739064216614,-0.054989609867334366,0.9989398717880249,0.5266727209091187,0.3238040804862976,-0.06669599562883377,0.9992605447769165,0.5202754139900208,0.3240751624107361,-0.08224733173847198,0.9993323683738708,0.533561646938324,0.3679036796092987,0.055952489376068115,0.9996604919433594,0.481854647397995,0.37850651144981384,-0.03840228542685509,0.9990234971046448,0.5351476073265076,0.43991944193840027,0.08755464851856232,0.726205587387085,0.4697589874267578,0.4673410654067993,-0.12774662673473358,0.9887989163398743,0.5476024150848389,0.4794798791408539,0.030686374753713608,0.9247417449951172,0.4834248721599579,0.37089163064956665,-0.24921263754367828,0.9945638179779053,0.5520451664924622,0.49247267842292786,0.018118780106306076,0.8811279535293579,0.48671388626098633,0.3414516746997833,-0.27815932035446167,0.988063633441925,0.5505918264389038,0.48735707998275757,0.0011808437993749976,0.8871486783027649,0.487638920545578,0.3355831801891327,-0.27876612544059753,0.9872368574142456,0.5478443503379822,0.48269790410995483,0.02212589420378208,0.871330738067627,0.4873065650463104,0.34717684984207153,-0.25133445858955383,0.9797164797782898,0.5297979712486267,0.5565527081489563,0.03018908016383648,0.9987291097640991,0.49705731868743896,0.5610413551330566,-0.030192289501428604,0.997964084148407,0.5300331711769104,0.7030805349349976,0.017474811524152756,0.9339021444320679,0.4981445372104645,0.7060057520866394,-0.03713785111904144,0.9536019563674927,0.5261536240577698,0.8247308731079102,0.12890025973320007,0.9331715703010559,0.4980146288871765,0.835877537727356,0.06438068300485611,0.946966290473938,0.5203261971473694,0.8368263244628906,0.13539743423461914,0.849667489528656,0.49621349573135376,0.850053608417511,0.07025215774774551,0.7028845548629761,0.5360593795776367,0.8749846816062927,0.0587039589881897,0.9363327622413635,0.5136892199516296,0.8813253045082092,-0.022506151348352432,0.937423050403595
4866.666666666667,0.5264020562171936,0.312041312456131,-0.09886666387319565,0.9996521472930908,0.5268760919570923,0.29928022623062134,-0.0840468630194664,0.9994441866874695,0.5280058979988098,0.2992546260356903,-0.08409512042999268,0.9992855191230774,0.5290073752403259,0.29935938119888306,-0.08411458879709244,0.9993278980255127,0.521794319152832,0.29839813709259033,-0.09596037119626999,0.9993128776550293,0.5191826224327087,0.29797905683517456,-0.09597202390432358,0.9992594122886658,0.5162078142166138,0.29778599739074707,-0.09598620235919952,0.9993305802345276,0.524954617023468,0.30398258566856384,0.002934603253379464,0.9985964298248291,0.5064784288406372,0.3031553328037262,-0.05302457511425018,0.9988458156585693,0.5266643166542053,0.3238886594772339,-0.06499005109071732,0.9992073774337769,0.5202769637107849,0.32408347725868225,-0.0807674378156662,0.9992717504501343,0.5335568785667419,0.36742648482322693,0.05703030899167061,0.9996493458747864,0.4815727174282074,0.37855347990989685,-0.0363314114511013,0.9989532232284546,0.5351760983467102,0.43923574686050415,0.08675290644168854,0.721879780292511,0.46990299224853516,0.46667006611824036,-0.12599708139896393,0.9884202480316162,0.5476128458976746,0.4791129231452942,0.02758924849331379,0.9232701659202576,0.483538419008255,0.37129876017570496,-0.2475225180387497,0.9944464564323425,0.5520893931388855,0.49230295419692993,0.014330009929835796,0.8789803981781006,0.4868128001689911,0.34194114804267883,-0.27631229162216187,0.9878932237625122,0.5506369471549988,0.48732176423072815,-0.0021485239267349243,0.8852806091308594,0.48772090673446655,0.33608102798461914,-0.27715176343917847,0.9870648384094238,0.5478796362876892,0.4826461374759674,0.019087834283709526,0.8695212602615356,0.48731496930122375,0.3477317690849304,-0.24986720085144043,0.9794686436653137,0.5298465490341187,0.5563415288925171,0.029539858922362328,0.9987266063690186,0.49708840250968933,0.5609154105186462,-0.029537109658122063,0.9979431629180908,0.5300542116165161,0.7029271721839905,0.012778099626302719,0.9338673949241638,0.4982481002807617,0.7055367827415466,-0.037435516715049744,0.9525279998779297,0.5261597037315369,0.8246591687202454,0.12199651449918747,0.9332373738288879,0.4981440007686615,0.8353427648544312,0.06358246505260468,0.9460545778274536,0.5204249620437622,0.8368187546730042,0.12827101349830627,0.8491697311401367,0.49644696712493896,0.8495343923568726,0.06931830197572708,0.6995517015457153,0.5360958576202393,0.8749516010284424,0.050449665635824203,0.9362477660179138,0.5136012434959412,0.8805832266807556,-0.02353164367377758,0.9364904761314392
4900.0,0.526443600654602,0.3120504915714264,-0.09351927787065506,0.9996313452720642,0.52687668800354,0.2992837131023407,-0.07860352098941803,0.999416172504425,0.5279979705810547,0.29925772547721863,-0.07865342497825623,0.9992503523826599,0.5289747714996338,0.29935917258262634,-0.0786774680018425,0.9993001222610474,0.5218207240104675,0.298406720161438,-0.09061215817928314,0.9992743134498596,0.5192098021507263,0.2979811429977417,-0.09062370657920837,0.9992164969444275,0.5162397027015686,0.29777976870536804,-0.09063509106636047,0.9992914199829102,0.5245532989501953,0.30389365553855896,0.00841460470110178,0.998543381690979,0.5064008831977844,0.3029875159263611,-0.04718131944537163,0.9987694621086121,0.5266655683517456,0.32389429211616516,-0.05966642126441002,0.9991678595542908,0.520316481590271,0.3240679204463959,-0.07555289566516876,0.9992218017578125,0.5335738658905029,0.3671013116836548,0.06210273131728172,0.9996457099914551,0.481527179479599,0.3785098195075989,-0.030021093785762787,0.9988844394683838,0.5353463888168335,0.43915945291519165,0.08678640425205231,0.7205891609191895,0.4701269567012787,0.46594423055648804,-0.12069984525442123,0.9880353212356567,0.5476253032684326,0.47852009534835815,0.024817336350679398,0.9230274558067322,0.48367172479629517,0.3718002736568451,-0.24003498256206512,0.9943487644195557,0.5520969033241272,0.49196240305900574,0.009976317174732685,0.8783982396125793,0.486737459897995,0.3426912724971771,-0.2688509523868561,0.9877543449401855,0.5506312251091003,0.4871426522731781,-0.006092802621424198,0.8848782777786255,0.4875989854335785,0.3367195725440979,-0.27039965987205505,0.9869270324707031,0.5478793382644653,0.48239874839782715,0.016297589987516403,0.8692455887794495,0.4873008131980896,0.34825384616851807,-0.24285663664340973,0.9792786836624146,0.5298685431480408,0.5562244057655334,0.028983766213059425,0.998746395111084,0.4970897436141968,0.5608086585998535,-0.028973020613193512,0.9979537129402161,0.5300657153129578,0.7028243541717529,0.011258810758590698,0.9343571066856384,0.49826136231422424,0.7050191164016724,-0.037419505417346954,0.9518408179283142,0.5261638164520264,0.8246093392372131,0.12172021716833115,0.933613121509552,0.49820059537887573,0.835135817527771,0.06391973048448563,0.9455284476280212,0.520510196685791,0.836814284324646,0.12820135056972504,0.8490544557571411,0.4966380298137665,0.8493081331253052,0.06971434503793716,0.696494460105896,0.5361055135726929,0.8749213814735413,0.05055717006325722,0.9363917708396912,0.5135341286659241,0.880092978477478,-0.023383837193250656,0.9359625577926636
4933.333333333333,0.5264809131622314,0.3120215833187103,-0.09210298210382462,0.999610960483551,0.5268776416778564,0.29924508929252625,-0.07666751742362976,0.999395489692688,0.5279929637908936,0.29921039938926697,-0.07672212272882462,0.9992263913154602,0.5289568305015564,0.299301415681839,-0.07675062119960785,0.9992833137512207,0.5218524932861328,0.298385351896286,-0.08818691223859787,0.9992397427558899,0.5192515254020691,0.29795560240745544,-0.08819746971130371,0.9991763234138489,0.5162853598594666,0.29773765802383423,-0.08820614218711853,0.9992550611495972,0.5244967937469482,0.3038145899772644,0.012678650207817554,0.9985175728797913,0.5063717365264893,0.30295130610466003,-0.04016653448343277,0.998698890209198,0.5266775488853455,0.3238457143306732,-0.05754030495882034,0.9991346597671509,0.5204018950462341,0.3240061104297638,-0.07275358587503433,0.9991738796234131,0.5339100360870361,0.36707767844200134,0.06629029661417007,0.999645471572876,0.48165079951286316,0.3777976930141449,-0.02037912607192993,0.9987838864326477,0.5357151627540588,0.4391925036907196,0.08233999460935593,0.7204426527023315,0.47038084268569946,0.4650360643863678,-0.11213556677103043,0.9873787760734558,0.5476366877555847,0.47798269987106323,0.005971681792289019,0.9230536818504333,0.4835928976535797,0.3722677230834961,-0.23793071508407593,0.9940875172615051,0.5520960688591003,0.491598516702652,-0.012478867545723915,0.8783993124961853,0.48631733655929565,0.3436341881752014,-0.26781055331230164,0.9873225092887878,0.5505968332290649,0.48667314648628235,-0.0284896120429039,0.8850085735321045,0.4872017800807953,0.33759400248527527,-0.26979508996009827,0.9864950180053711,0.5478713512420654,0.4818667471408844,-0.002911341842263937,0.8692744374275208,0.48704999685287476,0.34894537925720215,-0.2411961406469345,0.9786677360534668,0.5298742651939392,0.5555533766746521,0.02780846692621708,0.9987667202949524,0.49705809354782104,0.5599916577339172,-0.02778051234781742,0.9979642033576965,0.5300840139389038,0.7019621729850769,0.007607480976730585,0.9352743029594421,0.4983576238155365,0.7033170461654663,-0.03799057751893997,0.9516094923019409,0.526155412197113,0.8245866298675537,0.11719686537981033,0.9344983696937561,0.4984287917613983,0.8348334431648254,0.0625513568520546,0.945576012134552,0.5205559730529785,0.8368227481842041,0.12346720695495605,0.848995566368103,0.4969942271709442,0.8491945266723633,0.06816907972097397,0.6941538453102112,0.5361055135726929,0.874894917011261,0.04366735741496086,0.9368584752082825,0.5134667158126831,0.8798197507858276,-0.025895269587635994,0.9358881115913391
4966.666666666666,0.5264966487884521,0.3117773234844208,-0.0931076630949974,0.9995911717414856,0.5268693566322327,0.2989581823348999,-0.07847920060157776,0.9993793368339539,0.5279768705368042,0.2988840937614441,-0.07852530479431152,0.9992092847824097,0.5289351344108582,0.29892227053642273,-0.07854416966438293,0.9992713928222656,0.5218520164489746,0.2983013391494751,-0.09051243960857391,0.9992039799690247,0.5192511081695557,0.29791995882987976,-0.09052349627017975,0.999133825302124,0.5162848234176636,0.29772865772247314,-0.09053391963243484,0.9992162585258484,0.5244947075843811,0.30351418256759644,0.010432939045131207,0.9985060095787048,0.5063675045967102,0.3030443787574768,-0.03941138833761215,0.9986310005187988,0.5267549157142639,0.32359617948532104,-0.059616390615701675,0.9991134405136108,0.5205370187759399,0.3238418400287628,-0.07502765953540802,0.9991375207901001,0.5349273085594177,0.36707988381385803,0.06573061645030975,0.9996481537818909,0.48252204060554504,0.3773224353790283,-0.016688378527760506,0.9986757636070251,0.5362105965614319,0.4392266273498535,0.07223019003868103,0.7210747599601746,0.4705997705459595,0.4634994566440582,-0.11011560261249542,0.9867134094238281,0.5476672649383545,0.47790640592575073,-0.015514490194618702,0.9233790636062622,0.48357298970222473,0.3726630210876465,-0.24067877233028412,0.993779182434082,0.5520855188369751,0.49158182740211487,-0.03618674725294113,0.8790719509124756,0.4861728847026825,0.3440912067890167,-0.2722749412059784,0.9867775440216064,0.5505213141441345,0.4863363206386566,-0.0524667352437973,0.8857290744781494,0.4871729016304016,0.338224321603775,-0.27447420358657837,0.9859477877616882,0.5478602647781372,0.481514036655426,-0.02473066933453083,0.8697975277900696,0.48706284165382385,0.3494102656841278,-0.2443406879901886,0.9779027104377747,0.5298356413841248,0.5551170706748962,0.026469029486179352,0.9987902045249939,0.4969387948513031,0.5592312216758728,-0.02643233723938465,0.9979761838912964,0.5300235152244568,0.701752781867981,0.004224881064146757,0.9366579651832581,0.49837324023246765,0.7027050852775574,-0.03872854262590408,0.9517874121665955,0.5261260271072388,0.8245221376419067,0.11680007725954056,0.9359475374221802,0.49862226843833923,0.8346712589263916,0.06285978108644485,0.9459518790245056,0.5205673575401306,0.8367803692817688,0.12319435179233551,0.8487497568130493,0.4973551034927368,0.8490559458732605,0.06854157149791718,0.6916854977607727,0.5360687971115112,0.8748387694358826,0.04027526080608368,0.9375960230827332,0.5133952498435974,0.8795825839042664,-0.02714567258954048,0.9361420273780823
4999.999999999999,0.5264926552772522,0.3116227984428406,-0.09995122998952866,0.9995651841163635,0.5268309116363525,0.298770010471344,-0.08449170738458633,0.9993552565574646,0.5279431939125061,0.29862889647483826,-0.08454907685518265,0.9991786479949951,0.528906524181366,0.2985842823982239,-0.08457987755537033,0.999250054359436,0.5218161940574646,0.2982850670814514,-0.09521632641553879,0.9991616010665894,0.5192039608955383,0.2979201376438141,-0.0952276811003685,0.9990823268890381,0.5162418484687805,0.2977426052093506,-0.09524630010128021,0.999168336391449,0.5244974493980408,0.30308571457862854,0.009081912226974964,0.9984757304191589,0.5063313841819763,0.30314651131629944,-0.04173169657588005,0.998557984828949,0.5268626809120178,0.3233417868614197,-0.06422390788793564,0.9990857243537903,0.5206464529037476,0.32362642884254456,-0.07814517617225647,0.9990905523300171,0.5353290438652039,0.3669181764125824,0.06551811099052429,0.9996447563171387,0.4835146367549896,0.3755587637424469,-0.01979386992752552,0.998575747013092,0.536651074886322,0.43909093737602234,0.07271165400743484,0.721831738948822,0.471408486366272,0.45843255519866943,-0.11924424767494202,0.9862703084945679,0.5478709936141968,0.4778490960597992,-0.006382753606885672,0.9237481951713562,0.48371726274490356,0.37008965015411377,-0.2515150308609009,0.9934823513031006,0.5520831346511841,0.49157267808914185,-0.02507435716688633,0.8797762989997864,0.48625096678733826,0.3429241478443146,-0.2832123339176178,0.986211359500885,0.5504805445671082,0.48627719283103943,-0.04177634418010712,0.8864080905914307,0.48722583055496216,0.3366977572441101,-0.2853398025035858,0.9853499531745911,0.5478662848472595,0.4814683794975281,-0.015458101406693459,0.8703579902648926,0.48715636134147644,0.34819743037223816,-0.25515350699424744,0.9770659804344177,0.5298375487327576,0.5548447966575623,0.026628045365214348,0.9988083839416504,0.4969383180141449,0.5590265989303589,-0.026596449315547943,0.9979952573776245,0.530017077922821,0.70172119140625,0.005805534310638905,0.9374587535858154,0.4983760118484497,0.702758252620697,-0.03956412523984909,0.9522950649261475,0.5257953405380249,0.8245830535888672,0.11774532496929169,0.936875581741333,0.4986513555049896,0.8349575400352478,0.06041731685400009,0.9465733170509338,0.5199832320213318,0.8368132710456848,0.12406913936138153,0.850166916847229,0.49749431014060974,0.8493998050689697,0.06581766903400421,0.6916202306747437,0.5359271764755249,0.8749275207519531,0.04204127565026283,0.9380151033401489,0.5132910013198853,0.8795431852340698,-0.03134680539369583,0.9364940524101257
5033.333333333332,0.526469886302948,0.3114791214466095,-0.10041113942861557,0.9995503425598145,0.5268083214759827,0.2986857295036316,-0.08482936024665833,0.9993499517440796,0.5279306173324585,0.29852330684661865,-0.08488915115594864,0.9991700053215027,0.5289011597633362,0.2984522581100464,-0.08492568880319595,0.9992501735687256,0.5217944383621216,0.29826822876930237,-0.0952465608716011,0.9991426467895508,0.5191788077354431,0.2979162037372589,-0.0952584370970726,0.999053955078125,0.5162257552146912,0.2977416515350342,-0.09527698159217834,0.9991410970687866,0.5245882868766785,0.30292588472366333,0.008152621798217297,0.9984844923019409,0.5063254833221436,0.3031664788722992,-0.0416138656437397,0.9985227584838867,0.5269115567207336,0.32311174273490906,-0.06435520201921463,0.999080240726471,0.5206939578056335,0.3233771324157715,-0.07855024933815002,0.9990638494491577,0.5356571674346924,0.36689120531082153,0.0658876821398735,0.9996471405029297,0.4841284155845642,0.3743128776550293,-0.021578192710876465,0.9985086917877197,0.5370109677314758,0.44030243158340454,0.07533518224954605,0.7216429114341736,0.47262489795684814,0.4553973972797394,-0.12086616456508636,0.9855185747146606,0.548028826713562,0.47782784700393677,0.0007528632995672524,0.9240707159042358,0.4837319254875183,0.3691301643848419,-0.252074658870697,0.9930567145347595,0.5520791411399841,0.49161648750305176,-0.016779625788331032,0.8806613087654114,0.4863133728504181,0.3428139090538025,-0.2836880385875702,0.9854512810707092,0.5504583120346069,0.48622578382492065,-0.03363777697086334,0.8873119354248047,0.48730233311653137,0.336710661649704,-0.28615304827690125,0.9845642447471619,0.5478829145431519,0.48142412304878235,-0.00818445160984993,0.8711655735969543,0.48721104860305786,0.3482435941696167,-0.25590190291404724,0.9760017395019531,0.5298402309417725,0.5542511343955994,0.027177898213267326,0.9988484978675842,0.49690625071525574,0.5584104657173157,-0.027141926810145378,0.9980533123016357,0.5300202369689941,0.701660692691803,0.006986469030380249,0.9383471012115479,0.49828922748565674,0.7028006911277771,-0.0401749424636364,0.9526857733726501,0.5257502198219299,0.8246359825134277,0.1190575659275055,0.9379485249519348,0.4986094534397125,0.8351427316665649,0.06030156835913658,0.9473943114280701,0.5198384523391724,0.8368523716926575,0.1254505068063736,0.8520158529281616,0.49752992391586304,0.8495848774909973,0.06579270958900452,0.6919902563095093,0.5359355807304382,0.8749808073043823,0.04428224265575409,0.9385793209075928,0.5125668048858643,0.8794223666191101,-0.031001782044768333,0.9371917843818665
5066.666666666665,0.5264639258384705,0.31122833490371704,-0.09883853048086166,0.9995355010032654,0.526792585849762,0.29853132367134094,-0.08326605707406998,0.9993417263031006,0.5279202461242676,0.29833993315696716,-0.08332327008247375,0.9991564750671387,0.5288962125778198,0.29822617769241333,-0.08336064219474792,0.9992460608482361,0.5217826962471008,0.29821452498435974,-0.09400074928998947,0.9991222023963928,0.5191689729690552,0.2978841960430145,-0.09401187300682068,0.9990257024765015,0.5162240266799927,0.29772335290908813,-0.09402726590633392,0.9991140365600586,0.5246439576148987,0.3025948703289032,0.009635629132390022,0.9984869360923767,0.5063216686248779,0.30314379930496216,-0.04056179150938988,0.9984964728355408,0.5269550085067749,0.3226553797721863,-0.0626576691865921,0.999075174331665,0.5207517147064209,0.3229571580886841,-0.07702711969614029,0.9990386962890625,0.5359315276145935,0.3667296767234802,0.06840431690216064,0.9996503591537476,0.4844173491001129,0.3732648491859436,-0.022317104041576385,0.998480498790741,0.53707355260849,0.4403209984302521,0.07976798713207245,0.7209020256996155,0.47353696823120117,0.4526960253715515,-0.12750355899333954,0.9852948188781738,0.5480908751487732,0.477851539850235,0.013452746905386448,0.9239309430122375,0.4851061701774597,0.36526376008987427,-0.25206056237220764,0.9929097890853882,0.552071213722229,0.49167418479919434,-0.003056564135476947,0.8807973265647888,0.4877050518989563,0.33888837695121765,-0.2830452620983124,0.9851453900337219,0.5504432916641235,0.486190527677536,-0.020131835713982582,0.8874487280845642,0.48844990134239197,0.3327946960926056,-0.28492751717567444,0.9842312335968018,0.5478955507278442,0.4814000427722931,0.004470416344702244,0.8714307546615601,0.48865458369255066,0.3453401029109955,-0.25553837418556213,0.9755561947822571,0.5298449397087097,0.5539991855621338,0.028590481728315353,0.9988946914672852,0.4969028830528259,0.5581585168838501,-0.028562555089592934,0.9981218576431274,0.5300326943397522,0.7016894817352295,0.006743889767676592,0.9392959475517273,0.498166024684906,0.7029680609703064,-0.04168825224041939,0.9530359506607056,0.5256937146186829,0.8247489929199219,0.11983775347471237,0.938822865486145,0.4985722005367279,0.8352963924407959,0.06017208844423294,0.948115348815918,0.5196483731269836,0.8368593454360962,0.12612955272197723,0.8536835312843323,0.4975975751876831,0.8495926856994629,0.06582139432430267,0.6930087804794312,0.5358971357345581,0.8750364780426025,0.045396387577056885,0.9390121102333069,0.5122745037078857,0.8794138431549072,-0.03055536560714245,0.9378829598426819
5099.999999999998,0.5264273881912231,0.3110053241252899,-0.0967697724699974,0.9995344281196594,0.5267791748046875,0.2983740568161011,-0.08131517469882965,0.9993462562561035,0.5279138088226318,0.29815903306007385,-0.08136866241693497,0.9991608262062073,0.5288950800895691,0.29801034927368164,-0.08140310645103455,0.9992558360099792,0.52175372838974,0.29814672470092773,-0.0922413319349289,0.9991195797920227,0.5191449522972107,0.297838032245636,-0.09225129336118698,0.9990194439888,0.5162075161933899,0.29769259691238403,-0.0922614261507988,0.9991055130958557,0.5247533917427063,0.3023587167263031,0.01074493769556284,0.9985113739967346,0.5063180327415466,0.30308422446250916,-0.03967298939824104,0.9984934329986572,0.5269562005996704,0.322338730096817,-0.060852568596601486,0.9990861415863037,0.520752489566803,0.3226746916770935,-0.07532716542482376,0.9990332722663879,0.5359349846839905,0.3665185570716858,0.06984134763479233,0.9996580481529236,0.48475492000579834,0.3722590506076813,-0.023792268708348274,0.9984716176986694,0.5370986461639404,0.43963122367858887,0.08650044351816177,0.7234839797019958,0.4744829833507538,0.4508233070373535,-0.12794466316699982,0.985316812992096,0.5481623411178589,0.4778696596622467,0.0288108978420496,0.925169825553894,0.4876486659049988,0.3637116849422455,-0.24979008734226227,0.9929136633872986,0.5520696640014648,0.49180036783218384,0.013753547333180904,0.8824784159660339,0.49097490310668945,0.3377174437046051,-0.2796648442745209,0.9851194024085999,0.5504373908042908,0.4863051176071167,-0.003099673893302679,0.8890193700790405,0.4915735423564911,0.33146199584007263,-0.28105422854423523,0.984189510345459,0.5479440093040466,0.481521338224411,0.020204178988933563,0.8732714056968689,0.4917280972003937,0.343763530254364,-0.2529413104057312,0.9755262732505798,0.5298425555229187,0.5538395643234253,0.02990608476102352,0.99893718957901,0.4969111979007721,0.5580302476882935,-0.029890142381191254,0.9981821179389954,0.5300322771072388,0.7016013860702515,0.0069899531081318855,0.9400668740272522,0.4981229901313782,0.7031258344650269,-0.04253505915403366,0.9533179402351379,0.5256736278533936,0.8247492909431458,0.12031827867031097,0.9395043849945068,0.49856504797935486,0.8353162407875061,0.059498440474271774,0.9486820101737976,0.5196421146392822,0.8368072509765625,0.12652169167995453,0.8554289937019348,0.4976605176925659,0.8495316505432129,0.06527586281299591,0.6938697695732117,0.5358440279960632,0.8750724792480469,0.046802740544080734,0.9393909573554993,0.5122044682502747,0.8793097138404846,-0.030142389237880707,0.9385003447532654
5133.333333333331,0.5260719656944275,0.310552179813385,-0.09682648628950119,0.9995393753051758,0.5265631675720215,0.29778313636779785,-0.08157703280448914,0.9993563890457153,0.5277701616287231,0.2975357472896576,-0.08163107931613922,0.9991725087165833,0.5288228988647461,0.29733923077583313,-0.08166921883821487,0.9992696642875671,0.5214253664016724,0.29774612188339233,-0.09268001466989517,0.9991251826286316,0.5187721848487854,0.2974957823753357,-0.0926901176571846,0.9990237355232239,0.5158126354217529,0.2973826825618744,-0.09270092099905014,0.999108612537384,0.5248382687568665,0.3018686771392822,0.010066170245409012,0.9985459446907043,0.5060819983482361,0.30274498462677,-0.03901843726634979,0.9985061883926392,0.5268024206161499,0.3219699561595917,-0.06093684211373329,0.9990988969802856,0.5205381512641907,0.3223123252391815,-0.0758819505572319,0.9990344047546387,0.5359168648719788,0.36620450019836426,0.0692560225725174,0.9996629357337952,0.48488733172416687,0.3715302646160126,-0.02390342950820923,0.9984711408615112,0.5371649265289307,0.43919816613197327,0.08820565044879913,0.7271149158477783,0.47469428181648254,0.45056775212287903,-0.12667886912822723,0.9854663014411926,0.5482515096664429,0.4779347777366638,0.03316350281238556,0.9266532063484192,0.48944196105003357,0.3638266324996948,-0.2450864613056183,0.9929882287979126,0.5520716309547424,0.4919334053993225,0.018594006076455116,0.8844757080078125,0.4936150014400482,0.3381323218345642,-0.2739787697792053,0.9852246046066284,0.5504551529884338,0.4864356815814972,0.0016324144089594483,0.8908654451370239,0.4938052296638489,0.3318398892879486,-0.2750411629676819,0.9842984080314636,0.548035740852356,0.48166096210479736,0.024689337238669395,0.8752804398536682,0.4936184883117676,0.3435794711112976,-0.2478356808423996,0.9757570624351501,0.5298283696174622,0.5538358092308044,0.029894812032580376,0.9989607930183411,0.4969107508659363,0.5580326914787292,-0.02987944334745407,0.998222291469574,0.5299896597862244,0.7015701532363892,0.007332528475672007,0.9391286969184875,0.498078316450119,0.7033446431159973,-0.041749343276023865,0.9520354270935059,0.52549147605896,0.8249673843383789,0.12017396092414856,0.9377162456512451,0.4985642433166504,0.8353713750839233,0.05948343500494957,0.9471785426139832,0.5195778012275696,0.8369536399841309,0.12660782039165497,0.8522485494613647,0.49784696102142334,0.8495129346847534,0.06527077406644821,0.6886133551597595,0.5353394746780396,0.8753953576087952,0.0468679815530777,0.9376026391983032,0.5117856860160828,0.8790559768676758,-0.029975665733218193,0.9371589422225952
5166.666666666664,0.5254508852958679,0.31050023436546326,-0.10277514904737473,0.9995324611663818,0.5261920690536499,0.29771438241004944,-0.08777645975351334,0.9993482828140259,0.5275031924247742,0.29745128750801086,-0.08783253282308578,0.9991598129272461,0.5286755561828613,0.29722756147384644,-0.08787112683057785,0.9992629289627075,0.5208721160888672,0.2977263033390045,-0.09744931757450104,0.9991049766540527,0.5181639194488525,0.2974865734577179,-0.09745969623327255,0.9990006685256958,0.5151627659797668,0.29738113284111023,-0.0974740982055664,0.9990865588188171,0.5249757170677185,0.3017734885215759,0.004461928736418486,0.9985357522964478,0.5056584477424622,0.30276957154273987,-0.039416663348674774,0.9984760880470276,0.5264993906021118,0.3219170570373535,-0.06664115935564041,0.9990883469581604,0.5200694799423218,0.3222842514514923,-0.07949496805667877,0.9990040063858032,0.5359247922897339,0.366178035736084,0.06753205507993698,0.9996581673622131,0.4849366545677185,0.3715112805366516,-0.028110064566135406,0.9984471201896667,0.5372717380523682,0.4391767978668213,0.08804064244031906,0.7268970608711243,0.4755603075027466,0.45081233978271484,-0.13256405293941498,0.9854373931884766,0.5482574105262756,0.4779473841190338,0.034028224647045135,0.926763117313385,0.48986491560935974,0.36314091086387634,-0.25558680295944214,0.9930049180984497,0.5520809292793274,0.49197033047676086,0.02036662958562374,0.8847894072532654,0.4935736060142517,0.33778244256973267,-0.2852417826652527,0.9852530360221863,0.5505149960517883,0.4865551292896271,0.003253927221521735,0.8911073207855225,0.4940156042575836,0.331976056098938,-0.2865825593471527,0.9843319654464722,0.5481293201446533,0.4817805588245392,0.025570565834641457,0.8755555152893066,0.4938167929649353,0.3432275652885437,-0.2586078345775604,0.9758490920066833,0.5298373103141785,0.5538901686668396,0.02988630160689354,0.9989823698997498,0.4969194531440735,0.5580896735191345,-0.029871070757508278,0.9982585906982422,0.529955267906189,0.7015877366065979,0.007270133122801781,0.9378518462181091,0.4980611205101013,0.7037867307662964,-0.04142892733216286,0.950599193572998,0.5252547860145569,0.8253424763679504,0.11911427229642868,0.9362277984619141,0.4985661804676056,0.8355494141578674,0.05925796926021576,0.9459133744239807,0.5195078253746033,0.8372929692268372,0.1255933791399002,0.84955233335495,0.4980067312717438,0.849535346031189,0.06498692184686661,0.6843673586845398,0.5348902940750122,0.8756951689720154,0.04675723612308502,0.9361671209335327,0.5113654136657715,0.8789430260658264,-0.029667237773537636,0.9361069798469543
5199.999999999997,0.5254580974578857,0.31056711077690125,-0.09893867373466492,0.9995404481887817,0.5261560678482056,0.2978791296482086,-0.08448507636785507,0.9993619322776794,0.5274167656898499,0.2976135313510895,-0.08454374969005585,0.9991784691810608,0.5285494327545166,0.29738283157348633,-0.08457984030246735,0.9992820620536804,0.5208736062049866,0.2979079782962799,-0.09453513473272324,0.9991139769554138,0.5181704163551331,0.2976679801940918,-0.09454451501369476,0.9990087151527405,0.5151712894439697,0.2975810170173645,-0.09455721825361252,0.999089777469635,0.5246194005012512,0.3018313944339752,0.005914478097110987,0.9985844492912292,0.5057031512260437,0.30296286940574646,-0.039352890104055405,0.998487114906311,0.5263578295707703,0.32206544280052185,-0.06327486783266068,0.9991111755371094,0.5200361609458923,0.32239025831222534,-0.07652594894170761,0.9990067481994629,0.5358064770698547,0.3658798933029175,0.06738793849945068,0.9996718764305115,0.48491010069847107,0.37155881524086,-0.028313999995589256,0.9984323978424072,0.537329912185669,0.437074214220047,0.08273153752088547,0.7351371645927429,0.47654807567596436,0.4512344002723694,-0.13112647831439972,0.9854166507720947,0.5481770038604736,0.4775698482990265,0.02830101177096367,0.9301143884658813,0.4914957284927368,0.36325207352638245,-0.2518167197704315,0.993088960647583,0.5520784258842468,0.4918610155582428,0.015347261913120747,0.8895308971405029,0.4947933852672577,0.33817270398139954,-0.2797343134880066,0.9854401350021362,0.5505201816558838,0.4865798354148865,0.0007039446500129998,0.8955655694007874,0.4948757290840149,0.3320549428462982,-0.2811555564403534,0.9845249056816101,0.5481367707252502,0.4817933738231659,0.021113088354468346,0.8804646730422974,0.49455124139785767,0.34348490834236145,-0.25456011295318604,0.9761353731155396,0.5297806262969971,0.554326593875885,0.02962055802345276,0.9990102648735046,0.49691063165664673,0.5584220886230469,-0.02960848994553089,0.998291552066803,0.52955561876297,0.701625645160675,0.007426763419061899,0.9386067390441895,0.4979481101036072,0.7043168544769287,-0.040183134377002716,0.9506538510322571,0.5251755118370056,0.825419545173645,0.11876179277896881,0.9362653493881226,0.4985774755477905,0.8360394835472107,0.05907852202653885,0.9457453489303589,0.5195074677467346,0.8373164534568787,0.12534768879413605,0.8497388362884521,0.49810531735420227,0.8500088453292847,0.06475768238306046,0.6822909712791443,0.5348139405250549,0.8756967782974243,0.046952344477176666,0.9361411333084106,0.5113445520401001,0.8791297078132629,-0.02957230992615223,0.9359310269355774
5233.33333333333,0.525463342666626,0.31056922674179077,-0.09344330430030823,0.9995505213737488,0.5261515378952026,0.29787692427635193,-0.07915904372930527,0.999380350112915,0.5274085402488708,0.29760923981666565,-0.07921600341796875,0.9992028474807739,0.5285429954528809,0.2973780333995819,-0.07925156503915787,0.9993044137954712,0.5208771228790283,0.2979225516319275,-0.08906356245279312,0.9991307258605957,0.5181758403778076,0.2977093756198883,-0.08907541632652283,0.999025821685791,0.5151774287223816,0.2976575195789337,-0.08907763659954071,0.9991037845611572,0.5246228575706482,0.30181974172592163,0.010667107068002224,0.9986399412155151,0.5057698488235474,0.3031088709831238,-0.03408943489193916,0.9985272288322449,0.5263426303863525,0.32209858298301697,-0.0579197071492672,0.999138593673706,0.5200396180152893,0.32242944836616516,-0.07085104286670685,0.9990251660346985,0.5357964038848877,0.36588776111602783,0.0718003362417221,0.9996817708015442,0.4849633574485779,0.371609091758728,-0.022981103509664536,0.9984667301177979,0.5373587012290955,0.4371587932109833,0.08705727756023407,0.7373270988464355,0.4782649874687195,0.45159396529197693,-0.11677516996860504,0.9854831099510193,0.5481089949607849,0.4775521755218506,0.028118431568145752,0.9314477443695068,0.4926491677761078,0.3635239601135254,-0.22730237245559692,0.9932149648666382,0.5520778894424438,0.4918432831764221,0.013457698747515678,0.8916300535202026,0.4956524074077606,0.3394149839878082,-0.25542181730270386,0.9856987595558167,0.550638735294342,0.48660561442375183,-0.0024828449822962284,0.8975388407707214,0.49553099274635315,0.3335384428501129,-0.25714364647865295,0.9848029613494873,0.5481908917427063,0.4818502366542816,0.020011063665151596,0.8828128576278687,0.49528929591178894,0.3441350758075714,-0.23004545271396637,0.9765898585319519,0.5297666192054749,0.5545676946640015,0.02950149215757847,0.9990309476852417,0.4969713091850281,0.5585010051727295,-0.02948213741183281,0.9983263611793518,0.5293103456497192,0.7018054723739624,0.007295967545360327,0.9384281635284424,0.4979245960712433,0.7048414945602417,-0.040665403008461,0.9503389596939087,0.5251733064651489,0.8254846334457397,0.1186981126666069,0.9354755282402039,0.49861472845077515,0.8365650177001953,0.056986913084983826,0.9450104832649231,0.5196187496185303,0.83733069896698,0.12539729475975037,0.8488748073577881,0.4982571303844452,0.8503891229629517,0.06263284385204315,0.6799482703208923,0.5347646474838257,0.8756968975067139,0.047110483050346375,0.935139536857605,0.5113174319267273,0.8793961405754089,-0.03069811314344406,0.9349362254142761
5266.666666666663,0.5254622101783752,0.3104444742202759,-0.09023848176002502,0.9995642304420471,0.5261537432670593,0.29786163568496704,-0.07599494606256485,0.9994022250175476,0.5274260640144348,0.297610342502594,-0.07604779303073883,0.9992306232452393,0.5285913944244385,0.2974005341529846,-0.07608318328857422,0.9993299841880798,0.520879328250885,0.2977834939956665,-0.08585504442453384,0.9991561770439148,0.5181801319122314,0.2975434362888336,-0.0858677327632904,0.9990528225898743,0.5151837468147278,0.2974540889263153,-0.08586625009775162,0.9991281628608704,0.524919867515564,0.3019450008869171,0.013826241716742516,0.9986982941627502,0.5057675242424011,0.3030330538749695,-0.031010184437036514,0.9985846877098083,0.52635657787323,0.32210293412208557,-0.05472930893301964,0.9991697669029236,0.5200425386428833,0.32237836718559265,-0.06762180477380753,0.9990555047988892,0.5357877612113953,0.366886168718338,0.07683054357767105,0.9996888637542725,0.48500022292137146,0.3719063401222229,-0.01982082612812519,0.9985259771347046,0.5373659133911133,0.43939104676246643,0.09908582270145416,0.7361981272697449,0.48008835315704346,0.4531992971897125,-0.1085193008184433,0.985492467880249,0.5481122732162476,0.47782930731773376,0.041438255459070206,0.9316695928573608,0.49465692043304443,0.36628639698028564,-0.2178570181131363,0.9932723641395569,0.5522659420967102,0.4919561743736267,0.02624666318297386,0.8923719525337219,0.49892786145210266,0.34619003534317017,-0.2459556758403778,0.9858317971229553,0.5510786175727844,0.48685625195503235,0.008752425201237202,0.8982628583908081,0.498487651348114,0.33968478441238403,-0.24779246747493744,0.9849528670310974,0.5485079288482666,0.48219752311706543,0.03256186097860336,0.8838156461715698,0.4980534613132477,0.34911924600601196,-0.22053606808185577,0.9768720269203186,0.5297850966453552,0.5545724034309387,0.029663505032658577,0.9990435838699341,0.49709102511405945,0.5584995746612549,-0.029635896906256676,0.998361349105835,0.5292744040489197,0.7019375562667847,0.007376453839242458,0.9377835392951965,0.4979369044303894,0.7050573229789734,-0.0420389287173748,0.9496660232543945,0.5251835584640503,0.8254655599594116,0.1184268668293953,0.9339370131492615,0.4989023506641388,0.8367340564727783,0.0539432056248188,0.9439552426338196,0.5197056531906128,0.837161660194397,0.12513871490955353,0.8470966815948486,0.4986146092414856,0.8504530787467957,0.05942898988723755,0.6773185133934021,0.5347462892532349,0.8756566643714905,0.04722948744893074,0.9336245656013489,0.5114510655403137,0.8801063299179077,-0.033335693180561066,0.9337546229362488
5299.999999999996,0.5254801511764526,0.3103940188884735,-0.09113681316375732,0.9995808601379395,0.526190459728241,0.29785075783729553,-0.07673212885856628,0.99942547082901,0.5274946689605713,0.2976086437702179,-0.07678274810314178,0.9992589354515076,0.5286856889724731,0.2974027395248413,-0.07681452482938766,0.9993531703948975,0.5209285020828247,0.2977006435394287,-0.08687397092580795,0.999191403388977,0.5181958079338074,0.29743558168411255,-0.08688767999410629,0.9990929961204529,0.5152314305305481,0.2972865402698517,-0.0868883803486824,0.9991666674613953,0.5252357125282288,0.30193328857421875,0.014438348822295666,0.9987543821334839,0.5059841275215149,0.30282557010650635,-0.03205673396587372,0.9986670017242432,0.526466429233551,0.32210394740104675,-0.05513046681880951,0.9992046356201172,0.5201409459114075,0.3223296105861664,-0.06846830993890762,0.9991024732589722,0.5357872843742371,0.36763179302215576,0.08171424269676208,0.9996920824050903,0.4848268926143646,0.3719303607940674,-0.018778061494231224,0.9986185431480408,0.5376232862472534,0.4405084252357483,0.1095954030752182,0.7337884902954102,0.4804491102695465,0.4552098214626312,-0.10331586748361588,0.9860630631446838,0.548096776008606,0.477909117937088,0.04802621901035309,0.9309588074684143,0.4968005120754242,0.37312832474708557,-0.21431048214435577,0.9935750961303711,0.5523345470428467,0.4919668734073639,0.032362356781959534,0.8916964530944824,0.5018931031227112,0.3569739758968353,-0.2426481992006302,0.9864177107810974,0.5512377023696899,0.4868570864200592,0.014599514193832874,0.8975747227668762,0.5013624429702759,0.3513314127922058,-0.24411097168922424,0.9855771064758301,0.5485979914665222,0.48222923278808594,0.03890669718384743,0.8833146691322327,0.5010659098625183,0.358760803937912,-0.21645332872867584,0.9777941107749939,0.5299068093299866,0.5546931624412537,0.029773633927106857,0.9990341067314148,0.4973596930503845,0.5585542917251587,-0.029732555150985718,0.9983771443367004,0.5292697548866272,0.701939046382904,0.006670062895864248,0.9367645978927612,0.49796658754348755,0.7050621509552002,-0.044004980474710464,0.9485231041908264,0.5249718427658081,0.8256544470787048,0.1175825446844101,0.9312264919281006,0.49917474389076233,0.8367730379104614,0.05125991255044937,0.9419540762901306,0.5193756818771362,0.8372572660446167,0.12423700839281082,0.8451519012451172,0.4989008605480194,0.8504969477653503,0.05651082843542099,0.6743254065513611,0.5345035791397095,0.8756568431854248,0.04710448905825615,0.9311926364898682,0.5114315748214722,0.880122184753418,-0.03796685114502907,0.9313680529594421
5333.333333333329,0.5254794359207153,0.31024810671806335,-0.0914098247885704,0.9996005892753601,0.5261903405189514,0.2976142466068268,-0.07688295841217041,0.9994553327560425,0.5275052785873413,0.29740390181541443,-0.07693689316511154,0.999297022819519,0.5287188291549683,0.2971992492675781,-0.07697328925132751,0.9993845224380493,0.520930826663971,0.2972680628299713,-0.087223120033741,0.9992334842681885,0.5181775689125061,0.29690057039260864,-0.08724432438611984,0.9991406202316284,0.5152347683906555,0.2965978682041168,-0.08724001049995422,0.9992110729217529,0.5253857970237732,0.30105605721473694,0.015303891152143478,0.998820960521698,0.5060572624206543,0.3014390766620636,-0.032808221876621246,0.9987615942955017,0.526475727558136,0.3219943046569824,-0.05596977472305298,0.9992493987083435,0.5201486349105835,0.32191941142082214,-0.0695405825972557,0.9991607666015625,0.5355892777442932,0.3676745593547821,0.09194537997245789,0.9997022151947021,0.48479896783828735,0.3711020052433014,-0.017814844846725464,0.9987221360206604,0.5376126170158386,0.444260835647583,0.11825916171073914,0.725688099861145,0.47997063398361206,0.460574209690094,-0.08870358020067215,0.9863469004631042,0.5479896664619446,0.47842106223106384,0.041566576808691025,0.9287971258163452,0.49803420901298523,0.3928672671318054,-0.19280950725078583,0.9936580657958984,0.5523329973220825,0.4922262728214264,0.025642096996307373,0.8902279138565063,0.5039583444595337,0.3778594732284546,-0.22139543294906616,0.9866158962249756,0.551304817199707,0.48698073625564575,0.011394110508263111,0.8962512612342834,0.503527045249939,0.3727075755596161,-0.2245102971792221,0.9858173131942749,0.5486609935760498,0.4824908673763275,0.03213939070701599,0.8819983005523682,0.5031489133834839,0.37724530696868896,-0.19525475800037384,0.978196382522583,0.5300294756889343,0.5543720722198486,0.03454615920782089,0.9990227222442627,0.4977464973926544,0.5580714344978333,-0.0344502329826355,0.9983941912651062,0.5292705297470093,0.7019476890563965,0.01513836719095707,0.9361793994903564,0.4982922375202179,0.7051120400428772,-0.04747990146279335,0.9491240978240967,0.5249383449554443,0.8256546258926392,0.13111132383346558,0.9301310777664185,0.49937114119529724,0.8367951512336731,0.05087871477007866,0.9424715042114258,0.5192220211029053,0.8372422456741333,0.137989804148674,0.8466275334358215,0.4989043176174164,0.8504986763000488,0.05631977692246437,0.6786712408065796,0.534492552280426,0.875645101070404,0.06177164614200592,0.9302040338516235,0.511638879776001,0.8803954720497131,-0.039761558175086975,0.9315308332443237
5366.666666666662,0.5254824757575989,0.31000974774360657,-0.0921533852815628,0.9996201992034912,0.5261914730072021,0.2972758114337921,-0.07755172997713089,0.9994851350784302,0.527522623538971,0.2971280813217163,-0.0776040107011795,0.9993348121643066,0.5287567377090454,0.29695504903793335,-0.07763729989528656,0.9994167685508728,0.5209329724311829,0.2967381179332733,-0.08798297494649887,0.9992764592170715,0.5181666612625122,0.2963062524795532,-0.08800188452005386,0.999189555644989,0.5152367353439331,0.29591163992881775,-0.08800045400857925,0.9992563128471375,0.5254614949226379,0.3005877733230591,0.01615932583808899,0.9988866448402405,0.5060872435569763,0.3005024194717407,-0.03307736665010452,0.9988517165184021,0.5265029668807983,0.32180753350257874,-0.05577467009425163,0.9992932081222534,0.5201507806777954,0.32160380482673645,-0.06969747692346573,0.9992164969444275,0.5354405045509338,0.36773744225502014,0.0932464748620987,0.9997089505195618,0.48477500677108765,0.37072622776031494,-0.018630139529705048,0.9988163113594055,0.5370365381240845,0.4450998902320862,0.12128949165344238,0.7155107259750366,0.48045697808265686,0.4611693024635315,-0.09373604506254196,0.9865341782569885,0.5479844808578491,0.4784795641899109,0.04486473649740219,0.9253336787223816,0.4980985224246979,0.4003739356994629,-0.19918306171894073,0.9936034679412842,0.5524331331253052,0.4921816289424896,0.026839852333068848,0.8875465393066406,0.503584623336792,0.3886885643005371,-0.22794362902641296,0.9865953326225281,0.5515037775039673,0.48688480257987976,0.008320008404552937,0.8938359618186951,0.5039405226707458,0.383754163980484,-0.23127585649490356,0.9858430027961731,0.548825204372406,0.48245301842689514,0.03434716537594795,0.8794872164726257,0.5034751296043396,0.3870100975036621,-0.20193280279636383,0.9783286452293396,0.5302349925041199,0.5542310476303101,0.03772275894880295,0.999016284942627,0.49831634759902954,0.5580282211303711,-0.037626963108778,0.9984195232391357,0.5292845964431763,0.7019593119621277,0.018780874088406563,0.9358214735984802,0.4987211525440216,0.7054241299629211,-0.04925886169075966,0.9499590992927551,0.5249413251876831,0.8256158828735352,0.13457170128822327,0.9295291900634766,0.4994274377822876,0.8367921710014343,0.049109697341918945,0.9433613419532776,0.5191876888275146,0.837143063545227,0.14143183827400208,0.8485093116760254,0.4988153576850891,0.850476861000061,0.054553914815187454,0.6835671663284302,0.5345426201820374,0.8754941821098328,0.06685350090265274,0.9296488165855408,0.5120728015899658,0.8806957602500916,-0.04091649502515793,0.9321424961090088
5399.999999999995,0.5255019664764404,0.30961012840270996,-0.09329927712678909,0.9996463656425476,0.5262219309806824,0.29685714840888977,-0.07830052822828293,0.9995220303535461,0.5275936722755432,0.2968030273914337,-0.07834449410438538,0.9993820190429688,0.5288498401641846,0.2966899871826172,-0.078363336622715,0.9994570016860962,0.5209391117095947,0.2961278259754181,-0.08935438841581345,0.9993287324905396,0.5181675553321838,0.29565659165382385,-0.08937211334705353,0.999248206615448,0.5152394771575928,0.2952260971069336,-0.08936981111764908,0.9993098378181458,0.525615930557251,0.30035895109176636,0.016251614317297935,0.998964250087738,0.5061032772064209,0.2999473512172699,-0.033507537096738815,0.9989473223686218,0.5265616774559021,0.32162633538246155,-0.0562102310359478,0.9993461966514587,0.5201902985572815,0.3212738335132599,-0.06979762762784958,0.9992793798446655,0.5353313684463501,0.36774376034736633,0.09377480298280716,0.9997249245643616,0.4847639203071594,0.36989787220954895,-0.019207021221518517,0.9989110231399536,0.5372723937034607,0.4451639652252197,0.1173705905675888,0.714077889919281,0.4820187985897064,0.46098533272743225,-0.0868452861905098,0.9868801236152649,0.5482271909713745,0.4787810742855072,0.02801969274878502,0.9257910847663879,0.5012586116790771,0.4083423316478729,-0.18179646134376526,0.993602454662323,0.5527015328407288,0.4925409257411957,0.005526089575141668,0.8892256617546082,0.5071179866790771,0.40042901039123535,-0.20922784507274628,0.9866195917129517,0.5519353151321411,0.486904114484787,-0.015111067332327366,0.8955851197242737,0.5078924894332886,0.3966592252254486,-0.21374183893203735,0.985914945602417,0.5492717027664185,0.48248258233070374,0.01639990322291851,0.8812436461448669,0.5066843628883362,0.39826345443725586,-0.18439894914627075,0.9784941673278809,0.5306107401847839,0.5533286929130554,0.03825422748923302,0.9990386366844177,0.4987219572067261,0.5576857924461365,-0.038169849663972855,0.9984744787216187,0.5293480753898621,0.7019562721252441,0.018298311159014702,0.9373975396156311,0.4999181628227234,0.7054517269134521,-0.05020187422633171,0.9516034126281738,0.5249317288398743,0.8255811333656311,0.1372329592704773,0.9311503171920776,0.49968221783638,0.836624264717102,0.049848396331071854,0.9452351927757263,0.5191577076911926,0.8370771408081055,0.14427243173122406,0.8532482385635376,0.4988139569759369,0.8502486944198608,0.05509684607386589,0.6901346445083618,0.5345359444618225,0.8753753304481506,0.06765931099653244,0.9311659932136536,0.5122739672660828,0.8807057738304138,-0.039499565958976746,0.934072732925415
5433.3333333333285,0.525505006313324,0.30938878655433655,-0.09289328753948212,0.9996755123138428,0.5262476205825806,0.29665663838386536,-0.0766649916768074,0.9995625019073486,0.5276573300361633,0.2966806888580322,-0.07670512795448303,0.999434232711792,0.5289345979690552,0.29661962389945984,-0.07671540230512619,0.9995021224021912,0.5209410786628723,0.29571813344955444,-0.0888032615184784,0.9993859529495239,0.5181670188903809,0.2951827347278595,-0.08881671726703644,0.9993121027946472,0.5152418613433838,0.29470252990722656,-0.08881311118602753,0.99936842918396,0.5257771015167236,0.3003630042076111,0.023730849847197533,0.999049723148346,0.5061795115470886,0.29959648847579956,-0.03278506547212601,0.9990442395210266,0.5266082882881165,0.32156720757484436,-0.05410265550017357,0.9994027614593506,0.5201924443244934,0.32110488414764404,-0.06953293830156326,0.9993444681167603,0.5352172255516052,0.36860233545303345,0.10039611160755157,0.9997429251670837,0.4846653342247009,0.3693651556968689,-0.019353123381733894,0.9990054965019226,0.5380266308784485,0.44798702001571655,0.11284221708774567,0.7142327427864075,0.48370328545570374,0.4608362317085266,-0.07547478377819061,0.9874712228775024,0.5484648942947388,0.4790132939815521,-0.01197257824242115,0.9273030757904053,0.503840446472168,0.4307219386100769,-0.1548212170600891,0.9936885833740234,0.552756130695343,0.4925551116466522,-0.04072074964642525,0.8923900723457336,0.5101490616798401,0.4320981204509735,-0.182468980550766,0.9867863655090332,0.5521206259727478,0.4868040978908539,-0.061411697417497635,0.8987773656845093,0.5107787847518921,0.4243405759334564,-0.18835048377513885,0.9861339330673218,0.5495539903640747,0.48240339756011963,-0.024636708199977875,0.8845405578613281,0.5094935297966003,0.423259437084198,-0.15735313296318054,0.9788287281990051,0.5307751893997192,0.5523495078086853,0.038935624063014984,0.999070942401886,0.4988548159599304,0.5567712187767029,-0.03883533552289009,0.9985470771789551,0.5294980406761169,0.7017925977706909,0.017978815361857414,0.9389127492904663,0.5008246898651123,0.7052928805351257,-0.05169471725821495,0.9536634087562561,0.5248958468437195,0.8256005644798279,0.13921651244163513,0.9327166080474854,0.5003356337547302,0.8363946080207825,0.050621915608644485,0.9474964737892151,0.5189540982246399,0.837095320224762,0.14635062217712402,0.8582690954208374,0.4990141689777374,0.8499823808670044,0.055957019329071045,0.6982559561729431,0.5345205664634705,0.8754305839538574,0.06824996322393417,0.932841420173645,0.5126916170120239,0.8810449242591858,-0.04000595957040787,0.9363800883293152
5466.6666666666615,0.5255764722824097,0.3088398277759552,-0.09303975105285645,0.9997016787528992,0.5263658761978149,0.2961232662200928,-0.07698452472686768,0.9995989203453064,0.5277867913246155,0.29621267318725586,-0.07702848315238953,0.9994813203811646,0.5290481448173523,0.2961958348751068,-0.07704219967126846,0.9995432496070862,0.5210121273994446,0.29504090547561646,-0.08885665237903595,0.9994369149208069,0.5182450413703918,0.2944105863571167,-0.08886463195085526,0.9993683099746704,0.5153290033340454,0.2938329875469208,-0.08886148035526276,0.9994196891784668,0.5258874893188477,0.30016690492630005,0.025435762479901314,0.9991272687911987,0.5065165162086487,0.29890939593315125,-0.032961685210466385,0.9991295337677002,0.5266897082328796,0.3210783898830414,-0.05448457971215248,0.9994544982910156,0.520221471786499,0.32058480381965637,-0.06996654719114304,0.9994032382965088,0.535194456577301,0.36922016739845276,0.09877897799015045,0.9997595548629761,0.4846746325492859,0.36877238750457764,-0.021670974791049957,0.9990850687026978,0.5384076833724976,0.44844672083854675,0.095133937895298,0.7161662578582764,0.48349812626838684,0.45345577597618103,-0.08310338109731674,0.9873937368392944,0.54949951171875,0.47936418652534485,-0.05429978296160698,0.9300081133842468,0.5022734999656677,0.454461932182312,-0.1819957047700882,0.9934571981430054,0.5530945658683777,0.49284663796424866,-0.0876186341047287,0.8972396850585938,0.5082635283470154,0.4617721140384674,-0.20790578424930573,0.986645519733429,0.5527608394622803,0.4868162274360657,-0.10976135730743408,0.9035933613777161,0.5100955367088318,0.45242786407470703,-0.19790129363536835,0.9860804080963135,0.5503340363502502,0.48241090774536133,-0.06818674504756927,0.8895597457885742,0.5089230537414551,0.44763779640197754,-0.18437443673610687,0.9787122011184692,0.5308076739311218,0.5520769953727722,0.03857963904738426,0.9990995526313782,0.4988740086555481,0.5557742118835449,-0.03847803175449371,0.9986088275909424,0.5295318365097046,0.7016083598136902,0.01706228218972683,0.9406827688217163,0.5013920664787292,0.7052791118621826,-0.05321574583649635,0.9556182026863098,0.5247892737388611,0.8256784677505493,0.137706458568573,0.9340403079986572,0.5013543367385864,0.8361817598342896,0.05083271116018295,0.9500645995140076,0.5184345841407776,0.8371326923370361,0.14482522010803223,0.8619536757469177,0.4995339512825012,0.8496591448783875,0.05632653459906578,0.7071362137794495,0.5343409180641174,0.8755523562431335,0.065775066614151,0.9343512654304504,0.5129967331886292,0.8810594081878662,-0.04101714864373207,0.9390683174133301
5499.9999999999945,0.5259726643562317,0.30842146277427673,-0.11460109055042267,0.9997251629829407,0.5266792178153992,0.2957533299922943,-0.09654725342988968,0.9996309876441956,0.528046190738678,0.2958570122718811,-0.09660425037145615,0.9995225667953491,0.5292356014251709,0.2958478629589081,-0.09661588817834854,0.9995784163475037,0.5212523937225342,0.2946723699569702,-0.11128697544336319,0.9994823932647705,0.5184971690177917,0.2940511405467987,-0.11128537356853485,0.9994181990623474,0.5155490040779114,0.29348841309547424,-0.11128818988800049,0.9994652271270752,0.5259203910827637,0.2999733090400696,0.012117399834096432,0.9991894364356995,0.5068084001541138,0.2986399829387665,-0.05692315101623535,0.9992064237594604,0.5269984602928162,0.3207772374153137,-0.07273593544960022,0.9995005130767822,0.5204527974128723,0.32032573223114014,-0.09209243208169937,0.9994569420814514,0.5351575016975403,0.3696633279323578,0.09548331052064896,0.9997752904891968,0.4845404028892517,0.3688267469406128,-0.03885892406105995,0.9991623163223267,0.5384066700935364,0.4497237503528595,0.08796755969524384,0.7156859040260315,0.477640300989151,0.4550478458404541,-0.08237629383802414,0.9874709844589233,0.5501611232757568,0.48007938265800476,-0.0770859643816948,0.9318288564682007,0.5015738606452942,0.4737105071544647,-0.1804235577583313,0.9931922554969788,0.5536651015281677,0.49327364563941956,-0.11287274956703186,0.9011145830154419,0.5076399445533752,0.4861105978488922,-0.21209953725337982,0.9863893985748291,0.5535338521003723,0.48685580492019653,-0.13641496002674103,0.907559871673584,0.5098661184310913,0.47386306524276733,-0.21665140986442566,0.9859142303466797,0.5510073900222778,0.48248738050460815,-0.09214510768651962,0.8935403227806091,0.5085837841033936,0.4687398374080658,-0.18490716814994812,0.9783946871757507,0.5308072566986084,0.5520285367965698,0.04200692102313042,0.99910968542099,0.4988872706890106,0.5551846623420715,-0.041912976652383804,0.9986377358436584,0.5295149087905884,0.7013819813728333,0.02622114308178425,0.9405040740966797,0.5023324489593506,0.7051214575767517,-0.053455036133527756,0.9572191834449768,0.5242369174957275,0.8256784081459045,0.1477142870426178,0.9350687265396118,0.5026151537895203,0.8361770510673523,0.052641160786151886,0.9524480104446411,0.5174795985221863,0.8372167348861694,0.15435175597667694,0.8665138483047485,0.49989181756973267,0.8496535420417786,0.058125726878643036,0.7185523509979248,0.5342175364494324,0.8754931092262268,0.07177751511335373,0.9357942342758179,0.5135718584060669,0.8811615109443665,-0.04082981497049332,0.9415912628173828
5533.333333333328,0.5262190103530884,0.30795636773109436,-0.13457120954990387,0.9997474551200867,0.5269126296043396,0.29528525471687317,-0.11547870934009552,0.9996605515480042,0.5282501578330994,0.2953932285308838,-0.11553650349378586,0.9995600581169128,0.5293927788734436,0.295380175113678,-0.11554431170225143,0.9996098279953003,0.521413266658783,0.2942637801170349,-0.13000719249248505,0.999525249004364,0.5186535120010376,0.29364755749702454,-0.13000424206256866,0.9994655847549438,0.5156695246696472,0.2930953800678253,-0.13001146912574768,0.999508798122406,0.5259856581687927,0.29967382550239563,-0.003981543239206076,0.9992426037788391,0.506938636302948,0.29825326800346375,-0.07116849720478058,0.9992774128913879,0.5271844863891602,0.3204653561115265,-0.09147170931100845,0.9995415806770325,0.520595908164978,0.3200758397579193,-0.11052680015563965,0.999505877494812,0.5351691842079163,0.3698239028453827,0.08874548971652985,0.9997887015342712,0.48449084162712097,0.3688569664955139,-0.04967312142252922,0.9992339611053467,0.5384023189544678,0.4504082202911377,0.09099926799535751,0.7180575728416443,0.47576743364334106,0.456656813621521,-0.08234084397554398,0.9879099130630493,0.5508903861045837,0.48099246621131897,-0.06484939157962799,0.934420645236969,0.5012934803962708,0.4842316210269928,-0.17750957608222961,0.9932994246482849,0.5544196367263794,0.49380946159362793,-0.09933234751224518,0.9055293798446655,0.5072335600852966,0.4990333318710327,-0.2099185734987259,0.9866740703582764,0.5545214414596558,0.4871353209018707,-0.12343522906303406,0.9119786620140076,0.5102764368057251,0.48585379123687744,-0.22032198309898376,0.9862774014472961,0.5517147779464722,0.4827631711959839,-0.07990562915802002,0.8980826139450073,0.5087780952453613,0.4802275598049164,-0.18258759379386902,0.9788717031478882,0.5307987332344055,0.5518998503684998,0.04277919605374336,0.9991052746772766,0.49897316098213196,0.5543994903564453,-0.042691342532634735,0.9986494779586792,0.5292698740959167,0.7006345987319946,0.028100062161684036,0.9364051222801208,0.504516065120697,0.7044373154640198,-0.0543222613632679,0.9567731618881226,0.5219292044639587,0.8265440464019775,0.14420004189014435,0.9334387183189392,0.5059411525726318,0.8351904153823853,0.05207064375281334,0.9531400799751282,0.5148168802261353,0.838649570941925,0.15040770173072815,0.8679085373878479,0.5038331151008606,0.8515452146530151,0.05740487948060036,0.7258554697036743,0.5327940583229065,0.8758856058120728,0.06905403733253479,0.9352697134017944,0.514460027217865,0.8806247115135193,-0.04305236414074898,0.9424213171005249
5566.666666666661,0.5265267491340637,0.3074866831302643,-0.14012938737869263,0.9997689723968506,0.5271092057228088,0.2946859896183014,-0.12074573338031769,0.9996891617774963,0.5284119844436646,0.2948107123374939,-0.1207997128367424,0.9995964765548706,0.5295096039772034,0.29479411244392395,-0.12079861015081406,0.9996406435966492,0.5215696692466736,0.29370999336242676,-0.1353992521762848,0.9995664954185486,0.5187958478927612,0.2930934429168701,-0.13539652526378632,0.9995115995407104,0.5157697200775146,0.29253068566322327,-0.13540373742580414,0.9995510578155518,0.5259994864463806,0.2992851138114929,-0.009295881725847721,0.9992952346801758,0.5070046186447144,0.29780450463294983,-0.0766105204820633,0.9993441700935364,0.5274280309677124,0.32017982006073,-0.09708268195390701,0.9995803833007812,0.5208559036254883,0.3198363184928894,-0.11624680459499359,0.9995514154434204,0.5351665019989014,0.36981865763664246,0.08512184023857117,0.9998008012771606,0.48448657989501953,0.3689550757408142,-0.05921260267496109,0.9993016123771667,0.5382179021835327,0.4503426253795624,0.09172230213880539,0.7175652384757996,0.4749463200569153,0.45934170484542847,-0.08400740474462509,0.9885056018829346,0.5512615442276001,0.4811417758464813,-0.0642666295170784,0.9364488124847412,0.5012528300285339,0.48956260085105896,-0.17782701551914215,0.9934823513031006,0.5550628304481506,0.4939049184322357,-0.0979166254401207,0.9091936945915222,0.5072131752967834,0.5044488310813904,-0.2093387246131897,0.9870448708534241,0.5552967190742493,0.48716819286346436,-0.12153048813343048,0.9156609773635864,0.5105840563774109,0.4905242323875427,-0.2206309586763382,0.9867069721221924,0.5521388649940491,0.4827854335308075,-0.07909388095140457,0.9018350839614868,0.5088359713554382,0.4846576154232025,-0.1824629157781601,0.9794656038284302,0.5308307409286499,0.5531008243560791,0.04622379317879677,0.9991006255149841,0.4995991289615631,0.5554314851760864,-0.04616444930434227,0.9986607432365417,0.5291192531585693,0.7006790041923523,0.03759811446070671,0.9321303963661194,0.5047923922538757,0.7046957015991211,-0.05375082418322563,0.9568439722061157,0.521471381187439,0.826852560043335,0.14943677186965942,0.9323291182518005,0.5056386590003967,0.8351960182189941,0.052173662930727005,0.9538629055023193,0.5142684578895569,0.8389667272567749,0.1550145000219345,0.8701468706130981,0.5036792159080505,0.8506667613983154,0.05749881640076637,0.7327290177345276,0.5327438712120056,0.8758730292320251,0.0750967264175415,0.9353426098823547,0.5154719948768616,0.8806847929954529,-0.042410995811223984,0.943369448184967
5599.999999999994,0.5266701579093933,0.30735042691230774,-0.13888533413410187,0.9997888207435608,0.5272511839866638,0.29457616806030273,-0.11940278112888336,0.9997155666351318,0.52853924036026,0.29470327496528625,-0.11945398896932602,0.9996301531791687,0.5296123623847961,0.29469218850135803,-0.11945147067308426,0.9996694326400757,0.5216801762580872,0.2935924530029297,-0.1337510496377945,0.999604344367981,0.5189099907875061,0.2929705083370209,-0.13374783098697662,0.9995538592338562,0.5158639550209045,0.29239320755004883,-0.1337530016899109,0.9995898604393005,0.5260553956031799,0.2992289960384369,-0.008196190930902958,0.9993446469306946,0.507101833820343,0.29764094948768616,-0.07407545298337936,0.9994049072265625,0.5275540947914124,0.3201017379760742,-0.09595029801130295,0.9996162056922913,0.5210074186325073,0.31974172592163086,-0.11472640186548233,0.9995929002761841,0.5351057648658752,0.36984962224960327,0.08513300865888596,0.999812662601471,0.4845735728740692,0.36899247765541077,-0.058462537825107574,0.9993637800216675,0.5381953716278076,0.45014137029647827,0.09288407862186432,0.7192781567573547,0.47454655170440674,0.4599766135215759,-0.08587431162595749,0.9891042113304138,0.551651120185852,0.4812941253185272,-0.06178111210465431,0.938758373260498,0.5007221698760986,0.4910489618778229,-0.17135974764823914,0.9936947822570801,0.555779218673706,0.4939573407173157,-0.09541849046945572,0.9129591584205627,0.5077999830245972,0.5054551362991333,-0.20237092673778534,0.9874497056007385,0.5559059977531433,0.4872477352619171,-0.11895152181386948,0.9193850159645081,0.5117067694664001,0.49210724234580994,-0.2138807326555252,0.9871603846549988,0.5525496006011963,0.48289844393730164,-0.07656625658273697,0.9057440757751465,0.5097705125808716,0.4863216280937195,-0.17567777633666992,0.9801067113876343,0.5308446884155273,0.5535536408424377,0.04829370602965355,0.9991059303283691,0.5000444054603577,0.5558704137802124,-0.04824702441692352,0.9986838102340698,0.529030978679657,0.7006904482841492,0.038499873131513596,0.9277012944221497,0.5050366520881653,0.7047262787818909,-0.05462723225355148,0.9571217894554138,0.5215986371040344,0.8268086910247803,0.15272416174411774,0.9311211705207825,0.5052610039710999,0.835114061832428,0.05217408388853073,0.9547262191772461,0.5144543647766113,0.8389491438865662,0.158555269241333,0.8727262020111084,0.5026624798774719,0.8500327467918396,0.05755125731229782,0.7396795749664307,0.5327711701393127,0.8754225969314575,0.08007138222455978,0.9353148341178894,0.5158602595329285,0.8809071183204651,-0.04199830815196037,0.9444184899330139
5633.333333333327,0.5267099142074585,0.30727383494377136,-0.13643723726272583,0.9998062252998352,0.5273056626319885,0.29453539848327637,-0.11732639372348785,0.9997387528419495,0.5285903811454773,0.29465776681900024,-0.11737838387489319,0.9996596574783325,0.5296550989151001,0.29464519023895264,-0.11737684160470963,0.9996944665908813,0.5217180848121643,0.2935537099838257,-0.13114137947559357,0.9996375441551208,0.5189475417137146,0.2929293215274811,-0.1311374455690384,0.9995908737182617,0.5158924460411072,0.2923446595668793,-0.1311422437429428,0.9996237754821777,0.5260805487632751,0.2991582751274109,-0.007002809550613165,0.9993874430656433,0.5071367025375366,0.2975175380706787,-0.07057207077741623,0.9994588494300842,0.5275809168815613,0.32002967596054077,-0.09376022964715958,0.9996475577354431,0.5210422873497009,0.3196532130241394,-0.11183357238769531,0.9996296167373657,0.5350034236907959,0.36979207396507263,0.08516153693199158,0.9998235106468201,0.48461592197418213,0.3690128028392792,-0.055166151374578476,0.9994190335273743,0.5381490588188171,0.4500299096107483,0.09305091947317123,0.7216652035713196,0.47442367672920227,0.4606969952583313,-0.08516928553581238,0.9895778298377991,0.5518727898597717,0.48133012652397156,-0.05723428726196289,0.9410589933395386,0.5005511045455933,0.48976418375968933,-0.16862641274929047,0.9938464164733887,0.5561994910240173,0.4939761757850647,-0.09034588187932968,0.9166494011878967,0.5094572305679321,0.5036289095878601,-0.19917024672031403,0.987758219242096,0.5562522411346436,0.4872841238975525,-0.11364244669675827,0.9229902625083923,0.5128906965255737,0.48967602849006653,-0.21067661046981812,0.9875161051750183,0.5528177618980408,0.48293960094451904,-0.07173984497785568,0.9095622301101685,0.5106939673423767,0.4843294024467468,-0.17292863130569458,0.9806178212165833,0.530845582485199,0.5537218451499939,0.04846961796283722,0.9991104006767273,0.500221848487854,0.5560177564620972,-0.048422716557979584,0.9987024664878845,0.5288956761360168,0.7007048726081848,0.03741946071386337,0.9227811694145203,0.5054821968078613,0.7047305703163147,-0.05539176985621452,0.9570095539093018,0.5215221047401428,0.8268148899078369,0.14954514801502228,0.929445207118988,0.5050082802772522,0.835034191608429,0.049687083810567856,0.9551160931587219,0.5142900943756104,0.8389687538146973,0.15536032617092133,0.8746132850646973,0.5016640424728394,0.8497004508972168,0.054956503212451935,0.7450267672538757,0.5327795743942261,0.8751611709594727,0.07734321802854538,0.9347274303436279,0.5161034464836121,0.8809119462966919,-0.04335901886224747,0.9448429346084595
5666.66666666666,0.5266991257667542,0.3071443736553192,-0.14432187378406525,0.9998217821121216,0.5273051261901855,0.29441776871681213,-0.12513847649097443,0.9997591972351074,0.5285935997962952,0.2945581078529358,-0.12518957257270813,0.9996855854988098,0.5296640992164612,0.2945620119571686,-0.1251864731311798,0.9997162818908691,0.521701991558075,0.2934156358242035,-0.13851316273212433,0.9996670484542847,0.518928587436676,0.2927948832511902,-0.13850931823253632,0.999623715877533,0.5158655643463135,0.29221999645233154,-0.13851575553417206,0.9996539354324341,0.5261383056640625,0.2991262972354889,-0.013879400677978992,0.9994236826896667,0.5071208477020264,0.2974218428134918,-0.07551749795675278,0.9995068311691284,0.527580976486206,0.3199666142463684,-0.10135360807180405,0.9996755719184875,0.5210309028625488,0.3195635676383972,-0.11887410283088684,0.9996625781059265,0.5350006222724915,0.36980003118515015,0.07936318963766098,0.9998317956924438,0.48461392521858215,0.3690342605113983,-0.05690788850188255,0.9994673132896423,0.5382360219955444,0.4499380588531494,0.09063363820314407,0.7237464189529419,0.4743798077106476,0.4617185592651367,-0.08560826629400253,0.9899305105209351,0.5520350337028503,0.4815768301486969,-0.06312359869480133,0.9426990151405334,0.5010610222816467,0.48703324794769287,-0.17000143229961395,0.9938833713531494,0.5564126372337341,0.49407631158828735,-0.09671611338853836,0.9194210767745972,0.5113230347633362,0.4995492994785309,-0.2005482167005539,0.9878469705581665,0.5564409494400024,0.4873017370700836,-0.1202675923705101,0.9257583022117615,0.5141907930374146,0.4867236018180847,-0.21194233000278473,0.9876521825790405,0.553006112575531,0.4829624891281128,-0.0777711495757103,0.9124055504798889,0.5121909976005554,0.4819515645503998,-0.1743578314781189,0.9807958006858826,0.5310406684875488,0.5537205934524536,0.047240111976861954,0.9991088509559631,0.5003397464752197,0.5560511946678162,-0.04718886315822601,0.9987139701843262,0.5288947224617004,0.7006980180740356,0.03582845628261566,0.9199500679969788,0.50589519739151,0.7045314311981201,-0.055232565850019455,0.9572913646697998,0.5215250253677368,0.826871395111084,0.14976435899734497,0.9289951324462891,0.5048913359642029,0.8349112868309021,0.05143701285123825,0.9559130668640137,0.5142978429794312,0.8390074968338013,0.15562127530574799,0.8764809370040894,0.5016304850578308,0.8492169380187988,0.05677506700158119,0.7505360245704651,0.5328015685081482,0.8751593828201294,0.07648245245218277,0.9350259900093079,0.5161008834838867,0.8809083700180054,-0.04243116453289986,0.9457589387893677
5699.999999999993,0.5266879200935364,0.30704253911972046,-0.1456708461046219,0.9998359680175781,0.5273010730743408,0.2942970395088196,-0.1264294683933258,0.9997779130935669,0.5285942554473877,0.29445430636405945,-0.12647873163223267,0.9997092485427856,0.5296689867973328,0.29447153210639954,-0.126473531126976,0.9997363090515137,0.5216720104217529,0.29329752922058105,-0.13984595239162445,0.9996942281723022,0.518893301486969,0.29269665479660034,-0.13984458148479462,0.9996540546417236,0.5158156156539917,0.2921462953090668,-0.1398540586233139,0.9996817708015442,0.5261720418930054,0.2990885376930237,-0.015306791290640831,0.9994568824768066,0.5070592761039734,0.29739171266555786,-0.07716045528650284,0.9995504021644592,0.5275801420211792,0.31993749737739563,-0.10281078517436981,0.9997007846832275,0.5210124850273132,0.31952598690986633,-0.12043564766645432,0.9996922612190247,0.534980833530426,0.3698387145996094,0.07657472789287567,0.9998375177383423,0.4846118688583374,0.3690490126609802,-0.05949849635362625,0.9995104074478149,0.538371205329895,0.44991225004196167,0.0861973911523819,0.7233255505561829,0.4741380512714386,0.46207159757614136,-0.09389868378639221,0.9902270436286926,0.5521379709243774,0.48166295886039734,-0.06803731620311737,0.9439857006072998,0.5009366869926453,0.4845614433288574,-0.1829107105731964,0.9939380884170532,0.5565357804298401,0.4941076636314392,-0.10126171261072159,0.9217579960823059,0.511245846748352,0.4965397119522095,-0.21433116495609283,0.9879879355430603,0.5564911961555481,0.48729801177978516,-0.12428997457027435,0.9281030297279358,0.5141437649726868,0.4836809039115906,-0.22565767168998718,0.9878305196762085,0.5530798435211182,0.48295944929122925,-0.08241702616214752,0.9147924780845642,0.5121565461158752,0.4791218042373657,-0.18723680078983307,0.9810307621955872,0.5313518047332764,0.5541332364082336,0.04686085879802704,0.9991034865379333,0.500564455986023,0.5573617815971375,-0.04681754857301712,0.9987227320671082,0.5289143919944763,0.7012113332748413,0.039463892579078674,0.9186567664146423,0.505730152130127,0.705053985118866,-0.05207419395446777,0.9580616354942322,0.5215694904327393,0.8268724679946899,0.15642149746418,0.9292618632316589,0.5043874382972717,0.8349252343177795,0.05752258375287056,0.9570039510726929,0.5143914818763733,0.8389992117881775,0.16257305443286896,0.8791635632514954,0.5003061294555664,0.849208414554596,0.06314579397439957,0.7563038468360901,0.5328226685523987,0.8751664161682129,0.08387548476457596,0.9359008073806763,0.5159790515899658,0.8810074925422668,-0.036085519939661026,0.946995198726654
5733.333333333326,0.5266430377960205,0.30704185366630554,-0.14786884188652039,0.9998471140861511,0.5272776484489441,0.29428964853286743,-0.12887625396251678,0.9997922778129578,0.5285876393318176,0.2944493889808655,-0.12892678380012512,0.9997271299362183,0.5296691656112671,0.29446935653686523,-0.12892408668994904,0.9997504353523254,0.521612286567688,0.2932889461517334,-0.141852006316185,0.9997158646583557,0.5188310146331787,0.2926942706108093,-0.14185015857219696,0.9996779561042786,0.5157455205917358,0.29214996099472046,-0.14186321198940277,0.999703586101532,0.5261792540550232,0.29909148812294006,-0.018040945753455162,0.9994758367538452,0.507013201713562,0.29739829897880554,-0.0779273733496666,0.9995869994163513,0.5275604724884033,0.31994521617889404,-0.10503929108381271,0.9997202157974243,0.520980179309845,0.3195320665836334,-0.12209050357341766,0.9997172355651855,0.5349380373954773,0.36987921595573425,0.0735158920288086,0.999839723110199,0.4846692681312561,0.3690600097179413,-0.05808630213141441,0.9995468854904175,0.538499653339386,0.4498434066772461,0.08088433742523193,0.7184016108512878,0.4735654592514038,0.4628486931324005,-0.09389884024858475,0.9903916716575623,0.5519782900810242,0.4816696047782898,-0.07671502977609634,0.9440211653709412,0.5008024573326111,0.4829706847667694,-0.18685007095336914,0.9938743114471436,0.5562187433242798,0.49419647455215454,-0.11048512160778046,0.9227628111839294,0.5108388662338257,0.49388715624809265,-0.21871283650398254,0.9879288673400879,0.5561254024505615,0.48729264736175537,-0.13368816673755646,0.929183840751648,0.5136978030204773,0.48071029782295227,-0.2296539694070816,0.9878027439117432,0.5529473423957825,0.48292073607444763,-0.09119125455617905,0.9156704545021057,0.5118036866188049,0.4764784574508667,-0.1912434697151184,0.9809514284133911,0.5315485596656799,0.554131805896759,0.04641202837228775,0.9990934729576111,0.5006070137023926,0.5574800968170166,-0.04636802151799202,0.9987293481826782,0.5289856195449829,0.701324999332428,0.03905343636870384,0.9195957779884338,0.5056298971176147,0.7050530314445496,-0.05039132013916969,0.9597813487052917,0.5216543674468994,0.8268231153488159,0.15825767815113068,0.9309529662132263,0.5033470988273621,0.8349350094795227,0.06015075370669365,0.9589280486106873,0.514534592628479,0.8389087915420532,0.16459360718727112,0.883050799369812,0.4992714524269104,0.849207878112793,0.06587349623441696,0.7644113898277283,0.5328305959701538,0.8751733899116516,0.08516867458820343,0.9376678466796875,0.5156475305557251,0.8810723423957825,-0.03399486467242241,0.9490652084350586
5766.666666666659,0.5265561938285828,0.3070708215236664,-0.1450524926185608,0.9998571276664734,0.5272313356399536,0.29429590702056885,-0.12604792416095734,0.9998058080673218,0.5285714268684387,0.2944584786891937,-0.12609966099262238,0.9997442364692688,0.5296658873558044,0.29448404908180237,-0.12610022723674774,0.9997645020484924,0.5215238332748413,0.2932908833026886,-0.1388632208108902,0.9997353553771973,0.5187231302261353,0.29269811511039734,-0.13886062800884247,0.9996992945671082,0.5156319737434387,0.292156845331192,-0.13887174427509308,0.9997228384017944,0.5261831879615784,0.29913991689682007,-0.015180408023297787,0.9994980692863464,0.5069400668144226,0.29742497205734253,-0.07464341819286346,0.9996196031570435,0.5275225043296814,0.32003262639045715,-0.10216431319713593,0.9997381567955017,0.5209229588508606,0.3195948302745819,-0.11903800070285797,0.999739408493042,0.534756600856781,0.36988165974617004,0.07416153699159622,0.9998432993888855,0.4848636984825134,0.3690735995769501,-0.05564827471971512,0.999576210975647,0.5384884476661682,0.44877973198890686,0.07667922973632812,0.713938295841217,0.4734638035297394,0.46333667635917664,-0.09502261132001877,0.9902509450912476,0.5515500903129578,0.4815574884414673,-0.08183617144823074,0.9441549777984619,0.5012134909629822,0.47986191511154175,-0.19284208118915558,0.9934879541397095,0.5552614331245422,0.4941295385360718,-0.11594810336828232,0.9237984418869019,0.5110407471656799,0.49022969603538513,-0.22488947212696075,0.9873352646827698,0.5554084777832031,0.48670393228530884,-0.13862018287181854,0.9302632212638855,0.5139167308807373,0.4779621958732605,-0.23487110435962677,0.987237274646759,0.5525722503662109,0.48245811462402344,-0.09604816883802414,0.9165441989898682,0.5121467709541321,0.47378242015838623,-0.19707943499088287,0.9801003932952881,0.5316002368927002,0.5541332960128784,0.046126626431941986,0.9990946650505066,0.5006434321403503,0.5575889348983765,-0.04608030244708061,0.9987374544143677,0.5290225744247437,0.7013267874717712,0.03789554536342621,0.9204443097114563,0.5055409669876099,0.7050092220306396,-0.049499426037073135,0.9612290859222412,0.5218054056167603,0.8267971873283386,0.15682928264141083,0.9324138760566711,0.5026296973228455,0.8349422216415405,0.060738805681467056,0.9605428576469421,0.5148593187332153,0.8389031291007996,0.1631326675415039,0.8864706158638,0.49870535731315613,0.849205732345581,0.06642552465200424,0.770790159702301,0.5328537821769714,0.8751966953277588,0.0832315981388092,0.9390801787376404,0.5154118537902832,0.8810652494430542,-0.03361562266945839,0.9507356882095337
5799.999999999992,0.526429295539856,0.30708983540534973,-0.14219427108764648,0.999865710735321,0.5271642804145813,0.29429686069488525,-0.1233925074338913,0.9998173713684082,0.5285444855690002,0.2944614589214325,-0.12344471365213394,0.9997588992118835,0.529658317565918,0.2944916784763336,-0.12344758212566376,0.9997765421867371,0.521414041519165,0.29328659176826477,-0.13610625267028809,0.9997521042823792,0.518597424030304,0.2926945388317108,-0.13610400259494781,0.9997175931930542,0.5155017971992493,0.2921537756919861,-0.13611431419849396,0.9997392892837524,0.526192843914032,0.2991648316383362,-0.013302532024681568,0.9995177388191223,0.5068454146385193,0.2974295914173126,-0.07296507805585861,0.9996479153633118,0.5274731516838074,0.3200913965702057,-0.09961467236280441,0.9997540712356567,0.520825982093811,0.3196212947368622,-0.11637752503156662,0.9997590184211731,0.5347235798835754,0.3698872923851013,0.0744006410241127,0.9998469352722168,0.4848894774913788,0.36906909942626953,-0.05300191789865494,0.9996011853218079,0.5384626984596252,0.4480326473712921,0.07671663910150528,0.7116285562515259,0.47298526763916016,0.4632979929447174,-0.09478451311588287,0.9901054501533508,0.5513660311698914,0.48092707991600037,-0.07942967861890793,0.9446737170219421,0.5011206269264221,0.4777739942073822,-0.19777289032936096,0.993178129196167,0.5548534393310547,0.49359163641929626,-0.11328921467065811,0.9251164197921753,0.5108621120452881,0.4871893525123596,-0.2302204966545105,0.9868634343147278,0.5548772215843201,0.48590168356895447,-0.13597123324871063,0.9315866827964783,0.5136516690254211,0.47511038184165955,-0.2395796775817871,0.9867848753929138,0.5523093938827515,0.48176145553588867,-0.09353314340114594,0.9177500009536743,0.5119234323501587,0.47128987312316895,-0.20198799669742584,0.9794111251831055,0.5317035913467407,0.5539682507514954,0.04538632184267044,0.9991006851196289,0.5006486177444458,0.5575588941574097,-0.045340750366449356,0.9987476468086243,0.5290724039077759,0.7013206481933594,0.03643504157662392,0.9215314984321594,0.5053879022598267,0.7049717903137207,-0.0492435097694397,0.9623633623123169,0.5218307971954346,0.8268172144889832,0.1550641804933548,0.9336429238319397,0.5023115873336792,0.8349249362945557,0.061353616416454315,0.9618299007415771,0.5149077773094177,0.8388959169387817,0.16138023138046265,0.8890708088874817,0.49850955605506897,0.8490449786186218,0.06708020716905594,0.7752372622489929,0.532872200012207,0.8755239844322205,0.08190097659826279,0.9401839375495911,0.5152334570884705,0.8810454607009888,-0.03349867835640907,0.9520273208618164
5833.333333333325,0.5263151526451111,0.3071540892124176,-0.13998942077159882,0.9998722672462463,0.5271035432815552,0.29433873295783997,-0.12135644257068634,0.9998267889022827,0.528520405292511,0.29452115297317505,-0.12141004204750061,0.9997711777687073,0.5296518206596375,0.2945762574672699,-0.12141638249158859,0.9997865557670593,0.5213249325752258,0.29329219460487366,-0.13387781381607056,0.9997655749320984,0.5184956192970276,0.2926965653896332,-0.13387879729270935,0.9997324347496033,0.5154111981391907,0.2921574115753174,-0.13389109075069427,0.9997525811195374,0.5262112021446228,0.299275666475296,-0.011853734962642193,0.9995344281196594,0.5067887306213379,0.2974333167076111,-0.07047485560178757,0.9996727108955383,0.5274361968040466,0.3201926350593567,-0.09777352958917618,0.9997679591178894,0.5207502841949463,0.3196687698364258,-0.1142520010471344,0.9997760653495789,0.5347213745117188,0.370166540145874,0.07505191117525101,0.9998483657836914,0.4849039614200592,0.369054913520813,-0.05144019424915314,0.9996233582496643,0.5385278463363647,0.44815710186958313,0.07477756589651108,0.7050547003746033,0.4730204939842224,0.4632658362388611,-0.09313396364450455,0.9900486469268799,0.5513166785240173,0.4797246754169464,-0.08429180085659027,0.9432598352432251,0.5010501742362976,0.47732532024383545,-0.18928162753582,0.9927875399589539,0.5544966459274292,0.4925141930580139,-0.11880213767290115,0.9241679906845093,0.5107251405715942,0.4815700352191925,-0.22090335190296173,0.9861739277839661,0.5543527007102966,0.4843536913394928,-0.14082707464694977,0.9308168888092041,0.5133447647094727,0.4715646803379059,-0.22913776338100433,0.9860953688621521,0.5520174503326416,0.4801982641220093,-0.09836418181657791,0.9165687561035156,0.5117737650871277,0.4680996537208557,-0.19294199347496033,0.9784013032913208,0.5317571759223938,0.5541691184043884,0.04534498602151871,0.9990985989570618,0.5005938410758972,0.5579791069030762,-0.04529296234250069,0.9987500309944153,0.5291396975517273,0.7015661001205444,0.03584255278110504,0.9220770001411438,0.50469571352005,0.7054721117019653,-0.048601552844047546,0.963483452796936,0.5218480825424194,0.8268209099769592,0.1566515564918518,0.9343226552009583,0.5018811225891113,0.8351855278015137,0.06391076743602753,0.9628037214279175,0.5149185061454773,0.8388571739196777,0.16332024335861206,0.8909314274787903,0.49824994802474976,0.8490748405456543,0.06983581185340881,0.7782595157623291,0.5328893661499023,0.8757330179214478,0.0823698490858078,0.9407879710197449,0.5152000784873962,0.8812376856803894,-0.03150961175560951,0.9529487490653992
5866.666666666658,0.5261980891227722,0.30716994404792786,-0.1302049458026886,0.9998779296875,0.5270323753356934,0.29434213042259216,-0.11216633021831512,0.999835193157196,0.5284903049468994,0.29453155398368835,-0.11222284287214279,0.9997823238372803,0.529643714427948,0.29459789395332336,-0.11223354190587997,0.9997958540916443,0.5212161540985107,0.29328832030296326,-0.12439832091331482,0.99977707862854,0.5183776617050171,0.2926909923553467,-0.12439883500337601,0.9997453093528748,0.5152968764305115,0.29214781522750854,-0.1244087964296341,0.9997639656066895,0.526246190071106,0.29931220412254333,-0.005347005557268858,0.99955153465271,0.5066977739334106,0.2974358797073364,-0.06215846911072731,0.9996945261955261,0.5274062752723694,0.3202310800552368,-0.08896322548389435,0.9997804164886475,0.5206724405288696,0.3196820318698883,-0.1050555482506752,0.9997910857200623,0.5347309708595276,0.37015441060066223,0.07708263397216797,0.9998511075973511,0.4849095046520233,0.36905455589294434,-0.04458370432257652,0.9996412396430969,0.5385287404060364,0.44779783487319946,0.07683544605970383,0.7003927230834961,0.4730977416038513,0.46314048767089844,-0.09129809588193893,0.9899349212646484,0.5512079000473022,0.4778326451778412,-0.07783838361501694,0.9429445266723633,0.5009156465530396,0.47446081042289734,-0.1893276423215866,0.9924792647361755,0.5541511178016663,0.49065759778022766,-0.11156269162893295,0.9244392514228821,0.5104385018348694,0.4753996729850769,-0.22096872329711914,0.9856861233711243,0.5535920262336731,0.48256468772888184,-0.13351145386695862,0.9311138987541199,0.512395441532135,0.46551942825317383,-0.22922377288341522,0.9856100082397461,0.5514827966690063,0.4783254563808441,-0.09167709201574326,0.9166465997695923,0.5109989643096924,0.4622894525527954,-0.19305673241615295,0.9777129292488098,0.5319481492042542,0.5542005896568298,0.044906530529260635,0.9991008639335632,0.5005919933319092,0.5582396984100342,-0.04484691843390465,0.9987516403198242,0.5292896032333374,0.7019163966178894,0.03464721515774727,0.9226239919662476,0.5041278004646301,0.705742359161377,-0.04844130575656891,0.9642350673675537,0.5219990015029907,0.8267195820808411,0.15576602518558502,0.9346689581871033,0.5014186501502991,0.8353904485702515,0.06301171332597733,0.963300883769989,0.5151944756507874,0.8385622501373291,0.16226956248283386,0.8921034336090088,0.49779993295669556,0.8491389155387878,0.06884851306676865,0.7790339589118958,0.5330445170402527,0.8757641911506653,0.08183951675891876,0.9409967660903931,0.5151798129081726,0.8814218044281006,-0.03207007050514221,0.9532479047775269
5899.999999999991,0.5260457396507263,0.3072158098220825,-0.12311778962612152,0.9998814463615417,0.5269253849983215,0.29436105489730835,-0.10517065972089767,0.9998418688774109,0.5284380316734314,0.2945578992366791,-0.10522600263357162,0.9997914433479309,0.5296255350112915,0.2946341633796692,-0.10523702949285507,0.9998034238815308,0.5210571885108948,0.2932925224304199,-0.11748616397380829,0.9997851252555847,0.518185019493103,0.29269394278526306,-0.1174900233745575,0.9997541308403015,0.5151069760322571,0.29214996099472046,-0.11749930679798126,0.9997718930244446,0.5262736082077026,0.2993505299091339,0.0006753556081093848,0.9995656609535217,0.5065448880195618,0.2974390685558319,-0.055882085114717484,0.9997129440307617,0.5273617506027222,0.3203074038028717,-0.08228400349617004,0.999791145324707,0.5205621719360352,0.3197181522846222,-0.09837522357702255,0.9998037219047546,0.5347230434417725,0.3702149987220764,0.08026765286922455,0.9998514652252197,0.4849756062030792,0.36898696422576904,-0.04050380736589432,0.9996553063392639,0.5385271310806274,0.44796091318130493,0.07064863294363022,0.6894291043281555,0.47509142756462097,0.46266689896583557,-0.07757849991321564,0.9895857572555542,0.5504644513130188,0.47674018144607544,-0.09196245670318604,0.9390652179718018,0.5021520256996155,0.46759724617004395,-0.15457074344158173,0.991621196269989,0.5528272390365601,0.4897443354129791,-0.12766951322555542,0.9208298325538635,0.5103799104690552,0.4686426520347595,-0.18309657275676727,0.9842237830162048,0.5521097183227539,0.4812832772731781,-0.14759303629398346,0.9277746677398682,0.5123078227043152,0.4594153165817261,-0.19208496809005737,0.984142541885376,0.5501301288604736,0.4767686128616333,-0.10540501773357391,0.9126660227775574,0.510941743850708,0.45575204491615295,-0.1581285148859024,0.9757515788078308,0.5319181680679321,0.5541121959686279,0.04445809870958328,0.9990993738174438,0.500560998916626,0.5582318305969238,-0.04438124969601631,0.9987491965293884,0.5292805433273315,0.7019220590591431,0.029621580615639687,0.9211104512214661,0.5036918520927429,0.705760657787323,-0.049050815403461456,0.964565634727478,0.5220149755477905,0.8266143798828125,0.1521182358264923,0.9336798787117004,0.5012304186820984,0.8355052471160889,0.06295457482337952,0.9631930589675903,0.5152195692062378,0.8383928537368774,0.15882845222949982,0.8915567994117737,0.49751633405685425,0.8491421937942505,0.0686757043004036,0.7774144411087036,0.5330504179000854,0.8757639527320862,0.07697924226522446,0.9400426149368286,0.515169620513916,0.8814610242843628,-0.03274644911289215,0.9528637528419495
5933.333333333324,0.525951623916626,0.3072408139705658,-0.12217521667480469,0.999885082244873,0.526871383190155,0.29436832666397095,-0.10429320484399796,0.9998486042022705,0.5284205079078674,0.29456692934036255,-0.10434909164905548,0.9998006820678711,0.5296236872673035,0.2946460545063019,-0.10435911267995834,0.9998112916946411,0.5209578275680542,0.2932954728603363,-0.11662985384464264,0.9997931122779846,0.5180633068084717,0.29269713163375854,-0.11663545668125153,0.9997628331184387,0.5149907469749451,0.29215186834335327,-0.1166430339217186,0.9997798204421997,0.5263785719871521,0.2993728816509247,0.0013778918655589223,0.9995811581611633,0.5064614415168762,0.2974459230899811,-0.05516568571329117,0.9997299313545227,0.5273560285568237,0.3203495740890503,-0.08140970766544342,0.9998021125793457,0.5205045938491821,0.319744735956192,-0.0975089892745018,0.9998160004615784,0.5347722768783569,0.37023109197616577,0.0804281011223793,0.999853253364563,0.48499953746795654,0.3689896762371063,-0.037639714777469635,0.9996678829193115,0.5385853052139282,0.44828781485557556,0.06647708266973495,0.6820698380470276,0.47592824697494507,0.46265894174575806,-0.06758268177509308,0.9891592860221863,0.5498690009117126,0.4760602116584778,-0.09969639778137207,0.9355131387710571,0.502084493637085,0.4637482762336731,-0.13989344239234924,0.9907097816467285,0.5516613721847534,0.4890679121017456,-0.1363935023546219,0.9174212217330933,0.5100595951080322,0.4637639820575714,-0.16782547533512115,0.9826693534851074,0.5508921146392822,0.48041409254074097,-0.15598832070827484,0.9245991706848145,0.5116363167762756,0.4534733295440674,-0.17732004821300507,0.9825801253318787,0.549153208732605,0.4758448302745819,-0.11310003697872162,0.9089434742927551,0.5106760859489441,0.4506012797355652,-0.1435406506061554,0.9736740589141846,0.5319188237190247,0.5540584921836853,0.04388394206762314,0.9991044402122498,0.5005102753639221,0.558228075504303,-0.04379536584019661,0.9987515211105347,0.5292811393737793,0.7021296620368958,0.026976780965924263,0.9201134443283081,0.5035067200660706,0.7060002684593201,-0.04925624281167984,0.9650372862815857,0.5220298171043396,0.8265989422798157,0.15206854045391083,0.9331945776939392,0.5012359023094177,0.8357314467430115,0.0630025640130043,0.9633669853210449,0.5152303576469421,0.8383664488792419,0.15888981521129608,0.8913753628730774,0.49753206968307495,0.8492472767829895,0.06893594563007355,0.7768113017082214,0.5330566167831421,0.8758193850517273,0.07694682478904724,0.9395406246185303,0.5151784420013428,0.8815728425979614,-0.03268931433558464,0.952800989151001
5966.666666666657,0.5258805751800537,0.30731135606765747,-0.12382228672504425,0.9998891949653625,0.5268232226371765,0.29440540075302124,-0.1058443933725357,0.9998551607131958,0.5283975005149841,0.2945989966392517,-0.10589864104986191,0.9998090863227844,0.5296169519424438,0.29467570781707764,-0.10590706765651703,0.9998180270195007,0.5209059119224548,0.29333120584487915,-0.11823376268148422,0.9998024702072144,0.5179969072341919,0.2927319407463074,-0.11823872476816177,0.9997735619544983,0.5149358510971069,0.2921828627586365,-0.1182466670870781,0.9997901916503906,0.5264413952827454,0.2994067370891571,0.000405124737881124,0.9995942115783691,0.5064321756362915,0.2974660098552704,-0.05618724972009659,0.9997481107711792,0.5273498892784119,0.3203994333744049,-0.08278544247150421,0.9998117685317993,0.5204738974571228,0.319778174161911,-0.09893298894166946,0.9998281002044678,0.5348241329193115,0.3701912462711334,0.0810985192656517,0.999850869178772,0.48499923944473267,0.36899420619010925,-0.03806794807314873,0.9996848702430725,0.5386908054351807,0.44829604029655457,0.06985536217689514,0.6726046800613403,0.47591477632522583,0.46303778886795044,-0.07232329994440079,0.9894183278083801,0.5495884418487549,0.47524866461753845,-0.0900007039308548,0.9318254590034485,0.5020444989204407,0.4583021402359009,-0.1508810818195343,0.990760087966919,0.5513781309127808,0.4872268736362457,-0.12515711784362793,0.9136462807655334,0.5100023746490479,0.4575503170490265,-0.17911992967128754,0.9826364517211914,0.5505889654159546,0.47834739089012146,-0.1484709084033966,0.9209566116333008,0.5113123059272766,0.44648003578186035,-0.18700923025608063,0.9825257062911987,0.5488194227218628,0.47447600960731506,-0.10421457886695862,0.9046797156333923,0.5104192495346069,0.4445042908191681,-0.1538696140050888,0.973609447479248,0.5319184064865112,0.5540379881858826,0.04330383613705635,0.9990989565849304,0.5004387497901917,0.5582183599472046,-0.043214403092861176,0.9987541437149048,0.5292851328849792,0.7024573683738708,0.02596777305006981,0.9200438261032104,0.5029856562614441,0.706547737121582,-0.04927495867013931,0.9655002951622009,0.5220417380332947,0.8265655040740967,0.15205952525138855,0.9329491853713989,0.5011494755744934,0.8360578417778015,0.06264663487672806,0.9634608626365662,0.5152497291564941,0.8383266925811768,0.15901683270931244,0.8915224075317383,0.49744150042533875,0.849495530128479,0.06860055774450302,0.7763544321060181,0.5330615043640137,0.8758667707443237,0.07733500748872757,0.9392129182815552,0.5151683688163757,0.8818707466125488,-0.032839417457580566,0.9527084231376648
5999.99999999999,0.5258709192276001,0.3074113428592682,-0.12661691009998322,0.999895453453064,0.5268175005912781,0.294465571641922,-0.10905150324106216,0.9998640418052673,0.5283955335617065,0.2946501672267914,-0.10909174382686615,0.999820351600647,0.529617190361023,0.2947233021259308,-0.10909472405910492,0.9998276233673096,0.5209041237831116,0.2934134006500244,-0.12082430720329285,0.9998152256011963,0.5179867148399353,0.292819619178772,-0.12083802372217178,0.9997883439064026,0.5149320363998413,0.29228243231773376,-0.12084075808525085,0.9998041987419128,0.5265591740608215,0.2994646430015564,-0.002611893229186535,0.9996163845062256,0.5064288377761841,0.2975890338420868,-0.056371353566646576,0.9997681379318237,0.5273629426956177,0.320491760969162,-0.08539264649152756,0.9998232126235962,0.5204814076423645,0.31987395882606506,-0.10069126635789871,0.9998409152030945,0.534868061542511,0.3699509799480438,0.08121313154697418,0.9998501539230347,0.4849189519882202,0.3690188229084015,-0.039084646850824356,0.9997037053108215,0.5386771559715271,0.44824838638305664,0.07872830331325531,0.6693191528320312,0.47569942474365234,0.46509745717048645,-0.07409726828336716,0.9899407625198364,0.5489635467529297,0.4744187593460083,-0.06061182916164398,0.9309557676315308,0.5021434426307678,0.4489458501338959,-0.1577083319425583,0.9912194013595581,0.5509106516838074,0.48493605852127075,-0.09044071286916733,0.9124031066894531,0.5097543597221375,0.445962518453598,-0.18525312840938568,0.9833213686943054,0.5498847365379333,0.4765980541706085,-0.10803792625665665,0.9195196628570557,0.5107663869857788,0.43452519178390503,-0.19150160253047943,0.983189582824707,0.5480349063873291,0.4732203483581543,-0.07211874425411224,0.9030216932296753,0.5100045204162598,0.4336964786052704,-0.16015338897705078,0.9745897650718689,0.5318229794502258,0.5545381903648376,0.04279961809515953,0.9990997314453125,0.5001518130302429,0.5595329999923706,-0.042716093361377716,0.9987709522247314,0.5291978716850281,0.7036191821098328,0.027249934151768684,0.9204006791114807,0.5020654201507568,0.7085509896278381,-0.04693399369716644,0.9657076001167297,0.5220010876655579,0.8266527056694031,0.15995286405086517,0.9323903918266296,0.5008732676506042,0.8367984294891357,0.06614680588245392,0.963127613067627,0.515032172203064,0.8383958339691162,0.16800643503665924,0.8910830616950989,0.4970388412475586,0.8507163524627686,0.07267221808433533,0.7749274373054504,0.5330585837364197,0.875977098941803,0.09029515087604523,0.9384989738464355,0.5150339603424072,0.8823301196098328,-0.027035046368837357,0.9520649909973145
6033.333333333323,0.5258694291114807,0.30743417143821716,-0.13366001844406128,0.9999001026153564,0.5268113017082214,0.29446831345558167,-0.11622311174869537,0.9998707175254822,0.5283898711204529,0.2946537137031555,-0.11625484377145767,0.9998284578323364,0.5296145081520081,0.2947273552417755,-0.11625340580940247,0.9998337030410767,0.5209039449691772,0.293423056602478,-0.1282363384962082,0.999825656414032,0.5179859399795532,0.29282984137535095,-0.12825366854667664,0.9998006224632263,0.5149326920509338,0.2922948896884918,-0.12825974822044373,0.9998161196708679,0.5265766382217407,0.29946476221084595,-0.009120295755565166,0.9996306896209717,0.5064191222190857,0.29760903120040894,-0.06393943727016449,0.9997856020927429,0.5273682475090027,0.32049599289894104,-0.09198296815156937,0.9998317360877991,0.5204944014549255,0.3198768198490143,-0.10758433490991592,0.9998518824577332,0.5349210500717163,0.3694351017475128,0.08025159686803818,0.9998463988304138,0.4847291111946106,0.369060218334198,-0.041905906051397324,0.99972003698349,0.5386582612991333,0.44821399450302124,0.082313172519207,0.6636107563972473,0.47437047958374023,0.4681507647037506,-0.0769602432847023,0.9904115200042725,0.5485754013061523,0.473712295293808,-0.051181890070438385,0.9280730485916138,0.5021706223487854,0.44277244806289673,-0.15591686964035034,0.9916456937789917,0.5505421161651611,0.4835779368877411,-0.0795540139079094,0.9084890484809875,0.5095298886299133,0.43770867586135864,-0.18150730431079865,0.9839335680007935,0.549439549446106,0.4755919873714447,-0.09589021652936935,0.9154675006866455,0.510266125202179,0.4249461591243744,-0.18686345219612122,0.9837749004364014,0.5475830435752869,0.4725520610809326,-0.06208714097738266,0.898515522480011,0.5095409750938416,0.4254755675792694,-0.15752185881137848,0.9754291772842407,0.5318117141723633,0.5558663606643677,0.04221326485276222,0.9991033673286438,0.49982860684394836,0.5613852143287659,-0.04213973507285118,0.9987877011299133,0.5291771292686462,0.7049567699432373,0.02981710433959961,0.9224487543106079,0.5013481974601746,0.7103353142738342,-0.04302477464079857,0.9664487838745117,0.5220082402229309,0.8266507387161255,0.16895566880702972,0.9335528016090393,0.4999573528766632,0.8372756242752075,0.07638958841562271,0.9636021256446838,0.5150257349014282,0.8383769989013672,0.17767959833145142,0.892040491104126,0.4964241683483124,0.8514418601989746,0.08371293544769287,0.7760829329490662,0.533058226108551,0.8762100338935852,0.09939752519130707,0.9392778277397156,0.5148029923439026,0.8828306198120117,-0.01590803824365139,0.9525525569915771
6066.666666666656,0.5259038209915161,0.30742496252059937,-0.13035544753074646,0.999898374080658,0.5268115997314453,0.2944387197494507,-0.11422944068908691,0.9998701810836792,0.5283884406089783,0.29461872577667236,-0.11425969004631042,0.9998274445533752,0.5296141505241394,0.29468604922294617,-0.11426225304603577,0.999830424785614,0.5209401845932007,0.29341381788253784,-0.1262185424566269,0.9998265504837036,0.5180256366729736,0.2928243577480316,-0.1262454241514206,0.9998027682304382,0.5149909257888794,0.29229381680488586,-0.12625554203987122,0.9998191595077515,0.5265815854072571,0.2993810176849365,-0.008848452009260654,0.9996289610862732,0.5064293146133423,0.2976137399673462,-0.06408412754535675,0.9997950196266174,0.5274278521537781,0.3204632103443146,-0.09023458510637283,0.9998334646224976,0.5205881595611572,0.3198491930961609,-0.1057954654097557,0.999857485294342,0.5351157784461975,0.36940011382102966,0.0785674974322319,0.9998345375061035,0.4844551086425781,0.36910611391067505,-0.041901543736457825,0.9997277855873108,0.5386448502540588,0.4492146670818329,0.08253965526819229,0.6530740857124329,0.47405388951301575,0.4705146253108978,-0.07551799714565277,0.9904958009719849,0.5481897592544556,0.4732874631881714,-0.04636199399828911,0.920505166053772,0.5019451975822449,0.4320708215236664,-0.14236730337142944,0.991760790348053,0.5503666400909424,0.48289382457733154,-0.07395739108324051,0.8995383977890015,0.5080658197402954,0.42229440808296204,-0.16652844846248627,0.9840129613876343,0.5491964817047119,0.4747871160507202,-0.09064804017543793,0.9067010879516602,0.5084809064865112,0.41299182176589966,-0.17279933393001556,0.9838321805000305,0.5471646189689636,0.4718421399593353,-0.05738704279065132,0.889370858669281,0.5077347159385681,0.41468364000320435,-0.14437879621982574,0.9755560159683228,0.5318149328231812,0.556788444519043,0.04079325497150421,0.9990910291671753,0.49955594539642334,0.5622574687004089,-0.04071800038218498,0.9987831115722656,0.529184103012085,0.7054305076599121,0.030704114586114883,0.9240381717681885,0.5006328225135803,0.7110540270805359,-0.03967541828751564,0.9669686555862427,0.5222094655036926,0.8266082406044006,0.17228111624717712,0.9342054128646851,0.4994976222515106,0.8375522494316101,0.08240918815135956,0.9637607336044312,0.5154157280921936,0.8383152484893799,0.18134170770645142,0.8917325735092163,0.49616068601608276,0.851774275302887,0.09000125527381897,0.776196300983429,0.5330836176872253,0.8762685656547546,0.10308923572301865,0.9395143389701843,0.5146775841712952,0.8829257488250732,-0.009144878014922142,0.9525535702705383
6099.999999999989,0.5259628295898438,0.30734291672706604,-0.13569068908691406,0.999889612197876,0.5268313884735107,0.2943620979785919,-0.11993972957134247,0.9998581409454346,0.5284021496772766,0.2945476770401001,-0.11998119205236435,0.9998109340667725,0.5296262502670288,0.2946154773235321,-0.11998733133077621,0.9998106360435486,0.520975649356842,0.2933495044708252,-0.13113315403461456,0.9998152256011963,0.518060028553009,0.2927659749984741,-0.13115783035755157,0.9997920393943787,0.5150362849235535,0.2922455072402954,-0.13117903470993042,0.9998108148574829,0.5266168713569641,0.29912081360816956,-0.01887310855090618,0.9995911121368408,0.5064394474029541,0.29758769273757935,-0.07007749378681183,0.9997891783714294,0.5274773240089417,0.32029062509536743,-0.09648619592189789,0.9998182654380798,0.5206339955329895,0.3196818232536316,-0.11105290800333023,0.9998515248298645,0.5351024270057678,0.36839497089385986,0.067510686814785,0.9997992515563965,0.484462708234787,0.369107723236084,-0.04520488157868385,0.9997186660766602,0.5381646752357483,0.44889435172080994,0.08585808426141739,0.636768102645874,0.4737899899482727,0.4719981253147125,-0.09153188765048981,0.9902681708335876,0.5476463437080383,0.47262677550315857,-0.020720958709716797,0.9095500111579895,0.500987708568573,0.4174675941467285,-0.18185533583164215,0.9917462468147278,0.5503184795379639,0.48229116201400757,-0.04312720522284508,0.8868177533149719,0.5056048035621643,0.40597033500671387,-0.20759102702140808,0.9839099049568176,0.5491311550140381,0.4743404686450958,-0.06119190528988838,0.8943087458610535,0.5069541931152344,0.4002312421798706,-0.2119351476430893,0.9836944937705994,0.5469275712966919,0.47143781185150146,-0.03134745731949806,0.8763037919998169,0.5066132545471191,0.4022796154022217,-0.18393798172473907,0.9753705859184265,0.5318095088005066,0.5564086437225342,0.040082626044750214,0.9989944696426392,0.49955809116363525,0.5621065497398376,-0.04003160446882248,0.9986839890480042,0.5291946530342102,0.7053976655006409,0.032201722264289856,0.9228421449661255,0.5005651116371155,0.7109369039535522,-0.038278061896562576,0.966123640537262,0.5223755836486816,0.8265697956085205,0.1683378666639328,0.9331272840499878,0.4994357228279114,0.8376107215881348,0.07909521460533142,0.9627119302749634,0.5157397389411926,0.8381694555282593,0.17661866545677185,0.8890644311904907,0.49602869153022766,0.8518034815788269,0.08606874942779541,0.774175763130188,0.5331935286521912,0.8762665390968323,0.09785805642604828,0.9383814930915833,0.5147055387496948,0.8830322623252869,-0.013014213182032108,0.9512738585472107
6133.333333333322,0.5259800553321838,0.3072934150695801,-0.13689766824245453,0.9998842477798462,0.5268307328224182,0.29425403475761414,-0.12113778293132782,0.9998512864112854,0.5284016132354736,0.29442715644836426,-0.12118556350469589,0.9998021721839905,0.5296270251274109,0.29447445273399353,-0.12119682878255844,0.9998000264167786,0.5209835171699524,0.293290913105011,-0.1316976547241211,0.9998064637184143,0.5180652141571045,0.2927292287349701,-0.13171765208244324,0.999783456325531,0.5150471925735474,0.292227566242218,-0.13173538446426392,0.9998030662536621,0.526625394821167,0.2987836003303528,-0.019404618069529533,0.9995763301849365,0.5064366459846497,0.29758840799331665,-0.06893432885408401,0.9997831583023071,0.5275186896324158,0.320183128118515,-0.0972527340054512,0.9998105764389038,0.5206656455993652,0.3195691406726837,-0.11113794147968292,0.9998472929000854,0.5350890755653381,0.36716213822364807,0.06709536164999008,0.9997876286506653,0.4848146140575409,0.3690265417098999,-0.04345666244626045,0.9997066855430603,0.5380351543426514,0.4482193887233734,0.08781635016202927,0.6330028176307678,0.4734264612197876,0.4721890985965729,-0.09812350571155548,0.9900469779968262,0.5471386313438416,0.4708370268344879,-0.014127933420240879,0.9067820906639099,0.500160813331604,0.4116446375846863,-0.2045297622680664,0.9918553829193115,0.5502564311027527,0.48109227418899536,-0.03614930808544159,0.8825525045394897,0.5042923092842102,0.39928653836250305,-0.23276636004447937,0.9840415120124817,0.5489692091941833,0.4735378921031952,-0.05430591478943825,0.8899955153465271,0.5055124759674072,0.39274635910987854,-0.23649270832538605,0.983794629573822,0.5466999411582947,0.4706186056137085,-0.024483943358063698,0.8715705275535583,0.5054319500923157,0.3957054316997528,-0.20685787498950958,0.9755123257637024,0.531724214553833,0.5559470653533936,0.03921893984079361,0.9989550113677979,0.49953681230545044,0.5613735914230347,-0.03917636349797249,0.9986241459846497,0.5291996598243713,0.7053817510604858,0.03155079856514931,0.9226313829421997,0.5004640817642212,0.7108430862426758,-0.039037562906742096,0.9655593037605286,0.5225062370300293,0.8265688419342041,0.1682337075471878,0.9326613545417786,0.4994431734085083,0.837615430355072,0.07653447985649109,0.9620454907417297,0.5159863829612732,0.8381653428077698,0.17607834935188293,0.8870969414710999,0.49604350328445435,0.8518396615982056,0.08330143243074417,0.7724096775054932,0.5332404971122742,0.8762879967689514,0.09741814434528351,0.9376108646392822,0.5147093534469604,0.8830557465553284,-0.016199268400669098,0.9504351615905762
6166.666666666655,0.5259863138198853,0.30728307366371155,-0.12521257996559143,0.9998723864555359,0.5268311500549316,0.2942480444908142,-0.11005839705467224,0.9998383522033691,0.5284015536308289,0.29442358016967773,-0.11011336743831635,0.9997855424880981,0.5296280980110168,0.2944735586643219,-0.11013804376125336,0.999783456325531,0.5210150480270386,0.29328447580337524,-0.11957614868879318,0.9997879862785339,0.5180996656417847,0.292724609375,-0.11959259957075119,0.999763548374176,0.5151049494743347,0.29222461581230164,-0.11960743367671967,0.9997860193252563,0.5266559720039368,0.29872751235961914,-0.010750222951173782,0.9995501041412354,0.5064424872398376,0.2975863814353943,-0.05466108396649361,0.9997677206993103,0.5275511145591736,0.32009315490722656,-0.08605346828699112,0.9997945427894592,0.5207001566886902,0.3194657564163208,-0.09869041293859482,0.9998369216918945,0.5351650714874268,0.36719268560409546,0.07225263863801956,0.9997767210006714,0.48488283157348633,0.36863794922828674,-0.029637016355991364,0.9996952414512634,0.5380683541297913,0.4485847055912018,0.08874264359474182,0.6303432583808899,0.47277742624282837,0.4719421863555908,-0.09825246036052704,0.9900190234184265,0.5471712946891785,0.46962863206863403,-0.01681952364742756,0.9053590893745422,0.49701961874961853,0.4037970304489136,-0.21850928664207458,0.9921197295188904,0.5502977967262268,0.4797181785106659,-0.03980163112282753,0.8797704577445984,0.5013830661773682,0.3922887444496155,-0.24899578094482422,0.984458327293396,0.5489529967308044,0.4724369943141937,-0.055874302983284,0.88695228099823,0.5035375356674194,0.3852355182170868,-0.2505268454551697,0.9841793179512024,0.5466836094856262,0.46946823596954346,-0.026464713737368584,0.8680298328399658,0.503783643245697,0.38824108242988586,-0.22043202817440033,0.9760397672653198,0.5313736200332642,0.555736243724823,0.038352664560079575,0.9989097714424133,0.49941596388816833,0.5605376362800598,-0.03829246386885643,0.9985595345497131,0.5291605591773987,0.7052914500236511,0.028313061222434044,0.921521782875061,0.5004732608795166,0.7106547355651855,-0.03973402827978134,0.9647525548934937,0.522478461265564,0.8266348242759705,0.15543167293071747,0.9308321475982666,0.4994522035121918,0.8375794887542725,0.06797809898853302,0.960780143737793,0.5159767866134644,0.8381887674331665,0.162985697388649,0.8840016722679138,0.4960143268108368,0.8517922163009644,0.07425767928361893,0.7687992453575134,0.5332233905792236,0.8763638138771057,0.08497603237628937,0.9356691837310791,0.5145710110664368,0.8828950524330139,-0.024937983602285385,0.9488372802734375
6199.999999999988,0.5259849429130554,0.30727419257164,-0.11912214756011963,0.999851405620575,0.5268263816833496,0.2942150831222534,-0.10384933650493622,0.9998133778572083,0.5283998250961304,0.2943775951862335,-0.10390628129243851,0.9997538328170776,0.5296288132667542,0.2944210469722748,-0.10393398255109787,0.999751627445221,0.5210170149803162,0.2932777404785156,-0.11316748708486557,0.9997542500495911,0.5181024074554443,0.2927238941192627,-0.11318361014127731,0.999727725982666,0.5151172280311584,0.2922266721725464,-0.11319638043642044,0.9997568130493164,0.526751697063446,0.29860714077949524,-0.0050674728117883205,0.9994980692863464,0.5064437389373779,0.2975906431674957,-0.04769394174218178,0.9997380971908569,0.5275912880897522,0.31999483704566956,-0.08019859343767166,0.9997625946998596,0.5207235217094421,0.31942567229270935,-0.09248117357492447,0.9998158812522888,0.5356504321098328,0.367200642824173,0.07606042921543121,0.9997611045837402,0.48505693674087524,0.3688388466835022,-0.021822739392518997,0.9996767044067383,0.5386254191398621,0.44844111800193787,0.09620198607444763,0.6250579357147217,0.472483366727829,0.4721176028251648,-0.09525786340236664,0.9899857640266418,0.5472097396850586,0.46959683299064636,0.0002687828382477164,0.9004297256469727,0.49615588784217834,0.40398773550987244,-0.206670343875885,0.9923039078712463,0.5503795742988586,0.4793815314769745,-0.021055277436971664,0.8726760745048523,0.5009328722953796,0.3891083300113678,-0.23644991219043732,0.9846727252006531,0.5489863753318787,0.4723700284957886,-0.037826016545295715,0.87978595495224,0.5024186372756958,0.3825191259384155,-0.2385290265083313,0.9843594431877136,0.5467268228530884,0.4694564640522003,-0.009432080201804638,0.8602815866470337,0.5026252269744873,0.38677364587783813,-0.20868322253227234,0.9762921929359436,0.5311310291290283,0.5551175475120544,0.03625970333814621,0.9988595843315125,0.4990885853767395,0.5591707229614258,-0.0361785814166069,0.9984855651855469,0.5291575193405151,0.7050143480300903,0.02228178270161152,0.9201108813285828,0.5004882216453552,0.7101070284843445,-0.04107341542840004,0.9628985524177551,0.5223451852798462,0.8266369104385376,0.14455613493919373,0.9285334348678589,0.49946215748786926,0.8373056650161743,0.0638732835650444,0.9586580991744995,0.5158145427703857,0.8381734490394592,0.15169869363307953,0.8784986138343811,0.49603426456451416,0.8514513969421387,0.06993358582258224,0.7627543807029724,0.5330047607421875,0.8764669895172119,0.0709744393825531,0.9328988790512085,0.5142567753791809,0.8824326395988464,-0.0302412249147892,0.946303129196167
6233.333333333321,0.5259756445884705,0.30727460980415344,-0.12151359021663666,0.9998204708099365,0.5268137454986572,0.29419225454330444,-0.1057337149977684,0.9997738003730774,0.528398334980011,0.2943209707736969,-0.10578801482915878,0.9997011423110962,0.5296347737312317,0.2943342626094818,-0.10581023246049881,0.9996970891952515,0.5210081338882446,0.2933005392551422,-0.11567632853984833,0.9997092485427856,0.5180845856666565,0.29280927777290344,-0.11569253355264664,0.9996809363365173,0.515110194683075,0.292387992143631,-0.11570659279823303,0.9997196793556213,0.526981770992279,0.2985389530658722,-0.005587779451161623,0.9994038343429565,0.5064435601234436,0.2978613078594208,-0.05106677487492561,0.9996961355209351,0.5276740789413452,0.3199743628501892,-0.08210883289575577,0.9996994733810425,0.5207604765892029,0.31945058703422546,-0.095306396484375,0.9997762441635132,0.5361142754554749,0.36701735854148865,0.07569381594657898,0.9997193217277527,0.4850752651691437,0.37055957317352295,-0.02704564481973648,0.9996447563171387,0.5386794209480286,0.4467136859893799,0.1040412038564682,0.6150742173194885,0.4723001718521118,0.4727265238761902,-0.09659251570701599,0.9898976683616638,0.5478551983833313,0.46972981095314026,0.025369839742779732,0.8906481862068176,0.49411070346832275,0.40061914920806885,-0.20831240713596344,0.992435872554779,0.5505992770195007,0.47926822304725647,0.00803027767688036,0.8598697185516357,0.49896666407585144,0.3821351230144501,-0.2370844930410385,0.9848065972328186,0.5490133166313171,0.47241663932800293,-0.008972685784101486,0.867000162601471,0.4992900788784027,0.37513795495033264,-0.23927341401576996,0.9844602942466736,0.5468517541885376,0.46958404779434204,0.016016729176044464,0.8472325205802917,0.49937254190444946,0.38043758273124695,-0.21035605669021606,0.9764333367347717,0.5309221148490906,0.5551470518112183,0.03658353164792061,0.9987398982048035,0.49867960810661316,0.5591683387756348,-0.03650590032339096,0.9983389377593994,0.5291610360145569,0.7050018310546875,0.023546556010842323,0.9168922305107117,0.5004993081092834,0.710089921951294,-0.043475810438394547,0.9612067937850952,0.5223312377929688,0.8269050121307373,0.14249180257320404,0.9258324503898621,0.49949148297309875,0.8372026085853577,0.05745849385857582,0.9568611979484558,0.5157239437103271,0.8384158611297607,0.14905285835266113,0.8739583492279053,0.4961085021495819,0.8511750102043152,0.06318280845880508,0.7587868571281433,0.5329863429069519,0.8768830299377441,0.06998109817504883,0.9299196004867554,0.5140351057052612,0.8820712566375732,-0.03531210124492645,0.9439537525177002
6266.666666666654,0.525982141494751,0.30730387568473816,-0.12106402218341827,0.99976646900177,0.5268124341964722,0.29420143365859985,-0.10547944158315659,0.9997096657752991,0.5283995866775513,0.29431697726249695,-0.10553719103336334,0.9996181726455688,0.5296470522880554,0.29430922865867615,-0.1055658683180809,0.9996154308319092,0.5210144519805908,0.29351645708084106,-0.1153666079044342,0.999626100063324,0.5180860757827759,0.29317706823349,-0.1153867095708847,0.999591588973999,0.5151194334030151,0.29292386770248413,-0.11540298908948898,0.9996461868286133,0.5271293520927429,0.2985304594039917,-0.005904157646000385,0.9992645382881165,0.5064609050750732,0.2988396883010864,-0.051652949303388596,0.9996092915534973,0.5278350710868835,0.319974809885025,-0.0823015496134758,0.9996002912521362,0.5208806991577148,0.3195755183696747,-0.09529483318328857,0.999699592590332,0.5368316173553467,0.36680930852890015,0.07449401170015335,0.999675452709198,0.4850635528564453,0.37327030301094055,-0.02842075563967228,0.9995774626731873,0.5391098856925964,0.4458642601966858,0.10087795555591583,0.6027610898017883,0.4720962941646576,0.4725562334060669,-0.09514616429805756,0.9891945123672485,0.5484685301780701,0.4698321223258972,0.023716580122709274,0.8788625597953796,0.4921990931034088,0.39239320158958435,-0.20080719888210297,0.9921444654464722,0.5507018566131592,0.4790682792663574,0.006548625882714987,0.8455982804298401,0.49567049741744995,0.3705894649028778,-0.22994579374790192,0.9841756224632263,0.5490255355834961,0.47231119871139526,-0.009753496386110783,0.8528246283531189,0.49554768204689026,0.363489031791687,-0.23423589766025543,0.9837746620178223,0.546964704990387,0.46950942277908325,0.014574346132576466,0.8331018686294556,0.49560749530792236,0.3708084523677826,-0.2030341625213623,0.9754963517189026,0.530803918838501,0.5551920533180237,0.036476004868745804,0.9986327290534973,0.49822771549224854,0.5591893196105957,-0.03639647737145424,0.9981662034988403,0.5292349457740784,0.7049857974052429,0.023569542914628983,0.912141740322113,0.5005080103874207,0.7099775075912476,-0.04408583790063858,0.9586631655693054,0.5223316550254822,0.8275036215782166,0.14064566791057587,0.9222820997238159,0.49973660707473755,0.8370774984359741,0.05695454776287079,0.9543325304985046,0.5157188177108765,0.839287281036377,0.14727558195590973,0.8678184151649475,0.496616005897522,0.8508169054985046,0.06284498423337936,0.7527660131454468,0.5328035950660706,0.8775516748428345,0.069254070520401,0.925895094871521,0.5136606693267822,0.8814658522605896,-0.03449868783354759,0.9405646324157715
6299.999999999987,0.5260225534439087,0.30762308835983276,-0.12849029898643494,0.9997404217720032,0.526811420917511,0.2943885624408722,-0.1126607283949852,0.9996745586395264,0.5283952951431274,0.2943947911262512,-0.11272537708282471,0.9995711445808411,0.5296457409858704,0.29433146119117737,-0.1127607673406601,0.9995655417442322,0.5210512280464172,0.29401588439941406,-0.1220959946513176,0.9995903372764587,0.5181175470352173,0.2937920391559601,-0.12211990356445312,0.9995526671409607,0.5151838660240173,0.2936457097530365,-0.12214474380016327,0.9996127486228943,0.5271211266517639,0.29852184653282166,-0.011058048345148563,0.9991797804832458,0.5065225958824158,0.2996293306350708,-0.05385259538888931,0.9995630383491516,0.527930498123169,0.32010287046432495,-0.08875269442796707,0.9995328783988953,0.5211045145988464,0.3199179172515869,-0.10105615109205246,0.9996507167816162,0.5369799137115479,0.3660695254802704,0.07250341773033142,0.9996431469917297,0.48503509163856506,0.37310922145843506,-0.02974877320230007,0.9995304346084595,0.5396979451179504,0.4451853036880493,0.09826482832431793,0.5968226194381714,0.47110074758529663,0.47223299741744995,-0.1112428531050682,0.9886371493339539,0.5487685799598694,0.4694805145263672,0.011003746651113033,0.8731932640075684,0.48875507712364197,0.3948858082294464,-0.2485487163066864,0.9920329451560974,0.5507347583770752,0.4782896935939789,-0.007448401767760515,0.838013768196106,0.49100449681282043,0.37515175342559814,-0.2805742919445038,0.9839718341827393,0.54905766248703,0.47126445174217224,-0.02407248504459858,0.845297634601593,0.49084675312042236,0.3675577640533447,-0.2829432189464569,0.9835395812988281,0.5469807386398315,0.46853920817375183,0.0017128257313743234,0.8247118592262268,0.4912765622138977,0.37407925724983215,-0.2514275312423706,0.97506183385849,0.5306907296180725,0.5549898743629456,0.0366482250392437,0.9984428286552429,0.4981125295162201,0.5587844252586365,-0.03657113388180733,0.9979302287101746,0.5292978882789612,0.7043382525444031,0.024075744673609734,0.9074980616569519,0.5008785128593445,0.7086666822433472,-0.046604886651039124,0.9563894867897034,0.5223370790481567,0.8277315497398376,0.13584788143634796,0.9188141822814941,0.5001707673072815,0.83700031042099,0.04937975853681564,0.9525282382965088,0.5157503485679626,0.8398568034172058,0.1416388601064682,0.8634065985679626,0.4974549412727356,0.8507388830184937,0.05447046458721161,0.7502136826515198,0.53276526927948,0.8777323365211487,0.06328996270895004,0.9227624535560608,0.5135059356689453,0.8810162544250488,-0.043368179351091385,0.9380780458450317
6333.33333333332,0.526016891002655,0.3078801929950714,-0.1332697719335556,0.9997149109840393,0.5267634987831116,0.294506698846817,-0.1171831265091896,0.999642014503479,0.5283442139625549,0.2944457530975342,-0.11724702268838882,0.9995275735855103,0.5296222567558289,0.29434800148010254,-0.11728204786777496,0.9995196461677551,0.5210390090942383,0.29432985186576843,-0.12678106129169464,0.9995573163032532,0.5181061625480652,0.29419368505477905,-0.1268063485622406,0.9995165467262268,0.5151841044425964,0.29411572217941284,-0.12683196365833282,0.9995817542076111,0.5270921587944031,0.2985393702983856,-0.014593059197068214,0.9990952014923096,0.5065214037895203,0.3002743124961853,-0.057805273681879044,0.9995192885398865,0.5279453992843628,0.32028713822364807,-0.09320596605539322,0.9994750022888184,0.5211262702941895,0.3201952874660492,-0.10570985823869705,0.9996090531349182,0.5371400713920593,0.3659974932670593,0.07031862437725067,0.9996079206466675,0.4848712682723999,0.37312328815460205,-0.029938725754618645,0.9994847178459167,0.5400897264480591,0.4453836679458618,0.09567049145698547,0.589598536491394,0.47002968192100525,0.47211936116218567,-0.11383680254220963,0.9879196882247925,0.5487725138664246,0.4691869914531708,0.0015745681012049317,0.8660911917686462,0.4862147271633148,0.3949589133262634,-0.25296759605407715,0.9917910099029541,0.5507032871246338,0.4777410328388214,-0.018458176404237747,0.8291398286819458,0.4877384305000305,0.3753882944583893,-0.28517773747444153,0.9835583567619324,0.5489723086357117,0.47034281492233276,-0.03516217693686485,0.8365526795387268,0.4877668619155884,0.3676336705684662,-0.28785017132759094,0.9830928444862366,0.5469232797622681,0.467599093914032,-0.008046290837228298,0.8150529265403748,0.4883245825767517,0.3742596209049225,-0.25608915090560913,0.9743396043777466,0.5306454300880432,0.5548807382583618,0.03674584627151489,0.9982688426971436,0.49803921580314636,0.5586195588111877,-0.03666750714182854,0.9977224469184875,0.529377818107605,0.7041427493095398,0.024425769224762917,0.9037540555000305,0.501058042049408,0.7083454132080078,-0.0472438707947731,0.954605758190155,0.5223373174667358,0.8277957439422607,0.1389276385307312,0.916196882724762,0.5002260804176331,0.8369414210319519,0.05125012248754501,0.9511502981185913,0.5157589912414551,0.8400483131408691,0.14505551755428314,0.85976642370224,0.49752309918403625,0.8507252931594849,0.0565822497010231,0.7478493452072144,0.5326911211013794,0.8778316974639893,0.0662706196308136,0.9201892614364624,0.5132116079330444,0.8805219531059265,-0.041981738060712814,0.9360337853431702
6366.666666666653,0.5260156989097595,0.3079964220523834,-0.13542702794075012,0.999686598777771,0.5267307758331299,0.2945379316806793,-0.11953327059745789,0.999606728553772,0.5283151865005493,0.2944500148296356,-0.11959586292505264,0.9994809031486511,0.5296127796173096,0.29434531927108765,-0.1196288987994194,0.9994699954986572,0.5210201144218445,0.2944961488246918,-0.12882013618946075,0.9995198249816895,0.5180854797363281,0.29444000124931335,-0.12884484231472015,0.99947589635849,0.5151761174201965,0.29443657398223877,-0.12887026369571686,0.9995465874671936,0.5270877480506897,0.2985386848449707,-0.017575012519955635,0.9990087151527405,0.506515622138977,0.30087417364120483,-0.05950791761279106,0.9994710087776184,0.5279870629310608,0.320383220911026,-0.09563377499580383,0.9994199872016907,0.5211495757102966,0.3204226791858673,-0.10776118189096451,0.9995688199996948,0.5372352004051208,0.3660086691379547,0.06712751090526581,0.9995754957199097,0.4848151206970215,0.37312644720077515,-0.03070998564362526,0.9994446635246277,0.540256142616272,0.44540533423423767,0.08993735909461975,0.5836296677589417,0.4692786633968353,0.4720679819583893,-0.11481968313455582,0.9871828556060791,0.5487681031227112,0.4685368537902832,-0.0023691270034760237,0.8603681325912476,0.48399052023887634,0.3956615626811981,-0.25960931181907654,0.9916201829910278,0.5506893992424011,0.477095365524292,-0.023291196674108505,0.8220035433769226,0.4855671226978302,0.3750971853733063,-0.2924511134624481,0.9833162426948547,0.5488852858543396,0.46968838572502136,-0.040005799382925034,0.829420804977417,0.4855286478996277,0.36713117361068726,-0.29513296484947205,0.98282790184021,0.5468537211418152,0.46686622500419617,-0.012285343371331692,0.8071468472480774,0.4860673248767853,0.3740122616291046,-0.26295211911201477,0.9739057421684265,0.5306256413459778,0.5548753142356873,0.03685372322797775,0.9981274604797363,0.49793741106987,0.5585787296295166,-0.0367770753800869,0.9975587725639343,0.5294963121414185,0.7041081786155701,0.02600530907511711,0.9009482860565186,0.5010604858398438,0.7082709670066833,-0.04716777056455612,0.9535135626792908,0.5224427580833435,0.8278181552886963,0.14094765484333038,0.9143617153167725,0.5002213716506958,0.8369382619857788,0.053364239633083344,0.9502004384994507,0.5159140825271606,0.8401293158531189,0.14738339185714722,0.8567652702331543,0.4975382387638092,0.8507202863693237,0.058924827724695206,0.745791494846344,0.5326936841011047,0.8778904676437378,0.06846439838409424,0.918217122554779,0.5130542516708374,0.8803815841674805,-0.03971027955412865,0.9344709515571594
6399.999999999986,0.5261031985282898,0.3081071674823761,-0.13498534262180328,0.9996697902679443,0.5267378687858582,0.2945861220359802,-0.11907666176557541,0.9995848536491394,0.5283175110816956,0.2944687008857727,-0.11913638561964035,0.9994525909423828,0.5296160578727722,0.29435038566589355,-0.1191650927066803,0.9994402527809143,0.521062433719635,0.2946445941925049,-0.1288575381040573,0.9994965195655823,0.5181179642677307,0.2946310043334961,-0.12888051569461823,0.9994511008262634,0.5152172446250916,0.294662207365036,-0.12890373170375824,0.9995245933532715,0.5270583033561707,0.29855048656463623,-0.017341522499918938,0.9989492893218994,0.506521463394165,0.30126523971557617,-0.0619492270052433,0.9994419813156128,0.5280984044075012,0.3204667568206787,-0.09525202959775925,0.9993897676467896,0.5213031768798828,0.3205687999725342,-0.10804066061973572,0.9995480179786682,0.5372212529182434,0.36597901582717896,0.06674782931804657,0.9995607733726501,0.48468172550201416,0.3732486963272095,-0.03336663916707039,0.9994214773178101,0.5401352047920227,0.444841206073761,0.08760494738817215,0.578890860080719,0.4684698283672333,0.4720476269721985,-0.11712367832660675,0.9869212508201599,0.5486859083175659,0.4676433205604553,-0.003110397607088089,0.8569285273551941,0.4833761751651764,0.3951154947280884,-0.25457999110221863,0.9915938973426819,0.5506958365440369,0.4764297902584076,-0.02493460290133953,0.8177744746208191,0.48570409417152405,0.37311968207359314,-0.2867879867553711,0.9832671880722046,0.5488904714584351,0.4692767262458801,-0.041930221021175385,0.8252149820327759,0.4857735335826874,0.364338219165802,-0.28911617398262024,0.9827499985694885,0.5468537211418152,0.46640077233314514,-0.012389360927045345,0.8024232387542725,0.4858526289463043,0.3721383213996887,-0.2575366497039795,0.9737235307693481,0.5305992364883423,0.5547181963920593,0.03741871938109398,0.9980629086494446,0.49786993861198425,0.5583422780036926,-0.037363965064287186,0.9974625110626221,0.5296217203140259,0.7041105628013611,0.029271185398101807,0.9008929133415222,0.5006910562515259,0.7080987691879272,-0.04714713990688324,0.9537986516952515,0.5231235027313232,0.8275179266929626,0.1452990174293518,0.9150384068489075,0.49985724687576294,0.8369718194007874,0.054029397666454315,0.9506403207778931,0.5167933106422424,0.8397494554519653,0.15176032483577728,0.8562661409378052,0.49748384952545166,0.8507269620895386,0.05961919575929642,0.7469278573989868,0.5329906344413757,0.8777790069580078,0.0722903162240982,0.9185893535614014,0.5130566358566284,0.8805060386657715,-0.03879298269748688,0.9347327351570129
6433.333333333319,0.5262228846549988,0.3082094192504883,-0.12829555571079254,0.9996540546417236,0.5267636775970459,0.29470008611679077,-0.11292195320129395,0.9995655417442322,0.5283286571502686,0.2945525348186493,-0.11298172175884247,0.9994288086891174,0.5296228528022766,0.2944180965423584,-0.11301128566265106,0.9994177222251892,0.5211435556411743,0.2948223054409027,-0.12268652766942978,0.9994741082191467,0.5181869268417358,0.2948299050331116,-0.1227082833647728,0.999427318572998,0.5152987241744995,0.2948777675628662,-0.12272636592388153,0.9995039105415344,0.5269964337348938,0.29865601658821106,-0.014488723129034042,0.998908281326294,0.5065357089042664,0.3016621768474579,-0.05904817208647728,0.9994109869003296,0.5281917452812195,0.3205323815345764,-0.08987940102815628,0.9993675947189331,0.5214367508888245,0.3206664025783539,-0.10273072123527527,0.9995304942131042,0.5372158288955688,0.36597442626953125,0.0673183873295784,0.9995508193969727,0.48457807302474976,0.37370938062667847,-0.03100207820534706,0.9993963837623596,0.539921760559082,0.443647176027298,0.08602351695299149,0.577860414981842,0.46816879510879517,0.47195640206336975,-0.11373208463191986,0.9866068959236145,0.5486850738525391,0.4664517641067505,-0.0036422451958060265,0.8556740880012512,0.48197442293167114,0.3948502540588379,-0.25305503606796265,0.991585373878479,0.5507211685180664,0.4758073687553406,-0.02631417103111744,0.8159320950508118,0.48478859663009644,0.3725645840167999,-0.2855885326862335,0.9832888245582581,0.5489028096199036,0.4688761532306671,-0.04343492537736893,0.8233277797698975,0.4849652349948883,0.3637550473213196,-0.28767821192741394,0.9827523231506348,0.5468629002571106,0.46590298414230347,-0.013551658019423485,0.8001481890678406,0.4847642779350281,0.37203124165534973,-0.25608983635902405,0.973676323890686,0.5305673480033875,0.5546935200691223,0.03740065544843674,0.9980200529098511,0.49781402945518494,0.5582802891731262,-0.03734974563121796,0.9973886609077454,0.5297411680221558,0.7041225433349609,0.029203686863183975,0.9013910293579102,0.5003127455711365,0.7080654501914978,-0.04711097851395607,0.9542291760444641,0.5235617160797119,0.827273964881897,0.144727885723114,0.9156918525695801,0.4996089041233063,0.8370317816734314,0.05475325509905815,0.9510709643363953,0.5173166990280151,0.8394137620925903,0.1511680632829666,0.8556413054466248,0.49738389253616333,0.8507512211799622,0.06040503829717636,0.7472614645957947,0.5332673192024231,0.8776522278785706,0.07201766222715378,0.9188351631164551,0.5130577683448792,0.8806085586547852,-0.03803302347660065,0.9348488450050354
6466.666666666652,0.5263339877128601,0.3082799017429352,-0.12536339461803436,0.9996505379676819,0.5268161296844482,0.2947825491428375,-0.10997286438941956,0.9995617866516113,0.5283629298210144,0.29462265968322754,-0.11003238707780838,0.999424934387207,0.52964848279953,0.2944835126399994,-0.11006137728691101,0.9994152784347534,0.5212464928627014,0.294917494058609,-0.11975328624248505,0.9994697570800781,0.5182809829711914,0.29492896795272827,-0.1197735145688057,0.999422550201416,0.5153984427452087,0.29497629404067993,-0.11978737264871597,0.9994993209838867,0.5269840955734253,0.2987914979457855,-0.012300540693104267,0.998905599117279,0.5065934658050537,0.30183058977127075,-0.05698670819401741,0.9993999600410461,0.5282670259475708,0.32058823108673096,-0.08722340315580368,0.999363899230957,0.5215614438056946,0.32075387239456177,-0.10012926906347275,0.9995260238647461,0.5372052788734436,0.3659789562225342,0.06775150448083878,0.999549150466919,0.4845581650733948,0.3738641142845154,-0.029666753485798836,0.9993796348571777,0.5398683547973633,0.4431530237197876,0.0857122391462326,0.5800443291664124,0.46795347332954407,0.47188469767570496,-0.11245092749595642,0.9864102005958557,0.5487208962440491,0.4656684994697571,-0.004777148831635714,0.8569172620773315,0.4812217056751251,0.3952043056488037,-0.25370174646377563,0.9916378259658813,0.550788164138794,0.47526058554649353,-0.027257246896624565,0.8169004917144775,0.48380884528160095,0.37286582589149475,-0.286506325006485,0.9834176898002625,0.5489148497581482,0.46847859025001526,-0.044309500604867935,0.8241937756538391,0.4838706851005554,0.36437761783599854,-0.28869926929473877,0.9828727841377258,0.5468862652778625,0.4654353857040405,-0.014846010133624077,0.8007125854492188,0.48382240533828735,0.3723379969596863,-0.2568953037261963,0.9738188982009888,0.5305262804031372,0.5546628832817078,0.03740053251385689,0.9979926347732544,0.49773848056793213,0.5582354664802551,-0.037351977080106735,0.9973416328430176,0.5298486351966858,0.7041206955909729,0.029272468760609627,0.9023535847663879,0.5001419186592102,0.7080585956573486,-0.04709174484014511,0.9549205303192139,0.5240516662597656,0.8268409967422485,0.14451046288013458,0.9164581298828125,0.49953493475914,0.8370791673660278,0.05457871034741402,0.951712965965271,0.517957329750061,0.8388592004776001,0.15092258155345917,0.8554208278656006,0.49738091230392456,0.8507621884346008,0.060194917023181915,0.7481863498687744,0.5337403416633606,0.8772985339164734,0.07217726856470108,0.9193311333656311,0.5130717158317566,0.8806910514831543,-0.03787972778081894,0.9353030920028687
6499.999999999985,0.5265538096427917,0.3082934617996216,-0.12580403685569763,0.9996431469917297,0.5269557237625122,0.29481083154678345,-0.11027894914150238,0.9995523691177368,0.5284581780433655,0.29464682936668396,-0.11033801734447479,0.9994135499000549,0.5297114253044128,0.294506311416626,-0.11036606878042221,0.9994046092033386,0.5214636325836182,0.29494690895080566,-0.12017618119716644,0.9994595050811768,0.5185010433197021,0.29495659470558167,-0.1201961413025856,0.9994113445281982,0.5156003832817078,0.2950001358985901,-0.12021074444055557,0.999488353729248,0.5269733667373657,0.2988487184047699,-0.012286393903195858,0.9988819360733032,0.5067194104194641,0.30188384652137756,-0.0572928860783577,0.9993792176246643,0.5283684730529785,0.3205922842025757,-0.08743544667959213,0.9993461966514587,0.5217427611351013,0.3207669258117676,-0.10041957348585129,0.9995101094245911,0.5371974110603333,0.3659304976463318,0.06755788624286652,0.9995419979095459,0.4845570921897888,0.37427350878715515,-0.030613048002123833,0.9993528127670288,0.5395439267158508,0.4425341486930847,0.08589349687099457,0.579326331615448,0.4680056571960449,0.4718339741230011,-0.11577960103750229,0.9860058426856995,0.5487259030342102,0.4651365876197815,-0.005309778265655041,0.8569015860557556,0.4814501106739044,0.3943556249141693,-0.2562771141529083,0.9915857315063477,0.5508369207382202,0.47489121556282043,-0.026166142895817757,0.8165088891983032,0.48430392146110535,0.3711993396282196,-0.2887214422225952,0.9833812117576599,0.5489387512207031,0.46816590428352356,-0.04300032556056976,0.8237711787223816,0.4844452440738678,0.3625781536102295,-0.29103925824165344,0.9828205108642578,0.5469149947166443,0.4650830328464508,-0.015054977498948574,0.7999604940414429,0.4843100905418396,0.37097251415252686,-0.25946468114852905,0.973698079586029,0.530500590801239,0.5546116232872009,0.037707213312387466,0.9979480504989624,0.49770015478134155,0.5581881403923035,-0.03766914829611778,0.9972643852233887,0.5299177169799805,0.7039845585823059,0.030887503176927567,0.9020683169364929,0.5001077055931091,0.7076765298843384,-0.04705744981765747,0.955146074295044,0.5242677330970764,0.8267561793327332,0.14423178136348724,0.9168597459793091,0.49952825903892517,0.8370683789253235,0.05392385646700859,0.9519792795181274,0.5182209014892578,0.8387819528579712,0.1504283994436264,0.8551291227340698,0.49740710854530334,0.8507052659988403,0.05946258455514908,0.7486069798469543,0.5338910818099976,0.8772925138473511,0.07219526171684265,0.9195563197135925,0.5130577683448792,0.8806949257850647,-0.03791321441531181,0.9354259371757507
6533.3333333333185,0.526794970035553,0.308296263217926,-0.12534543871879578,0.9996285438537598,0.5270870327949524,0.2948208749294281,-0.1098179966211319,0.9995336532592773,0.5285406708717346,0.294656366109848,-0.10987646132707596,0.9993903040885925,0.5297600030899048,0.2945164144039154,-0.10990402847528458,0.9993831515312195,0.5216672420501709,0.29495760798454285,-0.11988876014947891,0.9994376301765442,0.5187193751335144,0.2949681580066681,-0.1199086606502533,0.9993876218795776,0.5158021450042725,0.2950112819671631,-0.11992347240447998,0.9994679093360901,0.5269392132759094,0.29890474677085876,-0.012174919247627258,0.9988400936126709,0.5068050026893616,0.30194634199142456,-0.05732499808073044,0.9993466138839722,0.5284978747367859,0.32058924436569214,-0.08719078451395035,0.9993205070495605,0.5219265818595886,0.3207690417766571,-0.10037905722856522,0.9994890689849854,0.5371962189674377,0.36593276262283325,0.06665267050266266,0.9995286464691162,0.48455724120140076,0.3747451603412628,-0.030645204707980156,0.9993235468864441,0.5393341779708862,0.44248878955841064,0.08506426215171814,0.5778799653053284,0.46802178025245667,0.47179290652275085,-0.11489316076040268,0.9857659339904785,0.5487229824066162,0.4650709927082062,-0.0058731213212013245,0.8554742336273193,0.4817642569541931,0.39280974864959717,-0.2514084577560425,0.9915501475334167,0.5508440136909485,0.4748159945011139,-0.026308583095669746,0.8143433332443237,0.48476341366767883,0.36858275532722473,-0.2833158075809479,0.9833256006240845,0.548945963382721,0.4680439531803131,-0.042959559708833694,0.8216187953948975,0.4849591553211212,0.3604348599910736,-0.2855914831161499,0.9827455282211304,0.546923041343689,0.46497902274131775,-0.01551619078963995,0.7975794672966003,0.48480331897735596,0.36919423937797546,-0.2544611096382141,0.9735594391822815,0.5304746031761169,0.5546076893806458,0.03759457543492317,0.9979084134101868,0.4976804554462433,0.5582053661346436,-0.03755856305360794,0.9971987009048462,0.5299205183982849,0.7039761543273926,0.03073026053607464,0.9019916653633118,0.5000572204589844,0.7076687812805176,-0.046375520527362823,0.9551769495010376,0.5244866013526917,0.8266283273696899,0.144153892993927,0.917039692401886,0.49953359365463257,0.8370204567909241,0.054231297224760056,0.9519085884094238,0.5186121463775635,0.838611364364624,0.15039487183094025,0.8539533615112305,0.49753430485725403,0.8505730628967285,0.05978866294026375,0.7474721670150757,0.5340206623077393,0.8772621154785156,0.07214915752410889,0.9194539189338684,0.5130304098129272,0.880693256855011,-0.03705667704343796,0.9351323246955872
6566.6666666666515,0.5269426703453064,0.3083009123802185,-0.12387153506278992,0.9996235370635986,0.5271692276000977,0.29483893513679504,-0.10841366648674011,0.9995288252830505,0.5285922288894653,0.29467129707336426,-0.1084727868437767,0.9993855953216553,0.5297911167144775,0.2945285439491272,-0.10850038379430771,0.9993798732757568,0.5217959880828857,0.29497969150543213,-0.11847201734781265,0.999430239200592,0.5188642144203186,0.29499292373657227,-0.11849071085453033,0.9993786811828613,0.515947163105011,0.29503771662712097,-0.11850281059741974,0.9994597434997559,0.5269083976745605,0.298927903175354,-0.010864484123885632,0.9988348484039307,0.5068939328193665,0.3020022213459015,-0.05655377730727196,0.999333381652832,0.5285704135894775,0.3205901086330414,-0.08580164611339569,0.9993181228637695,0.5220480561256409,0.320771187543869,-0.09904518723487854,0.9994856715202332,0.5372112393379211,0.36589178442955017,0.06684204936027527,0.9995303750038147,0.48458778858184814,0.3747914433479309,-0.02866516262292862,0.9993075132369995,0.5391303896903992,0.4425928294658661,0.08268143236637115,0.579348623752594,0.46797025203704834,0.47190535068511963,-0.1147107407450676,0.9854713082313538,0.5487231016159058,0.46501392126083374,-0.014411300420761108,0.8561636805534363,0.4808783233165741,0.39340656995773315,-0.2513810694217682,0.991492748260498,0.550861656665802,0.4747787415981293,-0.03571126237511635,0.8148389458656311,0.4836025536060333,0.3703319728374481,-0.2838838994503021,0.9832611083984375,0.548967182636261,0.46789267659187317,-0.05235869437456131,0.8220646381378174,0.48407217860221863,0.36203280091285706,-0.2861979305744171,0.982669472694397,0.5469443798065186,0.4648273289203644,-0.02400875650346279,0.7977967262268066,0.48413851857185364,0.37034645676612854,-0.25460919737815857,0.9734341502189636,0.5304656624794006,0.5545794367790222,0.03729911893606186,0.997905433177948,0.4976804852485657,0.5581883788108826,-0.03726397454738617,0.9971837997436523,0.529924750328064,0.7039155960083008,0.030445756390690804,0.9033965468406677,0.5000566244125366,0.7076042294502258,-0.04608163610100746,0.9558395743370056,0.5247765183448792,0.8264612555503845,0.14417386054992676,0.9183887839317322,0.4995470345020294,0.837019145488739,0.054723046720027924,0.9525555372238159,0.5192663669586182,0.8383955955505371,0.15046590566635132,0.8545098304748535,0.49767884612083435,0.8504922389984131,0.06031506136059761,0.7480196952819824,0.5342143177986145,0.8771485686302185,0.07191632688045502,0.9203601479530334,0.5130009055137634,0.8807249665260315,-0.036808062344789505,0.9356384873390198
6599.9999999999845,0.5271559357643127,0.30830368399620056,-0.12348543107509613,0.9996160268783569,0.5272909998893738,0.29485824704170227,-0.10812452435493469,0.9995203614234924,0.5286661386489868,0.294689416885376,-0.10818235576152802,0.9993752837181091,0.5298324227333069,0.2945456802845001,-0.10820857435464859,0.9993716478347778,0.5219479203224182,0.295004665851593,-0.11830855160951614,0.9994204640388489,0.5190320611000061,0.29502564668655396,-0.11832722276449203,0.9993669986724854,0.5160921812057495,0.2950785756111145,-0.1183398962020874,0.9994500875473022,0.5268438458442688,0.2989618480205536,-0.01084459200501442,0.9988164305686951,0.5069337487220764,0.3021109998226166,-0.056794408708810806,0.9993168711662292,0.5286542773246765,0.32059165835380554,-0.08561894297599792,0.999311625957489,0.5221570134162903,0.3207896947860718,-0.0990360826253891,0.9994809031486511,0.5372180342674255,0.36589697003364563,0.06559688597917557,0.9995256066322327,0.4845864474773407,0.37526652216911316,-0.029164019972085953,0.9992943406105042,0.5390225648880005,0.4428552985191345,0.08014322072267532,0.579281747341156,0.4677853286266327,0.4719564914703369,-0.11363410949707031,0.9852713942527771,0.5487121939659119,0.46506351232528687,-0.017991790547966957,0.8560408353805542,0.47987428307533264,0.39342200756073,-0.25019678473472595,0.9914796352386475,0.5508692860603333,0.47480112314224243,-0.03919123113155365,0.8145202398300171,0.4827428162097931,0.37042713165283203,-0.28245991468429565,0.9832702279090881,0.5489713549613953,0.46779584884643555,-0.055825747549533844,0.8217211961746216,0.4832085967063904,0.36234527826309204,-0.28488844633102417,0.9826681017875671,0.5469511151313782,0.46474239230155945,-0.027567405253648758,0.7973158955574036,0.48333245515823364,0.3706073462963104,-0.25343772768974304,0.9734188318252563,0.530464768409729,0.5545708537101746,0.03716934844851494,0.9978988766670227,0.4976714551448822,0.5581913590431213,-0.037137411534786224,0.997174859046936,0.5299556851387024,0.7038890719413757,0.030518788844347,0.9048035740852356,0.5000255703926086,0.7075750827789307,-0.045359354466199875,0.9566381573677063,0.525062620639801,0.8260949850082397,0.1450028270483017,0.9198583960533142,0.4995490312576294,0.8370181918144226,0.05613378807902336,0.9533553123474121,0.5197879076004028,0.8379341959953308,0.15142317116260529,0.8553391098976135,0.4977079927921295,0.8504654765129089,0.06185942143201828,0.7490622401237488,0.534579873085022,0.8769294619560242,0.0728621706366539,0.921475350856781,0.5130005478858948,0.8808241486549377,-0.035404983907938004,0.9363725185394287
6633.333333333318,0.5273215770721436,0.30830973386764526,-0.12350918352603912,0.9996109008789062,0.5274207592010498,0.2949029207229614,-0.10807515680789948,0.9995160698890686,0.5287612676620483,0.29474055767059326,-0.10813181102275848,0.9993702173233032,0.5299010872840881,0.2946058213710785,-0.10815773904323578,0.9993698000907898,0.5220672488212585,0.2950306236743927,-0.11839474737644196,0.9994137287139893,0.5191552639007568,0.29505208134651184,-0.1184135302901268,0.9993582963943481,0.5161921381950378,0.2951048016548157,-0.11842627078294754,0.9994423985481262,0.5268380641937256,0.2990613579750061,-0.010643226094543934,0.9988101720809937,0.5069380402565002,0.30219441652297974,-0.057161927223205566,0.9993016123771667,0.5287421941757202,0.32059547305107117,-0.08557279407978058,0.9993147253990173,0.5222548246383667,0.3208049535751343,-0.09915757924318314,0.9994813203811646,0.5373093485832214,0.36600005626678467,0.06508246064186096,0.9995293617248535,0.48452994227409363,0.3757980763912201,-0.029347533360123634,0.9992786645889282,0.5390510559082031,0.4437607526779175,0.07746806740760803,0.5843294262886047,0.46759095788002014,0.471954345703125,-0.11296267062425613,0.9851464033126831,0.5487669706344604,0.4651159346103668,-0.023633159697055817,0.858353316783905,0.4791955351829529,0.3930732309818268,-0.25117096304893494,0.9915139079093933,0.5508750081062317,0.4748384952545166,-0.04570798575878143,0.8167571425437927,0.48210281133651733,0.36970317363739014,-0.2837669551372528,0.9833407998085022,0.5490158200263977,0.46777477860450745,-0.062052659690380096,0.8238933086395264,0.48256635665893555,0.36162182688713074,-0.28637272119522095,0.9827322363853455,0.5470355153083801,0.46475082635879517,-0.033165328204631805,0.7994175553321838,0.4827475845813751,0.36998850107192993,-0.25456032156944275,0.9734821319580078,0.5304673910140991,0.5545664429664612,0.03685726225376129,0.9979287981987,0.49761906266212463,0.5582448840141296,-0.03682878986001015,0.9971951246261597,0.5300038456916809,0.7038895487785339,0.029685894027352333,0.9071454405784607,0.4998731017112732,0.7076082825660706,-0.04484778642654419,0.9574015140533447,0.5252310633659363,0.8259024620056152,0.14663459360599518,0.92176353931427,0.49950358271598816,0.8370087146759033,0.06081146001815796,0.9542070031166077,0.5201192498207092,0.8377717137336731,0.15351305902004242,0.8561998009681702,0.4977237582206726,0.8504301309585571,0.06698726117610931,0.7496255040168762,0.5346489548683167,0.8768682479858398,0.07376811653375626,0.9229457378387451,0.5129727721214294,0.8808474540710449,-0.03162965178489685,0.9373559355735779
6666.666666666651,0.5273839831352234,0.30828920006752014,-0.12123677134513855,0.9996047616004944,0.5274612307548523,0.2948998808860779,-0.10578211396932602,0.999512255191803,0.5287978053092957,0.2947404086589813,-0.10583736002445221,0.9993658661842346,0.5299338698387146,0.29460737109184265,-0.10586472600698471,0.9993692636489868,0.5220940113067627,0.2950235903263092,-0.11626351624727249,0.9994058609008789,0.5191712975502014,0.2950466275215149,-0.11628304421901703,0.9993486404418945,0.5161991119384766,0.29510220885276794,-0.11629464477300644,0.9994342923164368,0.5268370509147644,0.2990776300430298,-0.008391344919800758,0.9988080263137817,0.5069249272346497,0.30222564935684204,-0.056252673268318176,0.9992901086807251,0.5287995934486389,0.3205867409706116,-0.08335297554731369,0.9993202090263367,0.5222939252853394,0.32080772519111633,-0.09720885008573532,0.9994837045669556,0.5374935865402222,0.3660675585269928,0.06554014980792999,0.999535083770752,0.48444512486457825,0.37635862827301025,-0.02833447977900505,0.999267578125,0.5391483902931213,0.4444180727005005,0.07829514890909195,0.5885597467422485,0.4674956202507019,0.47194191813468933,-0.11203481256961823,0.98514324426651,0.5489489436149597,0.46539896726608276,-0.022391779348254204,0.8601979613304138,0.4790257215499878,0.3924630880355835,-0.25073644518852234,0.9915557503700256,0.5509027242660522,0.4749528169631958,-0.04444540664553642,0.8185145258903503,0.48201146721839905,0.36868274211883545,-0.2826622426509857,0.9833783507347107,0.549071192741394,0.467791885137558,-0.060881927609443665,0.8255914449691772,0.4825676381587982,0.36039644479751587,-0.28590279817581177,0.9827570915222168,0.5471656918525696,0.46476292610168457,-0.03196873515844345,0.8010872006416321,0.48275625705718994,0.3691037893295288,-0.2541281580924988,0.9735062718391418,0.5305097699165344,0.5545737743377686,0.03683537244796753,0.9979760646820068,0.49757441878318787,0.5583062171936035,-0.03680606558918953,0.9972397685050964,0.5300660729408264,0.703886866569519,0.028502732515335083,0.9095036387443542,0.49983876943588257,0.7076337337493896,-0.04484925791621208,0.9582740664482117,0.5253649950027466,0.8258117437362671,0.14950236678123474,0.9236890077590942,0.49945440888404846,0.8369884490966797,0.06316454708576202,0.9552239775657654,0.5203558802604675,0.8377206921577454,0.15696367621421814,0.8573464155197144,0.4977256655693054,0.8503801822662354,0.0696377232670784,0.7510005831718445,0.5346576571464539,0.8768512606620789,0.07672329246997833,0.9243972301483154,0.5128797888755798,0.8808537125587463,-0.029490675777196884,0.9385274052619934
6699.999999999984,0.5274995565414429,0.3082442879676819,-0.12121628224849701,0.9996048212051392,0.5275623798370361,0.2949022650718689,-0.10558350384235382,0.9995140433311462,0.5288825631141663,0.2947433888912201,-0.10563728213310242,0.9993686676025391,0.530002236366272,0.29461854696273804,-0.10566355288028717,0.9993747472763062,0.5221825242042542,0.2950119078159332,-0.11606839299201965,0.9994070529937744,0.519243061542511,0.2950316071510315,-0.11608825623989105,0.99934983253479,0.5162439942359924,0.2950870394706726,-0.11610054969787598,0.999435544013977,0.5268764495849609,0.29913562536239624,-0.007845037616789341,0.9988149404525757,0.5069239139556885,0.30222874879837036,-0.05598652362823486,0.9992879033088684,0.5289100408554077,0.3205523192882538,-0.0832616463303566,0.9993305206298828,0.5223901867866516,0.3207927942276001,-0.09712612628936768,0.9994906187057495,0.5379465222358704,0.36640188097953796,0.06567087769508362,0.9995384216308594,0.4842529594898224,0.3768962025642395,-0.028416665270924568,0.9992632269859314,0.5396131873130798,0.44578030705451965,0.0771777480840683,0.5941776037216187,0.4675085246562958,0.47149065136909485,-0.11278168857097626,0.9854164719581604,0.5492496490478516,0.4659402668476105,-0.025210021063685417,0.8622435927391052,0.4792332947254181,0.3881966769695282,-0.25307732820510864,0.9917358756065369,0.5509132146835327,0.47510987520217896,-0.047651346772909164,0.8201047778129578,0.48227423429489136,0.3643251061439514,-0.28601834177970886,0.9836388826370239,0.5491007566452026,0.4678040146827698,-0.06350494921207428,0.8270964622497559,0.48290494084358215,0.3557352125644684,-0.28781071305274963,0.9830031394958496,0.5472984313964844,0.4647974371910095,-0.034599822014570236,0.8023567199707031,0.4830792546272278,0.3644443452358246,-0.2561148703098297,0.9738190174102783,0.5306110978126526,0.5545713305473328,0.03675232082605362,0.998005747795105,0.497573584318161,0.5583271980285645,-0.036722198128700256,0.9972782731056213,0.5301881432533264,0.7038366198539734,0.027374716475605965,0.9115757942199707,0.49983951449394226,0.7076274752616882,-0.044856276363134384,0.9591009020805359,0.5255213975906372,0.8255992531776428,0.14941474795341492,0.92532879114151,0.49943462014198303,0.8369378447532654,0.06337623298168182,0.9560885429382324,0.5205472707748413,0.8375431895256042,0.1568070948123932,0.858177661895752,0.4977266192436218,0.8502700328826904,0.06974795460700989,0.7520269155502319,0.5347287058830261,0.876741886138916,0.07653995603322983,0.9257936477661133,0.5128366947174072,0.8808578252792358,-0.02967233583331108,0.9396389126777649
6733.333333333317,0.5275372862815857,0.30820491909980774,-0.12149130553007126,0.9996018409729004,0.5276143550872803,0.2949049174785614,-0.10589824616909027,0.9995118379592896,0.5289331078529358,0.2947479486465454,-0.10595278441905975,0.9993662238121033,0.5300499796867371,0.29463768005371094,-0.10597888380289078,0.9993751049041748,0.5222300291061401,0.2949928045272827,-0.11628489941358566,0.9994035363197327,0.5192830562591553,0.29499873518943787,-0.1163044199347496,0.9993457794189453,0.5162816643714905,0.29504111409187317,-0.11631664633750916,0.9994315505027771,0.5269462466239929,0.2992058992385864,-0.007983880117535591,0.9988115429878235,0.5069361329078674,0.3021866977214813,-0.056478939950466156,0.9992781281471252,0.5289531946182251,0.3205348253250122,-0.08341405540704727,0.9993352890014648,0.5224176645278931,0.3207743465900421,-0.09724008291959763,0.999491810798645,0.538151741027832,0.3665792644023895,0.06579907238483429,0.999538004398346,0.4841088354587555,0.37699154019355774,-0.029447555541992188,0.9992509484291077,0.5399450063705444,0.4461990296840668,0.07736667990684509,0.5984496474266052,0.4675752520561218,0.47084832191467285,-0.11590515822172165,0.9854933619499207,0.5495158433914185,0.4663558304309845,-0.023981114849448204,0.8634369373321533,0.4794459044933319,0.3861217498779297,-0.2575746178627014,0.991798996925354,0.5509626865386963,0.47525325417518616,-0.04603011906147003,0.8206338882446289,0.48219260573387146,0.3627173900604248,-0.2908707857131958,0.983708381652832,0.549183189868927,0.46785762906074524,-0.06196732446551323,0.827603280544281,0.4829300045967102,0.3540455102920532,-0.2923518121242523,0.9830524325370789,0.5474700927734375,0.4649154245853424,-0.033357296139001846,0.8025923371315002,0.4832097291946411,0.36267924308776855,-0.2606002688407898,0.9738432168960571,0.5306993722915649,0.5545498728752136,0.036817073822021484,0.9980181455612183,0.49757400155067444,0.5583145618438721,-0.03678769990801811,0.9972917437553406,0.5302727818489075,0.7036667466163635,0.027408218011260033,0.9127789735794067,0.4998825490474701,0.7075968980789185,-0.04486890137195587,0.9595931768417358,0.5255498886108398,0.8254251480102539,0.15034998953342438,0.9263656735420227,0.49943870306015015,0.8368031978607178,0.063726507127285,0.9566316604614258,0.5205382704734802,0.8373304009437561,0.15774038434028625,0.858676016330719,0.49773842096328735,0.8499867916107178,0.07007014006376266,0.752628743648529,0.5347420573234558,0.8766617178916931,0.07728368788957596,0.9266662001609802,0.5128216743469238,0.8808352947235107,-0.029529741033911705,0.9403522610664368
6766.66666666665,0.5275602340698242,0.30812278389930725,-0.12147753685712814,0.9996062517166138,0.5276442766189575,0.2948480546474457,-0.10576822608709335,0.9995220303535461,0.5289718508720398,0.2947080433368683,-0.10582420974969864,0.999380350112915,0.5300942063331604,0.294610857963562,-0.10585303604602814,0.9993925094604492,0.522246241569519,0.2949024438858032,-0.11633866280317307,0.9994113445281982,0.5192959308624268,0.29489147663116455,-0.11635825037956238,0.9993523359298706,0.5162991285324097,0.2949243485927582,-0.11636899411678314,0.9994357228279114,0.5270093083381653,0.29920870065689087,-0.006766489241272211,0.9988482594490051,0.5069689154624939,0.3020813465118408,-0.05627889186143875,0.9992841482162476,0.5290029048919678,0.3204980492591858,-0.08306363224983215,0.9993581771850586,0.5224491357803345,0.32073891162872314,-0.09714766591787338,0.9995037913322449,0.5384548306465149,0.36662757396698,0.0680265724658966,0.9995526075363159,0.48401346802711487,0.3769712746143341,-0.028667278587818146,0.9992393851280212,0.5405074954032898,0.4466250240802765,0.07735491544008255,0.6066805720329285,0.4677199423313141,0.4705345928668976,-0.11544319987297058,0.985170304775238,0.5498713850975037,0.46663299202919006,-0.028676921501755714,0.8662981986999512,0.47931674122810364,0.3864230215549469,-0.2553270757198334,0.9915669560432434,0.5510439276695251,0.4753577411174774,-0.05215854197740555,0.8234608173370361,0.481675922870636,0.36396685242652893,-0.2887061834335327,0.9832722544670105,0.5492885708808899,0.4678671658039093,-0.06826981902122498,0.8303748965263367,0.4824962317943573,0.3553670048713684,-0.29073676466941833,0.98259037733078,0.5476434826850891,0.46495115756988525,-0.038282472640275955,0.8053030967712402,0.48297587037086487,0.3635323643684387,-0.2585500180721283,0.9731511473655701,0.5307444334030151,0.5545335412025452,0.03704535961151123,0.9980688095092773,0.4975394606590271,0.558278501033783,-0.03701001778244972,0.9973310828208923,0.5302918553352356,0.7036632299423218,0.027248455211520195,0.9144797921180725,0.4998638331890106,0.7076838612556458,-0.04528769105672836,0.960199773311615,0.5255436301231384,0.8253918886184692,0.15220043063163757,0.9276788830757141,0.49943944811820984,0.8368040323257446,0.06411414593458176,0.9574304223060608,0.5205202102661133,0.8372703194618225,0.15981782972812653,0.8598307967185974,0.4977448582649231,0.8499864935874939,0.0705047994852066,0.7540711164474487,0.5347399115562439,0.8766581416130066,0.07832334190607071,0.9277172684669495,0.5128120183944702,0.880919873714447,-0.02974196895956993,0.9413069486618042
6799.999999999983,0.5275585055351257,0.30809256434440613,-0.120298832654953,0.9996119141578674,0.5276721119880676,0.29483380913734436,-0.10436476767063141,0.9995324015617371,0.5290240049362183,0.2947036623954773,-0.10442224144935608,0.9993946552276611,0.530166506767273,0.29461216926574707,-0.10445466637611389,0.9994100332260132,0.5222590565681458,0.29484522342681885,-0.11515021324157715,0.9994190335273743,0.5193060636520386,0.2948091924190521,-0.11516924947500229,0.9993590712547302,0.5163201093673706,0.2948189079761505,-0.11517735570669174,0.9994402527809143,0.5272045731544495,0.2992205321788788,-0.0042609721422195435,0.9988859295845032,0.5070096850395203,0.3019237518310547,-0.05453683063387871,0.9992886781692505,0.5290085673332214,0.32049092650413513,-0.08145830780267715,0.9993815422058105,0.5224515199661255,0.3207100033760071,-0.09580554068088531,0.9995156526565552,0.5385500192642212,0.36667492985725403,0.07103831321001053,0.9995694756507874,0.48399534821510315,0.3765268325805664,-0.02686435356736183,0.9992313385009766,0.5411315560340881,0.4468548595905304,0.0776517316699028,0.6170572638511658,0.46794000267982483,0.46917349100112915,-0.11483848839998245,0.9849500060081482,0.5500526428222656,0.46698105335235596,-0.029632899910211563,0.8700313568115234,0.4793855845928192,0.38725459575653076,-0.25894469022750854,0.9914475083351135,0.5510662794113159,0.4754721224308014,-0.053291916847229004,0.8271362781524658,0.48142045736312866,0.36443719267845154,-0.293525367975235,0.9830361604690552,0.5493196249008179,0.4679177701473236,-0.06909143179655075,0.8339387774467468,0.48224565386772156,0.3557989001274109,-0.29542332887649536,0.9823383688926697,0.5477159023284912,0.46505722403526306,-0.03910675272345543,0.8088313341140747,0.48288705945014954,0.3643856942653656,-0.2623840570449829,0.9727451801300049,0.5307451486587524,0.5544184446334839,0.037081822752952576,0.9981161952018738,0.49748125672340393,0.5581372380256653,-0.03704431280493736,0.9973665475845337,0.5302797555923462,0.7036630511283875,0.025114841759204865,0.915789008140564,0.49990522861480713,0.7076940536499023,-0.0465097576379776,0.9602808356285095,0.5253803730010986,0.8254020810127258,0.15184861421585083,0.9281927347183228,0.49948975443840027,0.8367166519165039,0.06387234479188919,0.9577289819717407,0.5200901627540588,0.8372482061386108,0.1594429314136505,0.8595131635665894,0.4978182911872864,0.8498545289039612,0.07023725658655167,0.7540821433067322,0.5344396233558655,0.8766635060310364,0.07817430794239044,0.9280256628990173,0.5128073692321777,0.8809232115745544,-0.03010878711938858,0.941731333732605
6833.333333333316,0.5275714993476868,0.3080866038799286,-0.11997965723276138,0.9996151924133301,0.5277146697044373,0.29483386874198914,-0.10395431518554688,0.9995399117469788,0.5290772318840027,0.29470494389533997,-0.10401291400194168,0.9994053244590759,0.5302263498306274,0.294617235660553,-0.10404753684997559,0.9994246959686279,0.5222916603088379,0.2948280870914459,-0.1149776354432106,0.9994235634803772,0.5193412899971008,0.2947777211666107,-0.1149967610836029,0.9993621706962585,0.5163622498512268,0.2947733998298645,-0.11500449478626251,0.9994414448738098,0.5272766947746277,0.29923921823501587,-0.003202681662514806,0.9989201426506042,0.5070484280586243,0.3018054664134979,-0.05443377047777176,0.9992879629135132,0.5290295481681824,0.32049015164375305,-0.08085502684116364,0.9994028806686401,0.5224695205688477,0.32069146633148193,-0.09551594406366348,0.9995242357254028,0.5385969281196594,0.36672285199165344,0.07200821489095688,0.9995840787887573,0.4839669167995453,0.3759452700614929,-0.026585618034005165,0.9992108941078186,0.5416079759597778,0.44695907831192017,0.07688004523515701,0.6260002255439758,0.46830081939697266,0.46744808554649353,-0.11492601037025452,0.9844173192977905,0.5501219034194946,0.46709728240966797,-0.03332381695508957,0.8721004128456116,0.4794781804084778,0.38780519366264343,-0.26297658681869507,0.99106764793396,0.5510721802711487,0.4755132496356964,-0.05753818526864052,0.8287954330444336,0.48149314522743225,0.3644768297672272,-0.29822057485580444,0.9823670983314514,0.5493355393409729,0.46793031692504883,-0.07333280891180038,0.8356369733810425,0.4822063148021698,0.35602855682373047,-0.30046966671943665,0.9816402792930603,0.5477472543716431,0.46507447957992554,-0.04288892820477486,0.8102988600730896,0.4829448163509369,0.36493057012557983,-0.2667281925678253,0.9716630578041077,0.5307473540306091,0.5540403127670288,0.03695882111787796,0.998153567314148,0.4974117577075958,0.557707667350769,-0.03691527992486954,0.9973836541175842,0.5302721858024597,0.703644871711731,0.021157613024115562,0.9176849722862244,0.49987325072288513,0.7076989412307739,-0.04812963306903839,0.960457980632782,0.5253655314445496,0.8253926038742065,0.14907069504261017,0.9293047189712524,0.4995153844356537,0.8367162942886353,0.06328563392162323,0.9582181572914124,0.5200783014297485,0.8372089266777039,0.15677352249622345,0.8596224784851074,0.4979242980480194,0.8498703837394714,0.06956786662340164,0.754345178604126,0.53440260887146,0.8765687346458435,0.0721646323800087,0.9289315938949585,0.5128070116043091,0.8810564875602722,-0.03364959731698036,0.9424328207969666
6866.666666666649,0.5275728702545166,0.30801862478256226,-0.12021175026893616,0.9996167421340942,0.5277388095855713,0.29477930068969727,-0.10413755476474762,0.9995448589324951,0.5291152596473694,0.2946631610393524,-0.10419626533985138,0.9994122385978699,0.5302767157554626,0.29458653926849365,-0.1042310893535614,0.9994352459907532,0.5223059058189392,0.2947476804256439,-0.11514799296855927,0.9994256496429443,0.519352912902832,0.2946878671646118,-0.11516711115837097,0.9993632435798645,0.5163766741752625,0.2946774959564209,-0.11517569422721863,0.9994409084320068,0.5273892283439636,0.29923760890960693,-0.0031469939276576042,0.9989448189735413,0.5070781707763672,0.30162566900253296,-0.05434689298272133,0.9992837905883789,0.5290416479110718,0.320451557636261,-0.08109749853610992,0.9994168877601624,0.5224793553352356,0.3206269443035126,-0.09570881724357605,0.9995271563529968,0.5386168360710144,0.3667384088039398,0.07225777208805084,0.9995937943458557,0.4839751124382019,0.3750952482223511,-0.026788150891661644,0.9991815090179443,0.5417711734771729,0.4470065236091614,0.07707296311855316,0.6338682174682617,0.46863317489624023,0.46571606397628784,-0.11807820945978165,0.9840714931488037,0.5502726435661316,0.46722567081451416,-0.03239811584353447,0.874132513999939,0.47985488176345825,0.3852122128009796,-0.2668968737125397,0.9908194541931152,0.5510888695716858,0.47558894753456116,-0.05701015889644623,0.8302602767944336,0.4815845191478729,0.3623267412185669,-0.30206772685050964,0.9818812608718872,0.5493561029434204,0.46794483065605164,-0.07219382375478745,0.8371204733848572,0.48229125142097473,0.35436734557151794,-0.3038429021835327,0.9811182022094727,0.5478147268295288,0.465082585811615,-0.041694022715091705,0.811582624912262,0.48301246762275696,0.3628336191177368,-0.2704654335975647,0.9708370566368103,0.5307489633560181,0.5538969039916992,0.036936696618795395,0.9981817603111267,0.4973727762699127,0.5575760006904602,-0.03689121454954147,0.99739670753479,0.5302734971046448,0.70341557264328,0.019895978271961212,0.918992817401886,0.4998902976512909,0.7076420783996582,-0.04911263287067413,0.9603995084762573,0.5252272486686707,0.8255206346511841,0.1465204507112503,0.9299966096878052,0.49968186020851135,0.8367201089859009,0.06160862743854523,0.9584283828735352,0.5200315713882446,0.8373544216156006,0.15406197309494019,0.8593364953994751,0.49816563725471497,0.849913477897644,0.067702516913414,0.7538159489631653,0.534156084060669,0.8765734434127808,0.06925956159830093,0.929404079914093,0.5127876996994019,0.8810604810714722,-0.036186039447784424,0.9427914619445801
6899.999999999982,0.5275365114212036,0.307867169380188,-0.11926008760929108,0.9996159672737122,0.5277410745620728,0.29464951157569885,-0.10291959345340729,0.9995488524436951,0.529120683670044,0.2945609390735626,-0.10297873616218567,0.9994186758995056,0.5302994251251221,0.29450565576553345,-0.10301706939935684,0.9994461536407471,0.5222998261451721,0.2945738136768341,-0.11387589573860168,0.9994231462478638,0.5193431377410889,0.2945103049278259,-0.11389390379190445,0.9993583559989929,0.5163727402687073,0.2944978177547455,-0.11390180140733719,0.9994348883628845,0.5275434255599976,0.2992272973060608,-0.0013398476876318455,0.9989714026451111,0.5070739388465881,0.30143335461616516,-0.05193881690502167,0.9992738366127014,0.5290462970733643,0.32039469480514526,-0.07994458079338074,0.9994343519210815,0.5224669575691223,0.32053419947624207,-0.09445638954639435,0.9995318055152893,0.5387386679649353,0.3670687675476074,0.07332702726125717,0.999607503414154,0.48398032784461975,0.37455880641937256,-0.024696113541722298,0.9991512298583984,0.5425973534584045,0.4477170407772064,0.0761210098862648,0.6435791254043579,0.4692511260509491,0.46432945132255554,-0.11758996546268463,0.9834837913513184,0.5504502654075623,0.467308908700943,-0.034285321831703186,0.8765727281570435,0.48101532459259033,0.38308185338974,-0.26450851559638977,0.9903684854507446,0.5510947704315186,0.47561508417129517,-0.05889706686139107,0.8321806788444519,0.48210811614990234,0.3605654537677765,-0.2995758056640625,0.9810209274291992,0.549365758895874,0.46792706847190857,-0.07394587248563766,0.8390280604362488,0.48276185989379883,0.35282403230667114,-0.3012939989566803,0.9802066683769226,0.5478296875953674,0.46509069204330444,-0.04353213682770729,0.8132256865501404,0.48359355330467224,0.3615476191043854,-0.2680341303348541,0.9694671034812927,0.5307639837265015,0.5536122918128967,0.036629755049943924,0.9982254505157471,0.4973675012588501,0.5571845769882202,-0.03657437860965729,0.9974291920661926,0.5302746891975403,0.7031053304672241,0.01639845408499241,0.920268177986145,0.5001309514045715,0.7072106003761292,-0.05030443146824837,0.9601552486419678,0.5249941945075989,0.8256163001060486,0.1438903957605362,0.9306899905204773,0.5000188946723938,0.8364776372909546,0.06126587837934494,0.958483874797821,0.5198801159858704,0.8374680280685425,0.15146146714687347,0.8584325313568115,0.49853387475013733,0.8496446013450623,0.06736721843481064,0.7522086501121521,0.5337881445884705,0.8765705823898315,0.06517914682626724,0.929713785648346,0.5127172470092773,0.8807644248008728,-0.03722245246171951,0.943016767501831
6933.333333333315,0.5275225043296814,0.3076777756214142,-0.11725310236215591,0.9996158480644226,0.5277429223060608,0.2944878041744232,-0.10087188333272934,0.9995512962341309,0.5291311740875244,0.294428288936615,-0.10092943161725998,0.9994226098060608,0.5303224325180054,0.2943917214870453,-0.1009674146771431,0.9994546175003052,0.522301435470581,0.29435309767723083,-0.11172023415565491,0.9994215965270996,0.5193443894386292,0.2942695915699005,-0.11173699796199799,0.999355673789978,0.5163747668266296,0.2942345142364502,-0.111745685338974,0.9994316101074219,0.5276753902435303,0.2991640567779541,-0.0002621164603624493,0.998989462852478,0.5070652365684509,0.30107617378234863,-0.050227873027324677,0.9992652535438538,0.5290495753288269,0.3202511966228485,-0.07833714038133621,0.9994469881057739,0.5224681496620178,0.3203651010990143,-0.09269232302904129,0.9995341300964355,0.5387759804725647,0.36716756224632263,0.07314634323120117,0.9996145367622375,0.4840123951435089,0.37348636984825134,-0.024715157225728035,0.999126672744751,0.542982280254364,0.4481266438961029,0.07536955177783966,0.650347888469696,0.46996062994003296,0.4620271623134613,-0.11744565516710281,0.9832057356834412,0.5505533218383789,0.46733760833740234,-0.032476428896188736,0.8778043389320374,0.4823164641857147,0.37876591086387634,-0.2632005512714386,0.9900680780410767,0.5511015057563782,0.4756242632865906,-0.05636559799313545,0.8327131271362305,0.4833269715309143,0.3548803925514221,-0.29796820878982544,0.9804056286811829,0.5493742823600769,0.4678524136543274,-0.07165615260601044,0.8395957946777344,0.48391014337539673,0.3473494350910187,-0.2995796203613281,0.9795395731925964,0.5478352308273315,0.46504586935043335,-0.04174388572573662,0.8134918212890625,0.48462945222854614,0.35819780826568604,-0.266642689704895,0.9684692621231079,0.5308099985122681,0.5530425906181335,0.03634220361709595,0.9982543587684631,0.49737969040870667,0.5564743280410767,-0.03628366068005562,0.9974638819694519,0.5302793979644775,0.7023154497146606,0.01648644171655178,0.9217749238014221,0.5003530979156494,0.7062296867370605,-0.050474029034376144,0.9604532122612,0.5249913334846497,0.8256000280380249,0.1402505785226822,0.9318066835403442,0.5002741813659668,0.8362887501716614,0.058334555476903915,0.9589040279388428,0.5198723673820496,0.8374572992324829,0.14740723371505737,0.8582642078399658,0.4987574517726898,0.8494074940681458,0.06407175213098526,0.7517564296722412,0.5337492227554321,0.8763695359230042,0.06185227632522583,0.9306231737136841,0.5127289295196533,0.8807440400123596,-0.040073417127132416,0.9436802268028259
6966.666666666648,0.5275231599807739,0.30757859349250793,-0.11444396525621414,0.9996188879013062,0.5277834534645081,0.29440364241600037,-0.09797326475381851,0.9995586276054382,0.5291820168495178,0.29436472058296204,-0.09803038090467453,0.9994327425956726,0.5303766131401062,0.2943423390388489,-0.09807025641202927,0.9994686245918274,0.5223395228385925,0.2942019999027252,-0.10878951847553253,0.9994252324104309,0.5193742513656616,0.29407355189323425,-0.1088055893778801,0.9993582963943481,0.5163959264755249,0.2939903140068054,-0.10881204903125763,0.9994322061538696,0.5277998447418213,0.2991134226322174,0.0027713091112673283,0.9990191459655762,0.5070698857307434,0.300586998462677,-0.04697060585021973,0.9992639422416687,0.5290513634681702,0.3201427459716797,-0.07544674724340439,0.9994648098945618,0.5224695205688477,0.320231169462204,-0.08974859118461609,0.9995399117469788,0.5389388799667358,0.3672473728656769,0.07493647933006287,0.9996276497840881,0.48412540555000305,0.37186315655708313,-0.022722741588950157,0.9991073608398438,0.543685793876648,0.44892212748527527,0.07566449046134949,0.6597155332565308,0.47100088000297546,0.4605099856853485,-0.11739303171634674,0.9827871322631836,0.5506827235221863,0.4674401581287384,-0.03132663667201996,0.8802052140235901,0.4831204414367676,0.37622392177581787,-0.2622518241405487,0.989715039730072,0.5511073470115662,0.47569727897644043,-0.05494481697678566,0.8347200751304626,0.4839603006839752,0.35208940505981445,-0.29674574732780457,0.9797255992889404,0.549380362033844,0.4677809476852417,-0.0703776404261589,0.8415936827659607,0.4845063090324402,0.34485891461372375,-0.29846659302711487,0.9788137674331665,0.547839879989624,0.4650084972381592,-0.04065750166773796,0.8153465390205383,0.4852161109447479,0.35584887862205505,-0.26562875509262085,0.9673940539360046,0.5308879613876343,0.5526050925254822,0.03629821538925171,0.9983093738555908,0.49738678336143494,0.5557562708854675,-0.03623776137828827,0.9975272417068481,0.5303321480751038,0.7019177675247192,0.01574341021478176,0.9236400723457336,0.5004071593284607,0.7055205702781677,-0.051498956978321075,0.9609068632125854,0.5249886512756348,0.8256314992904663,0.13787676393985748,0.9332637786865234,0.5002738833427429,0.8362339735031128,0.05600485950708389,0.959516167640686,0.5198695659637451,0.8375756144523621,0.14490000903606415,0.8591247797012329,0.49876219034194946,0.849406361579895,0.061628568917512894,0.7518261075019836,0.53368079662323,0.8763644099235535,0.05953245237469673,0.931838870048523,0.5126920342445374,0.880746066570282,-0.042323749512434006,0.9445816874504089
6999.999999999981,0.5275267362594604,0.3074589669704437,-0.1147346943616867,0.9996204376220703,0.5278294682502747,0.29423952102661133,-0.09822925180196762,0.9995633959770203,0.5292418003082275,0.29422441124916077,-0.09828562289476395,0.9994392991065979,0.5304439067840576,0.2942197620868683,-0.09832419455051422,0.9994792342185974,0.5223647356033325,0.2939798831939697,-0.10908286273479462,0.9994253516197205,0.5193899273872375,0.29382556676864624,-0.10909848660230637,0.9993573427200317,0.5164059400558472,0.29372578859329224,-0.10910587757825851,0.9994287490844727,0.5279179811477661,0.29902195930480957,0.0026304644998162985,0.999040961265564,0.5070688128471375,0.3002828061580658,-0.04732077941298485,0.9992583394050598,0.5290534496307373,0.3200512230396271,-0.0756957083940506,0.9994805455207825,0.5224708914756775,0.32011678814888,-0.09005270153284073,0.9995447397232056,0.5389785766601562,0.36734047532081604,0.07464563846588135,0.999640941619873,0.484302818775177,0.3708568215370178,-0.02319866605103016,0.999087929725647,0.5437236428260803,0.4490812122821808,0.07514119148254395,0.6691473722457886,0.4714157283306122,0.45882460474967957,-0.11975161731243134,0.9825377464294434,0.5507577061653137,0.4674559235572815,-0.030657954514026642,0.8833756446838379,0.4839949607849121,0.3749365210533142,-0.26370397210121155,0.989467442035675,0.5511034727096558,0.47578927874565125,-0.054168328642845154,0.8379456996917725,0.48474109172821045,0.3500897288322449,-0.2984447479248047,0.9792097210884094,0.5493748188018799,0.4677264392375946,-0.06963927298784256,0.8447625041007996,0.4852796792984009,0.3425177037715912,-0.30010202527046204,0.9782490134239197,0.5478448867797852,0.4649657607078552,-0.039995528757572174,0.8185959458351135,0.4860638678073883,0.3538077473640442,-0.26720890402793884,0.966550350189209,0.5309167504310608,0.5525708794593811,0.03632223233580589,0.9983755946159363,0.49737197160720825,0.5556785464286804,-0.036262620240449905,0.9976012706756592,0.5303519368171692,0.7018246650695801,0.01599406637251377,0.9258445501327515,0.5003343820571899,0.7055259943008423,-0.05146097019314766,0.9615302085876465,0.5250068306922913,0.8256166577339172,0.13918836414813995,0.9351271390914917,0.5001742243766785,0.8362652063369751,0.056176867336034775,0.9602848887443542,0.5198841094970703,0.8375660181045532,0.14629939198493958,0.8607015609741211,0.4987000524997711,0.8494802117347717,0.06178342550992966,0.7521052360534668,0.5337031483650208,0.8762380480766296,0.06159829720854759,0.9334238767623901,0.5126906037330627,0.880935788154602,-0.04127408191561699,0.9456874132156372
7033.333333333314,0.5275558233261108,0.3073282539844513,-0.1157623901963234,0.9996243715286255,0.527954638004303,0.2940661609172821,-0.09876640886068344,0.9995715618133545,0.5293898582458496,0.29406917095184326,-0.09882423281669617,0.9994505047798157,0.5305948853492737,0.29407432675361633,-0.09886863827705383,0.9994935393333435,0.5224342942237854,0.2937468886375427,-0.10970082134008408,0.9994285106658936,0.5194483995437622,0.2935592830181122,-0.10971367359161377,0.9993594288825989,0.5164549350738525,0.29343852400779724,-0.10972203314304352,0.9994272589683533,0.5281618237495422,0.29889094829559326,0.0018483779858797789,0.9990718960762024,0.5071128606796265,0.2999211251735687,-0.04802976921200752,0.9992583394050598,0.5290908813476562,0.31990787386894226,-0.07593151926994324,0.9994999766349792,0.5224848985671997,0.3199433982372284,-0.09041249752044678,0.9995522499084473,0.5390612483024597,0.36736342310905457,0.07440431416034698,0.9996547102928162,0.48466581106185913,0.36951735615730286,-0.024898244068026543,0.999059796333313,0.5437301993370056,0.4494069218635559,0.07493612170219421,0.6780463457107544,0.47156602144241333,0.4560096561908722,-0.12513189017772675,0.9820390939712524,0.5509143471717834,0.46755632758140564,-0.0302463136613369,0.8859443068504333,0.48530226945877075,0.3714769184589386,-0.27020877599716187,0.9889045357704163,0.5511139035224915,0.47591570019721985,-0.05368334800004959,0.8404150605201721,0.486551433801651,0.34802037477493286,-0.30560460686683655,0.978129506111145,0.5493808388710022,0.46770450472831726,-0.06918508559465408,0.8472471237182617,0.4866960644721985,0.34005001187324524,-0.30686166882514954,0.9770873785018921,0.5479000806808472,0.4649655818939209,-0.0395788699388504,0.8210589289665222,0.4880600869655609,0.35199353098869324,-0.2737141251564026,0.9648434519767761,0.5309029221534729,0.5525650978088379,0.03648046776652336,0.9984420537948608,0.4973042905330658,0.5555504560470581,-0.03642019256949425,0.997676432132721,0.5303525328636169,0.7017883658409119,0.01556365005671978,0.9280559420585632,0.5001347064971924,0.7055713534355164,-0.052018068730831146,0.9624283313751221,0.5250101685523987,0.8256083726882935,0.13981491327285767,0.9372050166130066,0.5000604391098022,0.8364294171333313,0.056562282145023346,0.9613372683525085,0.5198816061019897,0.8375189304351807,0.14700479805469513,0.8629611134529114,0.4986180365085602,0.8496038317680359,0.06226308271288872,0.7538650035858154,0.5337129831314087,0.8761885166168213,0.06163640692830086,0.9352350831031799,0.5126969218254089,0.8811859488487244,-0.04126155748963356,0.9471335411071777
7066.666666666647,0.5275562405586243,0.30692315101623535,-0.12343034893274307,0.999631404876709,0.5280095338821411,0.2935728430747986,-0.10685506463050842,0.9995802044868469,0.5294829607009888,0.29359492659568787,-0.10691262781620026,0.9994614720344543,0.5307206511497498,0.2936033606529236,-0.10695330798625946,0.999505877494812,0.5224412083625793,0.29324185848236084,-0.11721989512443542,0.9994336366653442,0.5194511413574219,0.2930598258972168,-0.11723248660564423,0.9993641972541809,0.5164569020271301,0.2929507791996002,-0.11724575608968735,0.9994287490844727,0.5284899473190308,0.298489511013031,-0.00526927737519145,0.9990970492362976,0.5071199536323547,0.2995368540287018,-0.0529189258813858,0.9992619752883911,0.5291261672973633,0.3195776343345642,-0.08371244370937347,0.9995171427726746,0.5224850177764893,0.3195900022983551,-0.09748213738203049,0.9995611310005188,0.5391054749488831,0.36736929416656494,0.0692911297082901,0.9996630549430847,0.48511871695518494,0.3684745728969574,-0.031111709773540497,0.9990507960319519,0.5431736707687378,0.44943341612815857,0.07453510910272598,0.6827446222305298,0.47158724069595337,0.45362937450408936,-0.13073231279850006,0.9820394515991211,0.550960123538971,0.4676826596260071,-0.025211792439222336,0.8880683779716492,0.4855140447616577,0.367587685585022,-0.2740800678730011,0.988783061504364,0.5511701107025146,0.4760216474533081,-0.04698688164353371,0.8426451086997986,0.4867091178894043,0.34352171421051025,-0.30878132581710815,0.9777917265892029,0.5494539737701416,0.4677080512046814,-0.06335297226905823,0.8494666814804077,0.48712578415870667,0.3363466262817383,-0.3096906244754791,0.9766955375671387,0.5480104088783264,0.4649929404258728,-0.0345672182738781,0.8234363198280334,0.4882757067680359,0.34620997309684753,-0.2773555815219879,0.9643069505691528,0.5308635830879211,0.5525906682014465,0.036560188978910446,0.998494029045105,0.4972458481788635,0.5555345416069031,-0.036504510790109634,0.9977427124977112,0.5303583145141602,0.7017708420753479,0.016085438430309296,0.9295978546142578,0.4997786581516266,0.7057934403419495,-0.051768772304058075,0.9631791114807129,0.5251992344856262,0.8255125880241394,0.14137941598892212,0.9387803077697754,0.49989986419677734,0.8368298411369324,0.05809725821018219,0.962131142616272,0.52003014087677,0.8373009562492371,0.14896728098392487,0.8644878268241882,0.49852702021598816,0.8500102758407593,0.06401214748620987,0.7552413940429688,0.5339365005493164,0.8758419752120972,0.06320548802614212,0.9366492629051208,0.5128118991851807,0.8816271424293518,-0.04042736813426018,0.9482511878013611
7099.99999999998,0.5275829434394836,0.30665671825408936,-0.12680572271347046,0.9996384978294373,0.5280810594558716,0.2933063507080078,-0.11053579300642014,0.9995890259742737,0.5295727252960205,0.2933407723903656,-0.11059427261352539,0.9994726181030273,0.5308275818824768,0.29335150122642517,-0.11063337326049805,0.9995189905166626,0.5224679708480835,0.2929474115371704,-0.12112225592136383,0.9994388222694397,0.5194698572158813,0.2927584648132324,-0.12113627046346664,0.9993687868118286,0.5164722800254822,0.29263731837272644,-0.12115407735109329,0.9994291663169861,0.5286487340927124,0.2982292175292969,-0.008804568089544773,0.9991241693496704,0.5071537494659424,0.29921332001686096,-0.057425446808338165,0.9992626905441284,0.5292070508003235,0.31938689947128296,-0.0870896726846695,0.999533474445343,0.5224973559379578,0.3193570077419281,-0.10114677250385284,0.9995660185813904,0.5391213297843933,0.36739036440849304,0.06650449335575104,0.999669075012207,0.4854368269443512,0.36757951974868774,-0.03826700523495674,0.9990324974060059,0.5423315763473511,0.44944941997528076,0.07439099997282028,0.6848472356796265,0.4723350405693054,0.4507472813129425,-0.14121435582637787,0.9815857410430908,0.550939679145813,0.46796566247940063,-0.019849078729748726,0.8887757062911987,0.4864959120750427,0.3646225929260254,-0.2838047444820404,0.9883310198783875,0.5512235164642334,0.47642743587493896,-0.04024714604020119,0.843313455581665,0.48761945962905884,0.3387102484703064,-0.318324476480484,0.97695392370224,0.5495730042457581,0.4678371846675873,-0.057416368275880814,0.8503140807151794,0.4878929853439331,0.33196011185646057,-0.31958693265914917,0.9757853746414185,0.5480979681015015,0.46521762013435364,-0.029407555237412453,0.8243535161018372,0.4891977906227112,0.34295520186424255,-0.28736716508865356,0.9630391001701355,0.5308569073677063,0.5525954365730286,0.036821190267801285,0.9985389709472656,0.4972288906574249,0.5554818511009216,-0.036771856248378754,0.9978029131889343,0.5303598642349243,0.7017409205436707,0.01636941358447075,0.9313747882843018,0.4995039999485016,0.7061598896980286,-0.051607150584459305,0.9641070365905762,0.5255028605461121,0.825347363948822,0.14023882150650024,0.9407455921173096,0.4997582733631134,0.8374660015106201,0.05691402405500412,0.9631496071815491,0.5203500390052795,0.8369696140289307,0.14753614366054535,0.8673421740531921,0.49831607937812805,0.8505995273590088,0.06256600469350815,0.7579118013381958,0.534511923789978,0.8754709959030151,0.06172297149896622,0.9385972619056702,0.5130859613418579,0.8825469613075256,-0.042185429483652115,0.9496974945068359
7133.333333333313,0.5276559591293335,0.3065122365951538,-0.12633338570594788,0.9996482729911804,0.5281853079795837,0.29315420985221863,-0.11034443229436874,0.9996004104614258,0.5296834111213684,0.29317790269851685,-0.11040248721837997,0.9994866251945496,0.5309439301490784,0.2931727170944214,-0.11044095456600189,0.9995343685150146,0.5225492715835571,0.2927972376346588,-0.12117976695299149,0.9994487166404724,0.5195350050926208,0.29259681701660156,-0.12119422852993011,0.9993784427642822,0.5165339112281799,0.29245513677597046,-0.1212126836180687,0.9994350075721741,0.5287637114524841,0.2979576587677002,-0.00930947344750166,0.9991539716720581,0.5072277784347534,0.29889705777168274,-0.05936950817704201,0.9992704391479492,0.529316782951355,0.3192574083805084,-0.08678806573152542,0.9995520114898682,0.5225529670715332,0.3192065954208374,-0.10116083920001984,0.9995750188827515,0.5391380786895752,0.3673955500125885,0.0659586489200592,0.9996786117553711,0.4854782223701477,0.3665257692337036,-0.040291134268045425,0.9990327954292297,0.5415945649147034,0.44973069429397583,0.0746498629450798,0.688075840473175,0.47254735231399536,0.44842761754989624,-0.14282651245594025,0.9813775420188904,0.5509399771690369,0.4682758152484894,-0.015723565593361855,0.8905894160270691,0.48641377687454224,0.36003705859184265,-0.28426000475883484,0.988142728805542,0.5514436364173889,0.47671040892601013,-0.035716764628887177,0.8454751968383789,0.4875345528125763,0.33408841490745544,-0.3186236023902893,0.9766005277633667,0.5498940348625183,0.4679180681705475,-0.05319587141275406,0.852595329284668,0.48786476254463196,0.32780978083610535,-0.3202117085456848,0.9753853678703308,0.5483465194702148,0.46535757184028625,-0.025397656485438347,0.8269137740135193,0.48907947540283203,0.3386726677417755,-0.28795528411865234,0.9624916911125183,0.530855655670166,0.5525954365730286,0.03699028864502907,0.9985889792442322,0.4972090423107147,0.5554474592208862,-0.03694663196802139,0.997870683670044,0.5303612947463989,0.7016053199768066,0.016557658091187477,0.9331867098808289,0.4993639290332794,0.7063558101654053,-0.051511991769075394,0.964840292930603,0.5256760120391846,0.8251889944076538,0.14029891788959503,0.9424590468406677,0.49958670139312744,0.8376964330673218,0.05702706798911095,0.9639376401901245,0.5204988718032837,0.8366575837135315,0.14762529730796814,0.8697718977928162,0.4981423616409302,0.8508752584457397,0.06272179633378983,0.7599760293960571,0.5346899032592773,0.8751422762870789,0.0620022676885128,0.9402941465377808,0.5131613612174988,0.8829776048660278,-0.04167749732732773,0.9508714079856873
7166.666666666646,0.527754008769989,0.3063698410987854,-0.12785661220550537,0.9996537566184998,0.5282716751098633,0.29304948449134827,-0.11233595758676529,0.9996065497398376,0.5297625660896301,0.29305633902549744,-0.11239465326070786,0.9994938373565674,0.5310205817222595,0.2930273711681366,-0.11243406683206558,0.9995430707931519,0.5226460099220276,0.2927092909812927,-0.12316220253705978,0.9994528293609619,0.5196325778961182,0.292500764131546,-0.12317927926778793,0.9993822574615479,0.5166366100311279,0.2923431396484375,-0.12320322543382645,0.99943608045578,0.5288177728652954,0.29768335819244385,-0.01222134754061699,0.9991722106933594,0.5074315667152405,0.29857900738716125,-0.06197942793369293,0.9992733001708984,0.5294228196144104,0.31905898451805115,-0.08848600834608078,0.9995627403259277,0.522628128528595,0.31899282336235046,-0.10285162925720215,0.9995764493942261,0.5391415953636169,0.3673834204673767,0.0647677332162857,0.9996781945228577,0.48570674657821655,0.3656705319881439,-0.04470210522413254,0.9990251064300537,0.5407780408859253,0.4497753977775574,0.07688041776418686,0.6855553984642029,0.47300437092781067,0.4459376037120819,-0.1476939171552658,0.9811042547225952,0.5508859753608704,0.4685748517513275,-0.005774222780019045,0.8893224000930786,0.4867812395095825,0.3560137152671814,-0.28585538268089294,0.9877961277961731,0.5516501069068909,0.4770369827747345,-0.024028601124882698,0.8440277576446533,0.48788362741470337,0.3288302719593048,-0.3198404312133789,0.975975513458252,0.5502479076385498,0.46807554364204407,-0.042165014892816544,0.8514488935470581,0.48830315470695496,0.3243563175201416,-0.32132378220558167,0.9746913313865662,0.5485721230506897,0.46559423208236694,-0.015572911128401756,0.8258138298988342,0.4893037974834442,0.3333088755607605,-0.28950369358062744,0.9615411758422852,0.5308444499969482,0.5527160167694092,0.03741338104009628,0.9986178874969482,0.4972008764743805,0.5554787516593933,-0.037373073399066925,0.9979247450828552,0.5303642749786377,0.7015513181686401,0.017436975613236427,0.9349147081375122,0.49920815229415894,0.7067248821258545,-0.05140286684036255,0.9660203456878662,0.5259478092193604,0.8250004649162292,0.14014436304569244,0.9443256855010986,0.4994397759437561,0.8381927609443665,0.05416250228881836,0.9650959968566895,0.5208323001861572,0.8364363312721252,0.1473216414451599,0.8730226159095764,0.4979287087917328,0.851471483707428,0.05950764939188957,0.7640615701675415,0.5352268815040588,0.8746231198310852,0.062391772866249084,0.94216388463974,0.5133420825004578,0.8839976191520691,-0.04460516944527626,0.9524015784263611
7199.999999999979,0.5278749465942383,0.30614981055259705,-0.131154865026474,0.999658465385437,0.5283495187759399,0.29292625188827515,-0.11550042033195496,0.9996137619018555,0.5298335552215576,0.2929176390171051,-0.11556097120046616,0.9995024800300598,0.531091570854187,0.29286468029022217,-0.1156032457947731,0.9995526671409607,0.5227382183074951,0.2926056683063507,-0.12623745203018188,0.9994573593139648,0.5197396278381348,0.2923986315727234,-0.1262555718421936,0.9993859529495239,0.5167560577392578,0.29223430156707764,-0.12628163397312164,0.9994354248046875,0.5288609862327576,0.29744818806648254,-0.014347712509334087,0.9991963505744934,0.5076925158500671,0.29829394817352295,-0.06350454688072205,0.9992741942405701,0.5295518636703491,0.31883034110069275,-0.0913684070110321,0.9995712637901306,0.5227349996566772,0.3187364637851715,-0.10558529943227768,0.9995715618133545,0.5390727519989014,0.36730465292930603,0.06411027163267136,0.9996749758720398,0.48654842376708984,0.3645232319831848,-0.04853707551956177,0.9989821314811707,0.5400130152702332,0.4490385353565216,0.07844661176204681,0.6818312406539917,0.4747908413410187,0.44141802191734314,-0.1554700881242752,0.9800989627838135,0.5505876541137695,0.46860915422439575,0.0011503315763548017,0.8871599435806274,0.4881158769130707,0.35405945777893066,-0.2935144305229187,0.9868113994598389,0.5517193675041199,0.4772130250930786,-0.01615951582789421,0.8414468765258789,0.4893321692943573,0.327426552772522,-0.3273392617702484,0.9743905663490295,0.5503990054130554,0.4682570993900299,-0.03420458361506462,0.8492493629455566,0.48988214135169983,0.32381290197372437,-0.32922908663749695,0.9730028510093689,0.5486107468605042,0.4658057987689972,-0.008487232960760593,0.8236271142959595,0.4905533492565155,0.33223599195480347,-0.2974967360496521,0.9592679738998413,0.5307499766349792,0.5528126955032349,0.03805890306830406,0.9986410140991211,0.4971938729286194,0.5554800629615784,-0.03801903873682022,0.9979661703109741,0.5303117632865906,0.7013179659843445,0.01733134314417839,0.9361478090286255,0.4990859031677246,0.7068169116973877,-0.05176598206162453,0.9671028852462769,0.5262237787246704,0.8246777057647705,0.13496054708957672,0.9458189606666565,0.4994392395019531,0.8382694721221924,0.04833124950528145,0.9660987257957458,0.5210712552070618,0.8358432054519653,0.14155425131320953,0.8762701153755188,0.4978320300579071,0.8514648079872131,0.0531487911939621,0.7677664756774902,0.5357482433319092,0.8733230233192444,0.057591669261455536,0.9436525106430054,0.51349937915802,0.8840697407722473,-0.0504743792116642,0.9536792635917664
7233.333333333312,0.5279902815818787,0.30606400966644287,-0.1334598809480667,0.9996660947799683,0.528415858745575,0.29286718368530273,-0.11744674295186996,0.999625027179718,0.5298898816108704,0.2928471267223358,-0.11750943213701248,0.9995177388191223,0.5311467051506042,0.2927786707878113,-0.11755485087633133,0.999567449092865,0.5228213667869568,0.2925432622432709,-0.1283104568719864,0.999465823173523,0.5198317170143127,0.29232674837112427,-0.12832970917224884,0.9993937611579895,0.5168535709381104,0.2921433448791504,-0.12835313379764557,0.9994361996650696,0.5288751721382141,0.2972831428050995,-0.014407615177333355,0.9992334246635437,0.5078919529914856,0.2979930639266968,-0.06388626992702484,0.9992809295654297,0.5296636819839478,0.31873348355293274,-0.09283710271120071,0.999584972858429,0.5228682160377502,0.31863322854042053,-0.10718086361885071,0.9995699524879456,0.5389106273651123,0.3672865033149719,0.0646134465932846,0.9996805191040039,0.48729822039604187,0.3636328876018524,-0.048922158777713776,0.9989294409751892,0.5395224690437317,0.4481029510498047,0.08162856847047806,0.680006206035614,0.47679805755615234,0.43828365206718445,-0.15340551733970642,0.977761447429657,0.5503466725349426,0.4686554968357086,0.00579181220382452,0.8853989839553833,0.4890962839126587,0.35479608178138733,-0.29013365507125854,0.9844034314155579,0.5517666935920715,0.47738075256347656,-0.011598660610616207,0.83951336145401,0.49077194929122925,0.3303757309913635,-0.323916494846344,0.9707867503166199,0.5504550933837891,0.46835091710090637,-0.03049642965197563,0.8478125929832458,0.49118825793266296,0.3248542547225952,-0.3267529606819153,0.9692878723144531,0.5486131906509399,0.46591717004776,-0.0041737547144293785,0.8222447037696838,0.49212509393692017,0.334949791431427,-0.29454392194747925,0.954450249671936,0.5306184887886047,0.5529803037643433,0.03883623704314232,0.9986743927001953,0.49714338779449463,0.5555182695388794,-0.03878466784954071,0.9980103969573975,0.5302073359489441,0.7012948393821716,0.01685342937707901,0.9380089640617371,0.4989199936389923,0.7071046829223633,-0.05230231210589409,0.9683995246887207,0.5263554453849792,0.8246153593063354,0.13483306765556335,0.9476874470710754,0.49945157766342163,0.838579535484314,0.04815221577882767,0.9674263000488281,0.5212169289588928,0.8355222344398499,0.14146462082862854,0.8799640536308289,0.49782487750053406,0.8515052795410156,0.052971187978982925,0.773305356502533,0.535901665687561,0.8727602958679199,0.056535426527261734,0.9454169273376465,0.5135791301727295,0.8843250870704651,-0.0515466071665287,0.9553303122520447
7266.666666666645,0.5280594825744629,0.3058271110057831,-0.13387325406074524,0.999671995639801,0.5284879207611084,0.2927412688732147,-0.11806341260671616,0.9996336698532104,0.5299669504165649,0.2927183210849762,-0.11812276393175125,0.9995260834693909,0.5312402248382568,0.2926429808139801,-0.11816620081663132,0.9995755553245544,0.5228396654129028,0.2923975884914398,-0.12863120436668396,0.999475359916687,0.5198568105697632,0.29216957092285156,-0.12865154445171356,0.999402642250061,0.5168681740760803,0.29196715354919434,-0.1286783665418625,0.9994421601295471,0.528989851474762,0.29713788628578186,-0.016178511083126068,0.9992550611495972,0.507989764213562,0.29759472608566284,-0.06424476206302643,0.9992902278900146,0.5297549366950989,0.31848058104515076,-0.09375012665987015,0.9995909929275513,0.5229104161262512,0.31834667921066284,-0.10769686847925186,0.999564528465271,0.5389102697372437,0.3674238622188568,0.06259467452764511,0.9996581673622131,0.48770469427108765,0.36322149634361267,-0.052495989948511124,0.9989057779312134,0.538707971572876,0.4476778507232666,0.0778622254729271,0.6706941723823547,0.47812288999557495,0.431558758020401,-0.1637631356716156,0.9773210287094116,0.5494341254234314,0.4687499701976776,3.7226778658805415e-05,0.8808763027191162,0.48908087611198425,0.3449324369430542,-0.2996511161327362,0.9841848015785217,0.5518283247947693,0.477569580078125,-0.016805674880743027,0.8345488905906677,0.49046266078948975,0.3186705410480499,-0.3326989710330963,0.9704936742782593,0.5504826307296753,0.4684346914291382,-0.03463969752192497,0.8432989716529846,0.4909500777721405,0.31484320759773254,-0.3349419832229614,0.968975841999054,0.548585057258606,0.4660034775733948,-0.009620902128517628,0.8180207014083862,0.49183258414268494,0.3223904073238373,-0.3038836419582367,0.954127311706543,0.5305538773536682,0.553196370601654,0.03881985694169998,0.9986746907234192,0.49714192748069763,0.5556296706199646,-0.03877153620123863,0.9980512857437134,0.5301333665847778,0.701123833656311,0.016102731227874756,0.938313364982605,0.4988807141780853,0.7072402238845825,-0.05233287811279297,0.9691790342330933,0.5263645052909851,0.8242154121398926,0.13180115818977356,0.9479946494102478,0.499478280544281,0.838792622089386,0.04379662126302719,0.967979371547699,0.5212218761444092,0.8349341750144958,0.13847078382968903,0.88177490234375,0.49783647060394287,0.851551353931427,0.04837431386113167,0.775921642780304,0.5360108017921448,0.8720889687538147,0.056619323790073395,0.9457871913909912,0.5136504769325256,0.8844588398933411,-0.053828950971364975,0.9559882879257202
7299.999999999978,0.5281217098236084,0.30562666058540344,-0.13353127241134644,0.9996843338012695,0.5286112427711487,0.2925635874271393,-0.11701760441064835,0.9996463060379028,0.5301152467727661,0.29251399636268616,-0.11707761138677597,0.9995406270027161,0.5314123630523682,0.29240182042121887,-0.11711999028921127,0.9995890259742737,0.5228845477104187,0.2922424376010895,-0.12777887284755707,0.9994909763336182,0.519891083240509,0.29200252890586853,-0.1278015822172165,0.9994190335273743,0.516897976398468,0.2917669415473938,-0.12782873213291168,0.9994566440582275,0.5292159914970398,0.2968323230743408,-0.016229720786213875,0.9992791414260864,0.5080236196517944,0.29711803793907166,-0.06413561850786209,0.9993055462837219,0.5298203229904175,0.3181818127632141,-0.0926610678434372,0.9996001720428467,0.5229365825653076,0.31801778078079224,-0.10673460364341736,0.9995686411857605,0.5387774705886841,0.3674142360687256,0.0602506585419178,0.9996463060379028,0.4877642095088959,0.36290186643600464,-0.05107664316892624,0.9989123344421387,0.5367060303688049,0.44763341546058655,0.07852861285209656,0.6624012589454651,0.47801682353019714,0.43373680114746094,-0.1561008244752884,0.9778348803520203,0.549441933631897,0.4688287377357483,0.008704680018126965,0.8795925378799438,0.48896849155426025,0.3417501449584961,-0.2940641939640045,0.9846568703651428,0.5524556040763855,0.4776153564453125,-0.005749312695115805,0.8331610560417175,0.49012526869773865,0.3138004243373871,-0.32257530093193054,0.971220850944519,0.5516101717948914,0.46849197149276733,-0.024032579734921455,0.8421730995178223,0.4907025694847107,0.30913665890693665,-0.3231779634952545,0.9697153568267822,0.5491803288459778,0.46610942482948303,-0.0008594609098508954,0.8173083066940308,0.49174773693084717,0.3176420032978058,-0.2968929708003998,0.9552308320999146,0.5304686427116394,0.5533244609832764,0.038304321467876434,0.9986639022827148,0.49717971682548523,0.5557038187980652,-0.03827621415257454,0.9980683326721191,0.5300831198692322,0.7009873390197754,0.01784844510257244,0.9372606873512268,0.49887773394584656,0.7072339653968811,-0.04916393756866455,0.9690422415733337,0.5263699889183044,0.8239191174507141,0.1322580873966217,0.9469761252403259,0.4995168149471283,0.838786780834198,0.04552174359560013,0.9673478603363037,0.5212185382843018,0.8345843553543091,0.13890764117240906,0.8807581067085266,0.497869074344635,0.8514475226402283,0.05030583590269089,0.7741310000419617,0.5361092686653137,0.8714653253555298,0.056736450642347336,0.9450501799583435,0.5136702656745911,0.8845595717430115,-0.05293196067214012,0.955353319644928
7333.333333333311,0.5283926725387573,0.30555322766304016,-0.13279719650745392,0.9996950626373291,0.5290250182151794,0.29252374172210693,-0.11613799631595612,0.999657154083252,0.5305255055427551,0.29247528314590454,-0.11619831621646881,0.9995525479316711,0.5318048000335693,0.29236119985580444,-0.11624064296483994,0.9996002912521362,0.5231829881668091,0.29218789935112,-0.12684683501720428,0.9995054602622986,0.5202024579048157,0.2919112741947174,-0.12686766684055328,0.9994344711303711,0.5171974897384644,0.29163041710853577,-0.12689228355884552,0.9994713068008423,0.5295025706291199,0.2967076003551483,-0.017023462802171707,0.9992966651916504,0.5082027316093445,0.29655247926712036,-0.06728612631559372,0.9993230700492859,0.5299972891807556,0.3180288076400757,-0.09206081181764603,0.9996107816696167,0.5230863094329834,0.3178064227104187,-0.10636246204376221,0.9995790123939514,0.5386644005775452,0.36745983362197876,0.05755602940917015,0.9996392726898193,0.4877263605594635,0.36271029710769653,-0.05329147353768349,0.9989365339279175,0.5360410213470459,0.4477746784687042,0.07747898995876312,0.6552006602287292,0.4753033518791199,0.43531280755996704,-0.1561632603406906,0.9787066578865051,0.5495897531509399,0.46887725591659546,0.004289873875677586,0.8784429430961609,0.4889202415943146,0.340694785118103,-0.289061963558197,0.9852331280708313,0.5530869364738464,0.4776305556297302,-0.011161929927766323,0.8319158554077148,0.490011066198349,0.3112544119358063,-0.3166571259498596,0.9720461368560791,0.5524924397468567,0.4685073792934418,-0.029188238084316254,0.8411299586296082,0.490530401468277,0.30627989768981934,-0.3156967759132385,0.9705234169960022,0.5499124526977539,0.46614840626716614,-0.005281501449644566,0.8165831565856934,0.4915451109409332,0.3152332305908203,-0.29035690426826477,0.9563678503036499,0.530430257320404,0.5536848902702332,0.037949319928884506,0.9986690282821655,0.49722039699554443,0.5560057759284973,-0.037935543805360794,0.9980993270874023,0.5300791263580322,0.7010029554367065,0.02129262499511242,0.937187135219574,0.49873751401901245,0.7074902057647705,-0.04509160295128822,0.9691992402076721,0.5263979434967041,0.8237733840942383,0.13785678148269653,0.9465979933738708,0.49950888752937317,0.8387860059738159,0.051783088594675064,0.966994047164917,0.5212251543998718,0.8343783617019653,0.1450330764055252,0.8799343705177307,0.49785852432250977,0.8514180779457092,0.057025566697120667,0.7726792097091675,0.5361882448196411,0.8712208271026611,0.06616509705781937,0.9448781609535217,0.5136881470680237,0.8847715258598328,-0.042302850633859634,0.9551106691360474
7366.666666666644,0.5298016667366028,0.3054865896701813,-0.12223180383443832,0.9996961355209351,0.5301613211631775,0.29248860478401184,-0.10708107054233551,0.9996570944786072,0.5313676595687866,0.2924289107322693,-0.10713210701942444,0.9995514750480652,0.532433807849884,0.2922876477241516,-0.10716328769922256,0.9996000528335571,0.5246455073356628,0.29211699962615967,-0.11983034014701843,0.9995054006576538,0.5218970775604248,0.29176899790763855,-0.11984658986330032,0.9994344115257263,0.5189502835273743,0.2913464605808258,-0.11987379193305969,0.9994707107543945,0.529509425163269,0.2960212826728821,-0.014618972316384315,0.9992961883544922,0.5097869634628296,0.29520320892333984,-0.06813661754131317,0.9993243217468262,0.5307285189628601,0.3176570534706116,-0.08518567681312561,0.9996120929718018,0.5242210626602173,0.317410945892334,-0.10203452408313751,0.9995784163475037,0.5385609865188599,0.36700212955474854,0.058537617325782776,0.9996358752250671,0.4876954257488251,0.36249008774757385,-0.058216556906700134,0.9989660978317261,0.5353068709373474,0.4475204050540924,0.07900672405958176,0.6489758491516113,0.47404125332832336,0.43568405508995056,-0.1610536426305771,0.9798287153244019,0.5497408509254456,0.4689457416534424,0.011645455844700336,0.8780512809753418,0.48881796002388,0.33633968234062195,-0.28023281693458557,0.9860348105430603,0.5536585450172424,0.47767242789268494,-0.0016520341159775853,0.8317535519599915,0.4899962842464447,0.30690982937812805,-0.3084912896156311,0.9733465313911438,0.5533252954483032,0.4685553312301636,-0.019910959526896477,0.8410858511924744,0.49063581228256226,0.3028469681739807,-0.3069463074207306,0.9718409180641174,0.5506073832511902,0.46621784567832947,0.002128735650330782,0.8171758651733398,0.4916256368160248,0.3115350008010864,-0.2812892496585846,0.9581549167633057,0.5303755402565002,0.5537290573120117,0.03807732090353966,0.9986806511878967,0.4972347617149353,0.5560122132301331,-0.03806842118501663,0.9981326460838318,0.5300751328468323,0.7009325623512268,0.024246474727988243,0.9375020861625671,0.498701274394989,0.7075547575950623,-0.04445348307490349,0.9695078134536743,0.526395857334137,0.8237448930740356,0.13941998779773712,0.9466131925582886,0.4995153248310089,0.8388220071792603,0.05228829383850098,0.9667755365371704,0.5212008953094482,0.8342996835708618,0.14647094905376434,0.8804985880851746,0.4978567659854889,0.8514171242713928,0.057536348700523376,0.7730522155761719,0.5361891388893127,0.8712182641029358,0.06876866519451141,0.9450316429138184,0.5137988328933716,0.8850950598716736,-0.0404084213078022,0.9550100564956665
7399.999999999977,0.5303014516830444,0.30549490451812744,-0.11952480673789978,0.9997090101242065,0.5309626460075378,0.2925970256328583,-0.1043911799788475,0.9996700882911682,0.532153308391571,0.29255056381225586,-0.10443676263093948,0.9995672702789307,0.5332103967666626,0.2924395799636841,-0.10446110367774963,0.9996143579483032,0.5254091024398804,0.2921209931373596,-0.11675992608070374,0.9995238780975342,0.5227222442626953,0.29176077246665955,-0.11677154153585434,0.9994553327560425,0.5197823643684387,0.2912607192993164,-0.1167932003736496,0.9994907379150391,0.5300527811050415,0.29602208733558655,-0.012577518820762634,0.9993188977241516,0.5107771754264832,0.2942976951599121,-0.0673036277294159,0.9993496537208557,0.531110942363739,0.3176144063472748,-0.08301974087953568,0.9996266961097717,0.5244773030281067,0.31729432940483093,-0.09957317262887955,0.9995953440666199,0.5385491847991943,0.3669235110282898,0.05847402662038803,0.9996428489685059,0.4876716732978821,0.3620515763759613,-0.05505918338894844,0.999016523361206,0.5353410840034485,0.4475253224372864,0.07828740775585175,0.650209903717041,0.4723677337169647,0.4348718225955963,-0.1574292927980423,0.9812554717063904,0.5500355958938599,0.46897003054618835,0.0069872052408754826,0.8814141750335693,0.48890796303749084,0.3332904279232025,-0.26945793628692627,0.9870302677154541,0.5541343688964844,0.4776795506477356,-0.00813153013586998,0.8356167078018188,0.49036023020744324,0.30278074741363525,-0.29853349924087524,0.9749994277954102,0.5538886785507202,0.46857669949531555,-0.026048723608255386,0.8447937965393066,0.49110478162765503,0.2988956868648529,-0.2960529029369354,0.9735403656959534,0.5511752963066101,0.4662451148033142,-0.002539651934057474,0.821426510810852,0.4920274317264557,0.30741971731185913,-0.27029097080230713,0.9605399966239929,0.5303457379341125,0.5537297129631042,0.03698994591832161,0.9987099766731262,0.49728837609291077,0.5559719800949097,-0.036986853927373886,0.9981913566589355,0.530074954032898,0.7007125020027161,0.023853352293372154,0.9382429122924805,0.4986982047557831,0.7075464129447937,-0.04255598783493042,0.9698682427406311,0.5263966917991638,0.8237062096595764,0.13875935971736908,0.9466408491134644,0.4996076226234436,0.8388190269470215,0.0543510764837265,0.9664773344993591,0.5211967825889587,0.8342850804328918,0.14582408964633942,0.8803482055664062,0.49793651700019836,0.8513827323913574,0.059594884514808655,0.7724368572235107,0.5361706614494324,0.8712184429168701,0.06816157698631287,0.9453460574150085,0.5138115286827087,0.8850598931312561,-0.03799646720290184,0.9549828767776489
7433.33333333331,0.530962347984314,0.30545926094055176,-0.11462575942277908,0.9997189044952393,0.5315815806388855,0.2926364839076996,-0.099227674305439,0.999677836894989,0.53266441822052,0.2925924062728882,-0.09926869720220566,0.9995773434638977,0.5336213707923889,0.29248425364494324,-0.09928018599748611,0.9996228218078613,0.5264240503311157,0.29211750626564026,-0.11253824084997177,0.9995362758636475,0.5237963199615479,0.2917422950267792,-0.11254839599132538,0.9994699954986572,0.5209652185440063,0.2911757826805115,-0.11257519572973251,0.9995037317276001,0.5300852656364441,0.2958720922470093,-0.007629698608070612,0.9993273615837097,0.5119767785072327,0.29338791966438293,-0.06670237332582474,0.9993637204170227,0.5316075086593628,0.317407488822937,-0.0784512311220169,0.9996350407600403,0.5248892903327942,0.3168458640575409,-0.09619253128767014,0.9996060729026794,0.5382722616195679,0.36597344279289246,0.05899466201663017,0.9996560215950012,0.48771390318870544,0.36041393876075745,-0.05580088868737221,0.9990681409835815,0.5348615646362305,0.44606196880340576,0.07313255220651627,0.6579767465591431,0.47166621685028076,0.43326759338378906,-0.15949012339115143,0.9827789068222046,0.5501732230186462,0.468842476606369,-0.014030634425580502,0.8883450031280518,0.489939421415329,0.3341127932071686,-0.27157989144325256,0.9881263375282288,0.5544766783714294,0.4775557219982147,-0.03136247768998146,0.844266951084137,0.49171653389930725,0.3030187487602234,-0.30181270837783813,0.9769484400749207,0.5542060732841492,0.46857064962387085,-0.049255210906267166,0.8530619144439697,0.4921332597732544,0.2977875769138336,-0.29931119084358215,0.9755730628967285,0.5514576435089111,0.46621978282928467,-0.023962704464793205,0.830559253692627,0.49293118715286255,0.30664753913879395,-0.2726080119609833,0.9634213447570801,0.530281662940979,0.5533971786499023,0.036608874797821045,0.9987315535545349,0.49739113450050354,0.5554858446121216,-0.03660601004958153,0.9982348680496216,0.5300752520561218,0.6998717188835144,0.023488085716962814,0.9395756125450134,0.4987572431564331,0.7070484161376953,-0.042099855840206146,0.9702797532081604,0.5263989567756653,0.8236018419265747,0.13676367700099945,0.9467366337776184,0.4997793138027191,0.8387652039527893,0.05473538860678673,0.9661200642585754,0.5211833119392395,0.8342409729957581,0.14359396696090698,0.8805813789367676,0.4980083107948303,0.8512426018714905,0.05990451201796532,0.7720392942428589,0.5361658930778503,0.8711434006690979,0.06589332967996597,0.9460554122924805,0.51388019323349,0.8850124478340149,-0.03767355531454086,0.9552136659622192
7466.666666666643,0.531002938747406,0.30494388937950134,-0.1159270629286766,0.9997313618659973,0.5315966010093689,0.29243984818458557,-0.10065341740846634,0.999688446521759,0.5327112674713135,0.2924118638038635,-0.10068020224571228,0.9995912909507751,0.533704400062561,0.29230692982673645,-0.10066375136375427,0.999634861946106,0.5263799428939819,0.29190072417259216,-0.11524124443531036,0.9995526075363159,0.5237287878990173,0.291524738073349,-0.11524583399295807,0.9994890689849854,0.5209137201309204,0.2910035252571106,-0.11528245359659195,0.9995205402374268,0.530200183391571,0.2955704927444458,-0.010616711340844631,0.9993435144424438,0.5120237469673157,0.2932697534561157,-0.07086353749036789,0.9993845820426941,0.5318880677223206,0.31676870584487915,-0.08081235736608505,0.9996456503868103,0.5249080061912537,0.31611520051956177,-0.09943369776010513,0.999618411064148,0.5379789471626282,0.36562713980674744,0.05861580744385719,0.9996662139892578,0.48821356892585754,0.3596608340740204,-0.0634332224726677,0.999116063117981,0.5341864824295044,0.4444284439086914,0.07711109519004822,0.6636052131652832,0.4714561104774475,0.43156197667121887,-0.1691148728132248,0.9841282367706299,0.5501765608787537,0.46867379546165466,6.43882158328779e-05,0.8933400511741638,0.49381744861602783,0.3364737629890442,-0.28040218353271484,0.9890538454055786,0.5545803308486938,0.47752702236175537,-0.014520594850182533,0.8499996066093445,0.4966093599796295,0.3047651946544647,-0.3099587559700012,0.9785319566726685,0.5543609857559204,0.46857425570487976,-0.033522725105285645,0.8585838079452515,0.4963240325450897,0.2981754243373871,-0.3032071888446808,0.9772053360939026,0.5515681505203247,0.46621960401535034,-0.009934750385582447,0.836501955986023,0.4970821142196655,0.30795758962631226,-0.27962860465049744,0.9657080769538879,0.5301586985588074,0.5524881482124329,0.036709968000650406,0.9987328052520752,0.49753865599632263,0.5542346239089966,-0.036707162857055664,0.9982578754425049,0.5300562381744385,0.6985778212547302,0.02364630252122879,0.9401072263717651,0.49887192249298096,0.7055042386054993,-0.04195611551403999,0.9704166054725647,0.5263967514038086,0.8233859539031982,0.1341213583946228,0.9467763900756836,0.499985009431839,0.8385701775550842,0.05330510064959526,0.965796947479248,0.5211221575737,0.8341425657272339,0.1401742547750473,0.8811461329460144,0.4981673061847687,0.8508842587471008,0.05801250785589218,0.7727041244506836,0.5361617803573608,0.8708751797676086,0.06098233908414841,0.9466777443885803,0.5140228271484375,0.8848255276679993,-0.03901665657758713,0.9555612802505493
7499.999999999976,0.5309708714485168,0.30393269658088684,-0.1303478628396988,0.9997431635856628,0.5315778851509094,0.29186391830444336,-0.11419782042503357,0.999699056148529,0.5326930284500122,0.29186347126960754,-0.11424043029546738,0.9996047616004944,0.5336852669715881,0.2917579710483551,-0.11424916237592697,0.9996464252471924,0.5263270735740662,0.29138436913490295,-0.12671969830989838,0.9995676279067993,0.5237038731575012,0.2910308241844177,-0.12672396004199982,0.9995062351226807,0.5208563208580017,0.2905902564525604,-0.12675483524799347,0.9995357394218445,0.5303494334220886,0.2950471043586731,-0.017092783004045486,0.9993611574172974,0.5119649767875671,0.293006956577301,-0.07285238057374954,0.9994028806686401,0.5318781733512878,0.31557607650756836,-0.09228755533695221,0.9996540546417236,0.5248056650161743,0.31477847695350647,-0.10864544659852982,0.999627947807312,0.5378572344779968,0.36540094017982483,0.05798371136188507,0.9996691346168518,0.488376647233963,0.35978925228118896,-0.06357983499765396,0.999140739440918,0.5337203145027161,0.44325900077819824,0.08096391707658768,0.6642828583717346,0.47136133909225464,0.43138280510902405,-0.170342817902565,0.9851593375205994,0.550179660320282,0.46867895126342773,0.008103692904114723,0.8953526616096497,0.49618834257125854,0.3376191556453705,-0.2910882532596588,0.989709198474884,0.5545638203620911,0.4775764048099518,-0.0066444450058043,0.851801335811615,0.500799298286438,0.30539843440055847,-0.3218643069267273,0.9795277118682861,0.5543528199195862,0.4686269164085388,-0.02581719309091568,0.8604016900062561,0.5001484155654907,0.3006434738636017,-0.3169764578342438,0.9782049059867859,0.5515873432159424,0.46626079082489014,-0.0019250466721132398,0.8382998108863831,0.5009379386901855,0.30900004506111145,-0.2911204695701599,0.9670811891555786,0.5299163460731506,0.5518330335617065,0.036754146218299866,0.9987141489982605,0.49757182598114014,0.5536184906959534,-0.036750514060258865,0.9982403516769409,0.5299209952354431,0.6977862119674683,0.019775480031967163,0.9393091797828674,0.49887141585350037,0.7049184441566467,-0.04232677444815636,0.9696692228317261,0.526296079158783,0.823381781578064,0.12936697900295258,0.9458109140396118,0.5001013875007629,0.838580846786499,0.050476353615522385,0.9646797776222229,0.5209786295890808,0.8341236710548401,0.1353151649236679,0.8793292045593262,0.4982181787490845,0.8507913947105408,0.054964423179626465,0.7705250382423401,0.5359781384468079,0.8708943724632263,0.053366295993328094,0.9461745023727417,0.514098584651947,0.8847103118896484,-0.04466370865702629,0.9549170136451721
7533.333333333309,0.5309461355209351,0.3033486008644104,-0.12973472476005554,0.9997508525848389,0.5315397381782532,0.29168859124183655,-0.11390148848295212,0.9997075200080872,0.5326550602912903,0.291715532541275,-0.11393722146749496,0.9996162056922913,0.5336708426475525,0.29163455963134766,-0.11394024640321732,0.9996572732925415,0.5262834429740906,0.2911480963230133,-0.1262560933828354,0.999575674533844,0.5236759781837463,0.2907978296279907,-0.12625299394130707,0.9995144009590149,0.5208348631858826,0.2903880774974823,-0.12628598511219025,0.9995411038398743,0.530349612236023,0.2949426770210266,-0.015268953517079353,0.9993798732757568,0.5119088888168335,0.29288244247436523,-0.06706853210926056,0.9994112253189087,0.5318617224693298,0.31500890851020813,-0.09191231429576874,0.9996580481529236,0.5247103571891785,0.31380271911621094,-0.10711909085512161,0.999626100063324,0.5374437570571899,0.364571213722229,0.06294049322605133,0.9996739029884338,0.48930758237838745,0.35959306359291077,-0.061431512236595154,0.9991410374641418,0.5330784916877747,0.4410703182220459,0.08137942105531693,0.6605557799339294,0.4720662236213684,0.4312312602996826,-0.16874025762081146,0.9855469465255737,0.5498663783073425,0.4687003791332245,0.005936599802225828,0.8966346383094788,0.49763190746307373,0.33782821893692017,-0.29249972105026245,0.9898453950881958,0.5544312596321106,0.47776997089385986,-0.0094560282304883,0.853221595287323,0.5024095773696899,0.308098703622818,-0.32391878962516785,0.9795191287994385,0.5543122887611389,0.468656063079834,-0.028130244463682175,0.8618913292884827,0.5019904375076294,0.30155566334724426,-0.32050371170043945,0.9781284332275391,0.5515323877334595,0.46630871295928955,-0.003967732191085815,0.8395652174949646,0.5028651356697083,0.3153071999549866,-0.29346922039985657,0.9669294953346252,0.5295371413230896,0.5506771802902222,0.03732331842184067,0.9987045526504517,0.4975665807723999,0.5525476932525635,-0.037305910140275955,0.9982293248176575,0.5296966433525085,0.6970571279525757,0.01978408358991146,0.9380247592926025,0.49891000986099243,0.7040544748306274,-0.04434562474489212,0.9693859815597534,0.5262295007705688,0.8236232995986938,0.12241491675376892,0.9451820254325867,0.5003186464309692,0.8385864496231079,0.041272878646850586,0.9641836881637573,0.5209256410598755,0.8343653678894043,0.12748031318187714,0.8791686296463013,0.4983837306499481,0.8507253527641296,0.04516587778925896,0.7698830962181091,0.5358046889305115,0.8712753653526306,0.04648546501994133,0.9458948373794556,0.5141732692718506,0.8844305276870728,-0.05352070555090904,0.9546970725059509
7566.666666666642,0.5309163928031921,0.3022998571395874,-0.14150162041187286,0.9997665882110596,0.5315072536468506,0.2910803556442261,-0.12454468756914139,0.9997245669364929,0.5327005982398987,0.2912476658821106,-0.12459174543619156,0.9996380805969238,0.5338678359985352,0.2912752032279968,-0.12460730224847794,0.9996756911277771,0.5262547135353088,0.2901698648929596,-0.13544484972953796,0.9995993971824646,0.5236330032348633,0.2897142469882965,-0.1354435384273529,0.9995409846305847,0.5208132863044739,0.28925037384033203,-0.13546349108219147,0.9995644092559814,0.5310326814651489,0.29485511779785156,-0.02124871499836445,0.999409556388855,0.5118269920349121,0.29162120819091797,-0.07000944018363953,0.9994404911994934,0.5318513512611389,0.31405359506607056,-0.10133470594882965,0.9996715188026428,0.5246209502220154,0.312326043844223,-0.11544185131788254,0.9996398687362671,0.5373169779777527,0.3642590045928955,0.06109379231929779,0.9996757507324219,0.4896753132343292,0.3591570556163788,-0.06184951588511467,0.9991644024848938,0.5322710871696472,0.44118890166282654,0.08069778233766556,0.6560360789299011,0.47265228629112244,0.4300898313522339,-0.17277945578098297,0.986254870891571,0.5498474836349487,0.46895286440849304,-0.00020481385581661016,0.8984437584877014,0.49803030490875244,0.3362703025341034,-0.30407968163490295,0.9903577566146851,0.5544165968894958,0.478054016828537,-0.016186552122235298,0.8553987145423889,0.5031406879425049,0.30541789531707764,-0.3363869786262512,0.980315625667572,0.5543453693389893,0.468801349401474,-0.03568066656589508,0.8641167283058167,0.5032711029052734,0.29818999767303467,-0.33325082063674927,0.9789301156997681,0.5515514016151428,0.4665469229221344,-0.010699891485273838,0.8417498469352722,0.5032151937484741,0.3100249469280243,-0.30519548058509827,0.9680185317993164,0.5294056534767151,0.5501754283905029,0.03813539817929268,0.9987000823020935,0.4975845217704773,0.5518152713775635,-0.038134995847940445,0.9982343912124634,0.529680609703064,0.6970277428627014,0.02055712603032589,0.9375333786010742,0.4989413917064667,0.703709065914154,-0.044745270162820816,0.9696621298789978,0.5262302756309509,0.8244457840919495,0.1216362863779068,0.9459222555160522,0.5003619194030762,0.8390452265739441,0.04074280709028244,0.9643405675888062,0.5209246277809143,0.8354004621505737,0.12640878558158875,0.8807701468467712,0.49838531017303467,0.8514835238456726,0.04451260343194008,0.7713826894760132,0.5358127355575562,0.8718962669372559,0.044086847454309464,0.9468232989311218,0.5144333243370056,0.8844224810600281,-0.055663760751485825,0.9552472233772278
7599.999999999975,0.5302368402481079,0.3014225959777832,-0.13781945407390594,0.9997807741165161,0.5310432314872742,0.29004913568496704,-0.1210901066660881,0.9997398257255554,0.5324000120162964,0.2903265357017517,-0.12113884091377258,0.9996578097343445,0.5337268114089966,0.2905047833919525,-0.12115766108036041,0.999692976474762,0.5254004001617432,0.28898370265960693,-0.13216491043567657,0.9996217489242554,0.5226921439170837,0.28854507207870483,-0.1321680098772049,0.9995666146278381,0.5195406079292297,0.2880420684814453,-0.13218864798545837,0.9995871782302856,0.5310248732566833,0.294687956571579,-0.019693339243531227,0.9994382858276367,0.5104453563690186,0.2909890413284302,-0.06974683701992035,0.999468207359314,0.531585693359375,0.3136148452758789,-0.09842412173748016,0.9996852278709412,0.5239279866218567,0.31160855293273926,-0.11285962909460068,0.9996537566184998,0.5369786024093628,0.36391839385032654,0.060216646641492844,0.9996793270111084,0.48963990807533264,0.35920819640159607,-0.06207224354147911,0.9991816282272339,0.5324980020523071,0.4399084746837616,0.08013758063316345,0.657980740070343,0.47284841537475586,0.4300664961338043,-0.17443020641803741,0.986791729927063,0.5498753786087036,0.46872028708457947,0.0011216617422178388,0.9010205268859863,0.4986273944377899,0.3395792543888092,-0.3008865416049957,0.990699291229248,0.5544465780258179,0.47803938388824463,-0.014390373602509499,0.858482301235199,0.5047126412391663,0.31127241253852844,-0.3323512375354767,0.9807981252670288,0.5543181300163269,0.4688158929347992,-0.033342763781547546,0.867133617401123,0.5048018097877502,0.30069535970687866,-0.3295581042766571,0.9793977737426758,0.5515363812446594,0.46656739711761475,-0.00898937601596117,0.8449855446815491,0.5040846467018127,0.314314603805542,-0.3019445836544037,0.9686335921287537,0.5293930172920227,0.5501829385757446,0.03871121630072594,0.9987032413482666,0.49760934710502625,0.5518651008605957,-0.03871779143810272,0.9982411861419678,0.5296619534492493,0.6970166563987732,0.02111813984811306,0.9358326196670532,0.4992840588092804,0.7036868333816528,-0.04475890100002289,0.9693777561187744,0.5262294411659241,0.8255881667137146,0.12041629105806351,0.9454070925712585,0.5007326006889343,0.839651882648468,0.039849333465099335,0.9639267325401306,0.520926296710968,0.8366920948028564,0.125040203332901,0.8810166120529175,0.4984830915927887,0.8521572351455688,0.043506279587745667,0.7712215781211853,0.5359845757484436,0.8721916079521179,0.044078435748815536,0.9468507170677185,0.5150650143623352,0.8844180107116699,-0.055630240589380264,0.9551032185554504
7633.3333333333085,0.5295212268829346,0.3011106550693512,-0.13650694489479065,0.9997891187667847,0.5304519534111023,0.28973519802093506,-0.12034023553133011,0.999748170375824,0.5318537354469299,0.29001155495643616,-0.12038962543010712,0.9996687173843384,0.5332419276237488,0.29021182656288147,-0.12042005360126495,0.9997027516365051,0.5248270630836487,0.28854697942733765,-0.13139913976192474,0.9996345043182373,0.5221436619758606,0.2880334258079529,-0.13140490651130676,0.9995813965797424,0.518917441368103,0.2874201536178589,-0.13141918182373047,0.999599039554596,0.5305938124656677,0.2945067286491394,-0.019297143444418907,0.9994512796401978,0.5101053714752197,0.29060304164886475,-0.06954772770404816,0.9994814395904541,0.5309715867042542,0.31322652101516724,-0.09709957987070084,0.9996917247772217,0.5232642292976379,0.3108390271663666,-0.11167705059051514,0.9996587038040161,0.5365102291107178,0.3633374869823456,0.05982451140880585,0.9996815919876099,0.4896267354488373,0.3592061996459961,-0.0642121359705925,0.999186635017395,0.5326228141784668,0.43785110116004944,0.07356972247362137,0.6594951152801514,0.4734047055244446,0.4301253855228424,-0.17988824844360352,0.9871119856834412,0.5498546361923218,0.46727418899536133,-0.00769491633400321,0.9036388993263245,0.4996255934238434,0.34316277503967285,-0.30325689911842346,0.9908848404884338,0.5544775724411011,0.4771410822868347,-0.02392508275806904,0.8619136214256287,0.5062758922576904,0.31612783670425415,-0.33459630608558655,0.9810348749160767,0.55430668592453,0.46880337595939636,-0.04175778850913048,0.8704245686531067,0.5066372156143188,0.30794355273246765,-0.33180543780326843,0.9795866012573242,0.5514851808547974,0.46653857827186584,-0.017358766868710518,0.8484662175178528,0.5052874684333801,0.3187809884548187,-0.30424609780311584,0.968783438205719,0.5293692350387573,0.550201952457428,0.039664093405008316,0.9987095594406128,0.49761173129081726,0.5519089102745056,-0.0396743081510067,0.998243510723114,0.5296591520309448,0.6969882249832153,0.02374638244509697,0.9343296885490417,0.49962732195854187,0.7034754157066345,-0.04486827179789543,0.9694873094558716,0.5262364745140076,0.8260091543197632,0.11981365829706192,0.9452927708625793,0.5007385015487671,0.8399443030357361,0.03821397200226784,0.9639058709144592,0.5209397673606873,0.8373968005180359,0.12411780655384064,0.8823337554931641,0.49837765097618103,0.8527529239654541,0.041720688343048096,0.7720636129379272,0.5363191366195679,0.8724348545074463,0.04401210695505142,0.94725102186203,0.5154799818992615,0.8844001293182373,-0.056435685604810715,0.9552921056747437
7666.6666666666415,0.5292905569076538,0.30084455013275146,-0.13471966981887817,0.9997952580451965,0.5300625562667847,0.2895554006099701,-0.11835523694753647,0.9997539520263672,0.5314615368843079,0.2897990047931671,-0.11839603632688522,0.9996758103370667,0.5328472852706909,0.2899727523326874,-0.1184132993221283,0.9997090697288513,0.5244289636611938,0.288451611995697,-0.13056902587413788,0.9996447563171387,0.5217580199241638,0.28797611594200134,-0.13057386875152588,0.9995933771133423,0.5185288786888123,0.28739649057388306,-0.13060133159160614,0.999609112739563,0.5301445722579956,0.2943638861179352,-0.01923545077443123,0.9994586706161499,0.5100690722465515,0.29062798619270325,-0.07001352310180664,0.9994934797286987,0.5308388471603394,0.3128417432308197,-0.09632957726716995,0.999695360660553,0.523107647895813,0.31057310104370117,-0.11117547005414963,0.9996622204780579,0.5360196828842163,0.3634342551231384,0.05983131378889084,0.9996767044067383,0.4898109436035156,0.35892990231513977,-0.06960394233465195,0.9992030262947083,0.5326130390167236,0.438146710395813,0.074099101126194,0.656099259853363,0.4737973213195801,0.4289849102497101,-0.18724560737609863,0.987617015838623,0.5496239066123962,0.467210978269577,-0.0019981192890554667,0.9032963514328003,0.5000284910202026,0.34275898337364197,-0.30559566617012024,0.9912077784538269,0.5544729232788086,0.476646363735199,-0.016265591606497765,0.8613109588623047,0.506794810295105,0.31609389185905457,-0.3364790380001068,0.9815351963043213,0.5542881488800049,0.46878355741500854,-0.033617325127124786,0.8699109554290771,0.5068751573562622,0.30782824754714966,-0.3330017626285553,0.9800633192062378,0.5513990521430969,0.466498464345932,-0.011364713311195374,0.8478580713272095,0.5056023001670837,0.31864771246910095,-0.30622872710227966,0.9693763852119446,0.5292496085166931,0.5502517223358154,0.040437448769807816,0.9987141489982605,0.49761268496513367,0.5519567131996155,-0.04044630005955696,0.998263955116272,0.529625415802002,0.6970010995864868,0.025202054530382156,0.9330949783325195,0.49970877170562744,0.7034845948219299,-0.0451866053044796,0.969480574131012,0.5262735486030579,0.8261038661003113,0.11889178305864334,0.9451949596405029,0.5008147954940796,0.8400570154190063,0.03659741207957268,0.9638689160346985,0.5210411548614502,0.8376627564430237,0.12301362305879593,0.8831202983856201,0.4983765184879303,0.8530257344245911,0.040039170533418655,0.7733095288276672,0.5365143418312073,0.8724365830421448,0.04334578663110733,0.94762122631073,0.5159498453140259,0.8843668699264526,-0.05720923840999603,0.9556466341018677
7699.9999999999745,0.528761625289917,0.3006354868412018,-0.1431504637002945,0.999805748462677,0.5295431017875671,0.28936079144477844,-0.12605255842208862,0.999765157699585,0.5310410857200623,0.28959450125694275,-0.12609919905662537,0.9996904134750366,0.5324903726577759,0.28975456953048706,-0.12611638009548187,0.9997208118438721,0.5236026644706726,0.2883146405220032,-0.13770495355129242,0.9996623396873474,0.5207511782646179,0.28786930441856384,-0.1377100944519043,0.9996137619018555,0.5174470543861389,0.28731539845466614,-0.13773801922798157,0.9996273517608643,0.5300379395484924,0.2942816913127899,-0.02357001230120659,0.9994795322418213,0.5096355080604553,0.29067501425743103,-0.07500426471233368,0.9995167851448059,0.5307006239891052,0.3126972019672394,-0.10333140939474106,0.9997028708457947,0.5227469205856323,0.31058403849601746,-0.11830733716487885,0.9996716380119324,0.5355075597763062,0.3635358512401581,0.059187330305576324,0.9996703267097473,0.49018505215644836,0.35854941606521606,-0.0726698487997055,0.9992123246192932,0.5324834585189819,0.43836820125579834,0.07594463974237442,0.6506699323654175,0.4740062952041626,0.4288765788078308,-0.19253626465797424,0.9879582524299622,0.5495719909667969,0.4670049548149109,0.003381537739187479,0.9019047617912292,0.5003313422203064,0.34327223896980286,-0.32352784276008606,0.991365373134613,0.5544807314872742,0.4762040972709656,-0.010379279032349586,0.8592434525489807,0.5074697732925415,0.3180714249610901,-0.3556356430053711,0.9817189574241638,0.5542725920677185,0.4687032997608185,-0.027656327933073044,0.8679587841033936,0.5074694156646729,0.3098016381263733,-0.35200873017311096,0.9802033305168152,0.5513867139816284,0.4663950502872467,-0.005900752265006304,0.8453969359397888,0.5060263872146606,0.32078343629837036,-0.32428959012031555,0.9694520235061646,0.5289434194564819,0.550274670124054,0.041125304996967316,0.9986736178398132,0.4976300001144409,0.5519381761550903,-0.041125841438770294,0.9982316493988037,0.5295522212982178,0.6964334845542908,0.026999318972229958,0.9305533170700073,0.500350832939148,0.7021082639694214,-0.04536880925297737,0.9693518280982971,0.5262142419815063,0.8260252475738525,0.11756373196840286,0.9445357918739319,0.5009740591049194,0.8400269746780396,0.03351154550909996,0.9637371897697449,0.5209748148918152,0.8376321792602539,0.12123505026102066,0.8838264346122742,0.4983455240726471,0.8531165719032288,0.03654058277606964,0.7759981751441956,0.5365650653839111,0.8719289302825928,0.04142499342560768,0.9476205706596375,0.5165044665336609,0.8840150833129883,-0.06101549044251442,0.9557479619979858
7733.333333333308,0.5278956294059753,0.2996920049190521,-0.13140515983104706,0.9998072385787964,0.5287817120552063,0.2890142798423767,-0.11521483957767487,0.9997650384902954,0.5303161144256592,0.2892850935459137,-0.11525478214025497,0.9996901750564575,0.5317831635475159,0.2894691228866577,-0.11526741087436676,0.9997203946113586,0.5228424072265625,0.28787147998809814,-0.12766140699386597,0.9996656179428101,0.5199903845787048,0.2874137759208679,-0.12767401337623596,0.9996187090873718,0.5168532133102417,0.28690090775489807,-0.12772107124328613,0.9996315836906433,0.5293613076210022,0.2939554750919342,-0.018382113426923752,0.9994745254516602,0.5094906091690063,0.2906978726387024,-0.07313068956136703,0.9995226263999939,0.5298163294792175,0.3115461766719818,-0.09358194470405579,0.9996992945671082,0.5217652916908264,0.30941295623779297,-0.10960779339075089,0.9996692538261414,0.5349532961845398,0.3634944260120392,0.06255596876144409,0.9996634721755981,0.4902973473072052,0.35830065608024597,-0.07272914797067642,0.9992367029190063,0.5322429537773132,0.43793073296546936,0.08118383586406708,0.6493633389472961,0.4740217626094818,0.42818236351013184,-0.19377519190311432,0.9887146353721619,0.5494546890258789,0.466940701007843,0.012072850950062275,0.9017145037651062,0.5008024573326111,0.34262344241142273,-0.31506791710853577,0.9918848872184753,0.5544642806053162,0.4762764871120453,-0.0013340782606974244,0.8586611151695251,0.5086134672164917,0.31763190031051636,-0.34662696719169617,0.9826292395591736,0.55425626039505,0.46872079372406006,-0.019576292484998703,0.8674623966217041,0.5083189606666565,0.3093062937259674,-0.3425707519054413,0.9811378717422485,0.551376461982727,0.4664044976234436,0.0023375111632049084,0.8447255492210388,0.5064436197280884,0.31874793767929077,-0.31545665860176086,0.9707580208778381,0.5287990570068359,0.5500710606575012,0.041623592376708984,0.9986705780029297,0.49763110280036926,0.5512748956680298,-0.04161651059985161,0.9982559084892273,0.5294755101203918,0.6959837675094604,0.025437144562602043,0.929212749004364,0.5006062984466553,0.7013565897941589,-0.048310406506061554,0.9690753817558289,0.5261160731315613,0.8260271549224854,0.11147741973400116,0.943571150302887,0.5011895895004272,0.8401028513908386,0.026570629328489304,0.963426411151886,0.5208426713943481,0.8377067446708679,0.11506185680627823,0.8830413818359375,0.49834856390953064,0.8534300923347473,0.02938939444720745,0.7770558595657349,0.5365586876869202,0.8718351125717163,0.03607404604554176,0.9473230242729187,0.5167422890663147,0.8839116096496582,-0.06724942475557327,0.9559150338172913
7766.666666666641,0.5279195308685303,0.2997805178165436,-0.12718047201633453,0.9998088479042053,0.528796911239624,0.28933268785476685,-0.11122381687164307,0.9997634887695312,0.5303165912628174,0.28960978984832764,-0.1112566664814949,0.9996871948242188,0.5317607522010803,0.2897929251194,-0.11126364767551422,0.9997169971466064,0.5228692889213562,0.28807657957077026,-0.12445040792226791,0.9996697306632996,0.5200204253196716,0.28756386041641235,-0.12446289509534836,0.9996245503425598,0.5168861746788025,0.28700560331344604,-0.12451034039258957,0.9996374249458313,0.5291796922683716,0.2941204905509949,-0.016616038978099823,0.9994654655456543,0.5094902515411377,0.29100117087364197,-0.0729215145111084,0.9995302557945251,0.5297499895095825,0.31157568097114563,-0.09014702588319778,0.9996944665908813,0.5217466950416565,0.3094407916069031,-0.10730042308568954,0.9996686577796936,0.5345079898834229,0.3639185428619385,0.06265097111463547,0.9996534585952759,0.4902409017086029,0.35836341977119446,-0.0750875398516655,0.9992639422416687,0.5319583415985107,0.43788108229637146,0.09056305140256882,0.649841845035553,0.47402045130729675,0.42777225375175476,-0.19283443689346313,0.9894627332687378,0.5492187738418579,0.4668886363506317,0.03302851691842079,0.9011328816413879,0.5009239912033081,0.3426574170589447,-0.31100842356681824,0.9924289584159851,0.5544375777244568,0.4763554334640503,0.0217596422880888,0.8571459650993347,0.5088537335395813,0.31767842173576355,-0.343974769115448,0.9836366772651672,0.5542446970939636,0.46873995661735535,0.0032677724957466125,0.8660991191864014,0.5085470080375671,0.30933839082717896,-0.34174075722694397,0.9822000861167908,0.5513707399368286,0.46642836928367615,0.023488203063607216,0.8435952663421631,0.5066807866096497,0.3188122510910034,-0.3123636841773987,0.9722899198532104,0.5287388563156128,0.5500897169113159,0.04160120338201523,0.9986603260040283,0.4976423978805542,0.551298975944519,-0.04159381240606308,0.9982737302780151,0.5294678211212158,0.695952832698822,0.025071175768971443,0.9287052154541016,0.5006266236305237,0.7014263868331909,-0.04835095629096031,0.9684758186340332,0.5260751247406006,0.8260118365287781,0.11247112601995468,0.9429794549942017,0.5013400316238403,0.8401164412498474,0.028743892908096313,0.9628905057907104,0.5208068490028381,0.8377165198326111,0.11633585393428802,0.8823935389518738,0.4984200894832611,0.8535014390945435,0.03185494244098663,0.7771158814430237,0.5364806652069092,0.8718805313110352,0.03720850124955177,0.9471400380134583,0.5166409611701965,0.8836434483528137,-0.06466859579086304,0.95586758852005
7799.999999999974,0.52874356508255,0.30134063959121704,-0.12545190751552582,0.9998002648353577,0.5290691256523132,0.2906593680381775,-0.10917159914970398,0.9997445344924927,0.5304411053657532,0.2908214032649994,-0.10920163244009018,0.9996609687805176,0.5317932367324829,0.29090800881385803,-0.10921164602041245,0.9996917247772217,0.5234130620956421,0.28931036591529846,-0.12378933280706406,0.9996581077575684,0.5206279158592224,0.28869935870170593,-0.1238032802939415,0.9996144771575928,0.5175045728683472,0.28806644678115845,-0.12385094165802002,0.9996273517608643,0.5286273956298828,0.29458847641944885,-0.015812383964657784,0.9994150996208191,0.5096443295478821,0.29192087054252625,-0.0793180838227272,0.9995149374008179,0.5299692749977112,0.31318315863609314,-0.08889982104301453,0.9996660947799683,0.5222507119178772,0.31167688965797424,-0.107298843562603,0.9996465444564819,0.5340223908424377,0.3642832934856415,0.06288179010152817,0.9996334314346313,0.4901583790779114,0.35917559266090393,-0.08709751069545746,0.9992724061012268,0.5317955613136292,0.4373146593570709,0.10802783071994781,0.6521944999694824,0.4740328788757324,0.42697492241859436,-0.20650038123130798,0.9901726245880127,0.5490907430648804,0.46676352620124817,0.07488824427127838,0.8987504243850708,0.5017974972724915,0.342043936252594,-0.3147830069065094,0.9929441213607788,0.5544318556785583,0.4764041006565094,0.06819173693656921,0.8522810339927673,0.5101414918899536,0.3175731301307678,-0.3448294401168823,0.9846119284629822,0.5542477369308472,0.468752384185791,0.04983414337038994,0.861627995967865,0.5099448561668396,0.30922478437423706,-0.34048712253570557,0.9832338690757751,0.551360547542572,0.46643468737602234,0.06600046902894974,0.839433491230011,0.5077361464500427,0.31766870617866516,-0.3146136701107025,0.973768413066864,0.5286763310432434,0.5503922700881958,0.043190814554691315,0.9985986351966858,0.4977017045021057,0.5516546964645386,-0.04317852109670639,0.998227059841156,0.5294341444969177,0.6956081986427307,0.025043295696377754,0.926615834236145,0.5009559988975525,0.7008349895477295,-0.0497334823012352,0.9666227102279663,0.5258678197860718,0.8259439468383789,0.11096078902482986,0.9410586953163147,0.5017739534378052,0.8397909998893738,0.024854235351085663,0.961439847946167,0.5204212069511414,0.8377023935317993,0.11449866741895676,0.8809099197387695,0.49855443835258484,0.8533355593681335,0.027781853452324867,0.7771533727645874,0.5362065434455872,0.8716990351676941,0.037494707852602005,0.9458816647529602,0.5166693925857544,0.8830967545509338,-0.06549201905727386,0.9550309181213379
7833.333333333307,0.5291091203689575,0.30208060145378113,-0.13132894039154053,0.9997947812080383,0.5292571187019348,0.2910291850566864,-0.11479298025369644,0.9997320771217346,0.5305644273757935,0.29117700457572937,-0.11482628434896469,0.9996439218521118,0.5318629741668701,0.2912680208683014,-0.11483950912952423,0.9996738433837891,0.5236541032791138,0.2896784245967865,-0.12963400781154633,0.999650239944458,0.520897626876831,0.2890546917915344,-0.1296466886997223,0.9996073246002197,0.5177381634712219,0.2884063422679901,-0.12968870997428894,0.9996190667152405,0.5285261273384094,0.2949419319629669,-0.019454939290881157,0.9993826150894165,0.5096670389175415,0.29239121079444885,-0.08389973640441895,0.9995036125183105,0.530171275138855,0.3142011761665344,-0.09407313913106918,0.9996455311775208,0.522642195224762,0.31306302547454834,-0.1130024716258049,0.9996299743652344,0.5337572693824768,0.3648449778556824,0.060317229479551315,0.9996161460876465,0.48994651436805725,0.35959887504577637,-0.08764013648033142,0.9992706775665283,0.5315438508987427,0.4374045431613922,0.0994390994310379,0.6516100764274597,0.47407907247543335,0.4269506633281708,-0.20618127286434174,0.9906856417655945,0.5490105152130127,0.4667019844055176,0.05142231285572052,0.896668553352356,0.5017660856246948,0.34223923087120056,-0.3195357918739319,0.9932944774627686,0.5544291138648987,0.4764529764652252,0.041882872581481934,0.848683774471283,0.5099517107009888,0.31842562556266785,-0.3495314419269562,0.9852418899536133,0.5542527437210083,0.4687552750110626,0.024018680676817894,0.8582740426063538,0.5098839402198792,0.3097837567329407,-0.34501832723617554,0.9838902950286865,0.5513540506362915,0.46643659472465515,0.04241451248526573,0.836031436920166,0.5077622532844543,0.3183363676071167,-0.31938281655311584,0.9746494293212891,0.5286002159118652,0.5508807301521301,0.04318176209926605,0.9985240697860718,0.4977097809314728,0.5523650646209717,-0.04316660016775131,0.9981553554534912,0.5294250845909119,0.695472002029419,0.025154560804367065,0.9245386719703674,0.5010950565338135,0.7008065581321716,-0.04958420619368553,0.965356707572937,0.5256528258323669,0.8258119225502014,0.11149332672357559,0.9392914772033691,0.501937210559845,0.8396152257919312,0.026468196883797646,0.9602051973342896,0.5200623273849487,0.8376867175102234,0.11506474018096924,0.8796874284744263,0.4986388385295868,0.8533222079277039,0.02945353277027607,0.7768784165382385,0.5360175967216492,0.8714839220046997,0.03804333135485649,0.9446861743927002,0.5166752338409424,0.8828374743461609,-0.06437626481056213,0.9540623426437378
7866.66666666664,0.5296222567558289,0.302855521440506,-0.1389542520046234,0.9997859001159668,0.5295357704162598,0.2912592589855194,-0.12222824990749359,0.9997138977050781,0.5307662487030029,0.29138919711112976,-0.12226789444684982,0.9996199011802673,0.531991720199585,0.2914769947528839,-0.12228703498840332,0.9996492266654968,0.5239874124526978,0.28998470306396484,-0.13713552057743073,0.9996361136436462,0.5212203860282898,0.2893930971622467,-0.1371486485004425,0.9995932579040527,0.5180079340934753,0.2887863218784332,-0.13718928396701813,0.9996038675308228,0.528315544128418,0.2952471673488617,-0.024755358695983887,0.9993340969085693,0.5096633434295654,0.29308778047561646,-0.09080538898706436,0.9994815587997437,0.5304779410362244,0.3153306543827057,-0.10091908276081085,0.9996181130409241,0.5231989026069641,0.31457826495170593,-0.12021341919898987,0.9996074438095093,0.5334259867668152,0.365534245967865,0.05692315474152565,0.999595046043396,0.48946017026901245,0.36053699254989624,-0.09177228063344955,0.999254584312439,0.5309127569198608,0.4378328323364258,0.09692652523517609,0.6477397084236145,0.4739477038383484,0.42702755331993103,-0.20886339247226715,0.9910008311271667,0.5489509105682373,0.466724157333374,0.049306441098451614,0.8916035294532776,0.5015270113945007,0.34365034103393555,-0.32535412907600403,0.9934502243995667,0.5544252395629883,0.476494163274765,0.03964971750974655,0.8414614200592041,0.5093699097633362,0.3205142319202423,-0.3560224771499634,0.9854700565338135,0.554279625415802,0.46875321865081787,0.02157599665224552,0.8514716625213623,0.5093497633934021,0.31153804063796997,-0.35196158289909363,0.9841037392616272,0.5513632893562317,0.4664413630962372,0.04016390070319176,0.8290707468986511,0.5073977708816528,0.3204837739467621,-0.32554885745048523,0.9748362898826599,0.5284872651100159,0.5522069334983826,0.043768927454948425,0.9984370470046997,0.49769094586372375,0.5540258288383484,-0.04375223442912102,0.9980510473251343,0.5294225215911865,0.6955025792121887,0.02952350303530693,0.9228221774101257,0.5010926723480225,0.7008190751075745,-0.04850458726286888,0.9643307328224182,0.5255315899848938,0.8257989287376404,0.12139888107776642,0.9380047917366028,0.5019339323043823,0.8395774364471436,0.032381948083639145,0.9593863487243652,0.5198830962181091,0.8377187252044678,0.12544628977775574,0.8789035081863403,0.49863573908805847,0.8533273935317993,0.03589789941906929,0.7773308753967285,0.5359798669815063,0.8714704513549805,0.04812561720609665,0.9437381029129028,0.5166656970977783,0.8827586770057678,-0.05811872333288193,0.9533663988113403
7899.999999999973,0.5296015739440918,0.3031056523323059,-0.1472305804491043,0.9997889995574951,0.5294991135597229,0.2913156747817993,-0.13027164340019226,0.9997135400772095,0.5307362079620361,0.2914464771747589,-0.13031314313411713,0.999618649482727,0.5319627523422241,0.2915418744087219,-0.1303284466266632,0.9996451735496521,0.5239042639732361,0.2900525629520416,-0.1442514806985855,0.9996415972709656,0.5211124420166016,0.2894696295261383,-0.1442633420228958,0.9995999336242676,0.5178393125534058,0.28886696696281433,-0.14430218935012817,0.9996100664138794,0.5282143354415894,0.29557642340660095,-0.029987193644046783,0.9993187785148621,0.509383499622345,0.29345840215682983,-0.09293007105588913,0.9994864463806152,0.5304774641990662,0.3157859742641449,-0.10816029459238052,0.9996082186698914,0.5231666564941406,0.31498029828071594,-0.1264272779226303,0.9996058344841003,0.5333967804908752,0.36589494347572327,0.05487048998475075,0.9995750784873962,0.4891587793827057,0.36144039034843445,-0.09046188741922379,0.999255895614624,0.5305284857749939,0.4385654926300049,0.09577196091413498,0.6402860283851624,0.47302886843681335,0.4287004768848419,-0.20815883576869965,0.9913017749786377,0.5488423109054565,0.46679437160491943,0.04496610164642334,0.8875431418418884,0.50096195936203,0.3464790880680084,-0.335157573223114,0.9936383962631226,0.5544210076332092,0.4766571521759033,0.03470132127404213,0.836110532283783,0.5089800953865051,0.32335758209228516,-0.36702972650527954,0.9857974052429199,0.5543052554130554,0.46875879168510437,0.016533982008695602,0.8463239073753357,0.5091767311096191,0.31567540764808655,-0.3628990054130554,0.9844282865524292,0.551365315914154,0.46647047996520996,0.035733044147491455,0.8234782814979553,0.5070735812187195,0.32445603609085083,-0.33545276522636414,0.9752040505409241,0.5284545421600342,0.5531758069992065,0.04414135590195656,0.9983377456665039,0.4977003335952759,0.5553110837936401,-0.04413070157170296,0.9979459047317505,0.5294203162193298,0.6955288648605347,0.0346786268055439,0.9211630821228027,0.501171350479126,0.7008598446846008,-0.046598318964242935,0.9640129804611206,0.5255165100097656,0.8257577419281006,0.12902003526687622,0.9373732805252075,0.5019247531890869,0.8395693302154541,0.03704863041639328,0.959345817565918,0.5198667049407959,0.8377107381820679,0.13326241075992584,0.8791989088058472,0.4985378086566925,0.853434145450592,0.0407123789191246,0.7797885537147522,0.5360080003738403,0.8712752461433411,0.05555671453475952,0.9435114860534668,0.5167425870895386,0.882757306098938,-0.054773684591054916,0.9533294439315796
7933.333333333306,0.5293022394180298,0.3034285604953766,-0.1515456587076187,0.9997949004173279,0.5294357538223267,0.29157939553260803,-0.1345096081495285,0.9997171759605408,0.5307046175003052,0.2917362153530121,-0.13455495238304138,0.9996225833892822,0.531948983669281,0.29186761379241943,-0.13456900417804718,0.9996456503868103,0.5237116813659668,0.29020392894744873,-0.14693211019039154,0.9996496438980103,0.5208314657211304,0.28956878185272217,-0.1469375640153885,0.9996089339256287,0.5174301862716675,0.288907527923584,-0.14696912467479706,0.9996182322502136,0.5282368659973145,0.29611265659332275,-0.032602690160274506,0.9993137121200562,0.5088627934455872,0.29348936676979065,-0.08990281075239182,0.9994921684265137,0.5303347110748291,0.31621599197387695,-0.11189436167478561,0.9995999336242676,0.522847056388855,0.3152591586112976,-0.12823982536792755,0.9996054768562317,0.5334196090698242,0.36592453718185425,0.052315566688776016,0.9995617866516113,0.4885444939136505,0.36195385456085205,-0.08981142193078995,0.99925297498703,0.53035569190979,0.4388370215892792,0.09460592269897461,0.6347713470458984,0.4714425802230835,0.43307358026504517,-0.20569898188114166,0.991389274597168,0.5487740635871887,0.46687477827072144,0.040857620537281036,0.8857951760292053,0.4997846782207489,0.3492546081542969,-0.3314281105995178,0.99367755651474,0.5544242858886719,0.47684693336486816,0.03010072372853756,0.8336295485496521,0.5067271590232849,0.3277502655982971,-0.3630300760269165,0.985821545124054,0.5543662309646606,0.46876582503318787,0.01211798470467329,0.843876302242279,0.5071949362754822,0.3210696876049042,-0.3592487871646881,0.9844309091567993,0.5513789653778076,0.4665069878101349,0.03171006590127945,0.8205184936523438,0.5051119923591614,0.3297714293003082,-0.33189070224761963,0.9751136898994446,0.52841717004776,0.5533795356750488,0.0437147282063961,0.9982061386108398,0.4977119266986847,0.5558986663818359,-0.04370876029133797,0.9977866411209106,0.5294151902198792,0.6954556107521057,0.03342132642865181,0.9176294207572937,0.5014264583587646,0.7008574604988098,-0.04461463540792465,0.962816059589386,0.5255042314529419,0.8257508277893066,0.12703220546245575,0.935513973236084,0.5021017789840698,0.8395441174507141,0.03877723962068558,0.958218514919281,0.5198542475700378,0.8377390503883362,0.13125768303871155,0.8784514665603638,0.49858006834983826,0.8534780740737915,0.04234040901064873,0.7802204489707947,0.5360651612281799,0.8711380362510681,0.0532560721039772,0.9423620700836182,0.5168790221214294,0.8826780319213867,-0.05337964743375778,0.9519956111907959
7966.666666666639,0.5294507145881653,0.30427783727645874,-0.14832109212875366,0.9997990727424622,0.5295472741127014,0.29221946001052856,-0.13149870932102203,0.9997196793556213,0.5307677388191223,0.2923409044742584,-0.1315421164035797,0.9996248483657837,0.5319782495498657,0.29244476556777954,-0.13155297935009003,0.9996451735496521,0.5239743590354919,0.2908114492893219,-0.14434146881103516,0.9996562004089355,0.5211375951766968,0.29013532400131226,-0.14434713125228882,0.9996155500411987,0.5177412629127502,0.28940626978874207,-0.14437898993492126,0.9996235370635986,0.5282317399978638,0.29658034443855286,-0.0306239053606987,0.999308705329895,0.5088673233985901,0.29376542568206787,-0.08922650665044785,0.9994984865188599,0.5303728580474854,0.3168007433414459,-0.10899310559034348,0.9995936751365662,0.522996187210083,0.31602612137794495,-0.1258707493543625,0.9996054768562317,0.5334362387657166,0.3658836781978607,0.052820779383182526,0.9995661377906799,0.488068550825119,0.3621806204319,-0.08936246484518051,0.9992648363113403,0.5303753018379211,0.43895965814590454,0.09433385729789734,0.636301577091217,0.46991002559661865,0.4370630383491516,-0.1967737227678299,0.9915680289268494,0.54871666431427,0.4668792188167572,0.03974880278110504,0.8881223797798157,0.49777379631996155,0.3508238196372986,-0.3306903839111328,0.9938357472419739,0.5544537305831909,0.47688570618629456,0.028726857155561447,0.8365115523338318,0.5032369494438171,0.3290604054927826,-0.3607237637042999,0.9860926866531372,0.5544740557670593,0.4687294065952301,0.011486702598631382,0.846635639667511,0.50404292345047,0.32304996252059937,-0.3583438992500305,0.984717845916748,0.5514093637466431,0.4664899706840515,0.030697567388415337,0.823498010635376,0.502581000328064,0.3319073021411896,-0.33154648542404175,0.975492537021637,0.5284175276756287,0.5533689260482788,0.04362480714917183,0.9981461763381958,0.49771350622177124,0.5561025142669678,-0.04361904039978981,0.9977091550827026,0.5294132232666016,0.6954590678215027,0.03501290827989578,0.9160010814666748,0.5014234781265259,0.7008807063102722,-0.0439247265458107,0.9621193408966064,0.5254941582679749,0.8257439732551575,0.12887603044509888,0.9345323443412781,0.5020985007286072,0.8395417332649231,0.04047577083110809,0.9575097560882568,0.5198568105697632,0.8377614617347717,0.13307030498981476,0.8786265254020691,0.49856412410736084,0.8534926772117615,0.04415260627865791,0.7808080315589905,0.5360656976699829,0.8711298108100891,0.0557582788169384,0.94178706407547,0.5168756246566772,0.882647693157196,-0.05136740952730179,0.9512639045715332
7999.999999999972,0.5294480919837952,0.3049750030040741,-0.14692836999893188,0.9998073577880859,0.5296034812927246,0.2928236722946167,-0.13002879917621613,0.9997285008430481,0.5308316349983215,0.292934775352478,-0.1300685852766037,0.9996352195739746,0.5320500135421753,0.29304397106170654,-0.13007648289203644,0.999653160572052,0.5240373611450195,0.2913374900817871,-0.14287136495113373,0.9996697306632996,0.5212385058403015,0.2906075716018677,-0.14287728071212769,0.9996305704116821,0.5178937315940857,0.2898394465446472,-0.14290650188922882,0.9996379613876343,0.5282541513442993,0.29718494415283203,-0.02957412227988243,0.9993178844451904,0.5088726282119751,0.2941615879535675,-0.08816743642091751,0.9995152950286865,0.5303609371185303,0.31732413172721863,-0.10786847770214081,0.9995981454849243,0.5229805707931519,0.3165123164653778,-0.12476730346679688,0.9996150135993958,0.5334603786468506,0.3658803701400757,0.0527583546936512,0.9995741844177246,0.4876595139503479,0.3629959523677826,-0.08715067058801651,0.9992856383323669,0.5304071307182312,0.43911877274513245,0.09697271138429642,0.6396799683570862,0.46902674436569214,0.4378807544708252,-0.1916908323764801,0.991912841796875,0.5487431883811951,0.46693265438079834,0.04429149255156517,0.8906683325767517,0.4965744912624359,0.3504803776741028,-0.32219892740249634,0.9941193461418152,0.5547120571136475,0.47689560055732727,0.03398623317480087,0.8394097685813904,0.5014941096305847,0.3289412558078766,-0.3515816032886505,0.9866228103637695,0.5548478364944458,0.46870502829551697,0.015666121616959572,0.8494130373001099,0.5026435256004333,0.3227204382419586,-0.3491155803203583,0.9852879047393799,0.5517116785049438,0.46649035811424255,0.03516058251261711,0.8266700506210327,0.5015827417373657,0.3310045599937439,-0.32285600900650024,0.9763306379318237,0.5284246802330017,0.553583562374115,0.04355631023645401,0.9981553554534912,0.4977218806743622,0.5567414164543152,-0.04355072230100632,0.9977056980133057,0.5294139981269836,0.6960075497627258,0.03403535857796669,0.9150497913360596,0.5013402700424194,0.7009239196777344,-0.04384637251496315,0.9616742134094238,0.525486946105957,0.8258900046348572,0.12819145619869232,0.934273362159729,0.5014510154724121,0.8394225239753723,0.04177553579211235,0.9570652842521667,0.5198594927787781,0.8380486369132996,0.13245350122451782,0.8789840936660767,0.4980235993862152,0.8533668518066406,0.04566971957683563,0.7804194688796997,0.5360621213912964,0.8722575902938843,0.05508694425225258,0.9418049454689026,0.5159776210784912,0.8823599815368652,-0.04933711513876915,0.9510098695755005
8033.333333333305,0.5294967293739319,0.30603915452957153,-0.14603090286254883,0.9998148679733276,0.5297724008560181,0.29369398951530457,-0.1291791796684265,0.9997372627258301,0.5310016870498657,0.293744832277298,-0.12921924889087677,0.9996456503868103,0.5322104096412659,0.2938019931316376,-0.12922672927379608,0.9996616244316101,0.5242544412612915,0.2922307848930359,-0.1417943388223648,0.9996818900108337,0.5214979648590088,0.291485071182251,-0.14179955422878265,0.9996433258056641,0.5182229280471802,0.29072174429893494,-0.1418270468711853,0.9996501803398132,0.5282863974571228,0.29783767461776733,-0.028927121311426163,0.9993284344673157,0.5088940858840942,0.29511576890945435,-0.08777432888746262,0.9995291233062744,0.5303819179534912,0.3181232810020447,-0.10708911716938019,0.9996011853218079,0.5230293869972229,0.3174659013748169,-0.12372234463691711,0.9996228814125061,0.5334734320640564,0.3660860061645508,0.051976513117551804,0.9995797872543335,0.4874471127986908,0.36452317237854004,-0.07805266231298447,0.9992979168891907,0.5304332375526428,0.4401033818721771,0.09361912310123444,0.6414619088172913,0.46802619099617004,0.439195454120636,-0.18469484150409698,0.992123007774353,0.548823356628418,0.4670039415359497,0.03205616772174835,0.8940854668617249,0.4955514073371887,0.35114672780036926,-0.3160899579524994,0.9942979216575623,0.5549728274345398,0.4768705666065216,0.02004842646420002,0.8438848853111267,0.5000561475753784,0.32851800322532654,-0.3457345962524414,0.9869329929351807,0.5551624894142151,0.46863576769828796,0.0017656718846410513,0.8536468148231506,0.5015448331832886,0.3219188451766968,-0.3430529832839966,0.9856191277503967,0.5519785284996033,0.4664706289768219,0.022867649793624878,0.8312035799026489,0.5007346868515015,0.33083903789520264,-0.31677037477493286,0.9768247008323669,0.5284470915794373,0.5538704991340637,0.04303266853094101,0.9981368184089661,0.49774613976478577,0.5574823617935181,-0.04303722083568573,0.9976803064346313,0.5294125080108643,0.6965087056159973,0.03438755124807358,0.9132325649261475,0.5013135075569153,0.7010509371757507,-0.04243682324886322,0.9611478447914124,0.5254525542259216,0.8260025382041931,0.1278611421585083,0.9332924485206604,0.5012789964675903,0.8394237756729126,0.04278828576207161,0.9563424587249756,0.5198547840118408,0.8380841016769409,0.13210514187812805,0.8786967396736145,0.49787214398384094,0.8533310890197754,0.04663852974772453,0.7793859839439392,0.5360298752784729,0.8724468946456909,0.055410947650671005,0.9412212371826172,0.5154732465744019,0.8822896480560303,-0.04794354736804962,0.9502067565917969
8066.666666666638,0.5297349691390991,0.30694323778152466,-0.14200706779956818,0.999821662902832,0.5301600098609924,0.2945386469364166,-0.12520557641983032,0.9997459053993225,0.531370222568512,0.29457247257232666,-0.1252438724040985,0.9996564388275146,0.5325259566307068,0.2946036458015442,-0.12524352967739105,0.999671459197998,0.5247054696083069,0.2930907905101776,-0.13743583858013153,0.9996935129165649,0.5219613313674927,0.29232215881347656,-0.13743829727172852,0.9996554851531982,0.518764078617096,0.2915513515472412,-0.13745665550231934,0.999661922454834,0.5283886790275574,0.29844120144844055,-0.026070598512887955,0.999340295791626,0.5090968012809753,0.29588940739631653,-0.08329617977142334,0.9995434284210205,0.5305304527282715,0.3187718093395233,-0.10373901575803757,0.9996079802513123,0.5232110619544983,0.3182593882083893,-0.1200179010629654,0.9996333122253418,0.5335255265235901,0.3661234378814697,0.05168161541223526,0.9995916485786438,0.48707714676856995,0.3660238981246948,-0.06978776305913925,0.9993104934692383,0.5311516523361206,0.44002246856689453,0.08326200395822525,0.6481575965881348,0.46689456701278687,0.4403550326824188,-0.1748204082250595,0.9923269152641296,0.5492470860481262,0.4670102298259735,0.009865717962384224,0.8991442918777466,0.49436745047569275,0.3530982434749603,-0.2977938652038574,0.9944597482681274,0.5553038120269775,0.4767020344734192,-0.004735881928354502,0.8508164882659912,0.49895206093788147,0.33021080493927,-0.3270845413208008,0.9872127771377563,0.5553617477416992,0.46846216917037964,-0.02287709340453148,0.860203206539154,0.5005759000778198,0.32360008358955383,-0.32499638199806213,0.9859246611595154,0.5522103905677795,0.4663549065589905,0.00043816881952807307,0.8385005593299866,0.4999117851257324,0.3338361382484436,-0.29861482977867126,0.9772979021072388,0.5284623503684998,0.5540693998336792,0.04236506670713425,0.9981635212898254,0.4977477788925171,0.5582160949707031,-0.04238239675760269,0.9977048635482788,0.5294139385223389,0.6974014043807983,0.035463444888591766,0.913414478302002,0.5010610222816467,0.7019802331924438,-0.04124195873737335,0.9614834785461426,0.5254747867584229,0.8261229991912842,0.12920771539211273,0.9338637590408325,0.5011858344078064,0.8395802974700928,0.044424090534448624,0.9563891291618347,0.5199291110038757,0.8380882143974304,0.13353556394577026,0.879903256893158,0.49786898493766785,0.8533490300178528,0.048366978764534,0.7781887650489807,0.5360469818115234,0.8728386163711548,0.0570584200322628,0.9416621327400208,0.5152931213378906,0.8824202418327332,-0.04633205011487007,0.9500242471694946
8099.999999999971,0.5300825238227844,0.30688151717185974,-0.14016017317771912,0.999828040599823,0.5304526686668396,0.29449984431266785,-0.1232665404677391,0.9997537136077881,0.5316528677940369,0.2945403456687927,-0.12330249696969986,0.9996662139892578,0.5327718257904053,0.2945825755596161,-0.12329937517642975,0.9996798634529114,0.5251003503799438,0.2930634915828705,-0.13563235104084015,0.9997045993804932,0.5224118828773499,0.29231157898902893,-0.13563483953475952,0.9996674656867981,0.519353985786438,0.29156580567359924,-0.135652095079422,0.9996735453605652,0.5284265875816345,0.29850175976753235,-0.024885373190045357,0.9993506073951721,0.5094982981681824,0.29608431458473206,-0.08245190232992172,0.9995583295822144,0.5308718085289001,0.31876128911972046,-0.10231751948595047,0.9996132850646973,0.5235894918441772,0.3182627558708191,-0.11876135319471359,0.9996435642242432,0.5336345434188843,0.36629992723464966,0.05160795897245407,0.999600350856781,0.4869626462459564,0.36661502718925476,-0.06989501416683197,0.9993281364440918,0.5312688946723938,0.44003796577453613,0.08407764881849289,0.6530613899230957,0.46570321917533875,0.440563827753067,-0.17603586614131927,0.992615282535553,0.5493437051773071,0.46700724959373474,0.015222481451928616,0.9031737446784973,0.49387067556381226,0.3532430827617645,-0.29749202728271484,0.9946737289428711,0.5554502606391907,0.4764529764652252,0.001734451507218182,0.8562843799591064,0.4986182749271393,0.33038774132728577,-0.3266681432723999,0.9876093864440918,0.5554267764091492,0.4682545065879822,-0.016527246683835983,0.865378201007843,0.5001641511917114,0.32384949922561646,-0.32381555438041687,0.9863561391830444,0.5522746443748474,0.46619296073913574,0.005823641549795866,0.8443149924278259,0.49946582317352295,0.33358877897262573,-0.2979370057582855,0.977969229221344,0.5284457802772522,0.5543105006217957,0.04224832355976105,0.9981737732887268,0.497744083404541,0.5586689114570618,-0.04226917028427124,0.9977184534072876,0.5293810367584229,0.6978429555892944,0.03642594814300537,0.9123393297195435,0.5009531378746033,0.7024080157279968,-0.040991030633449554,0.9613674283027649,0.5254729390144348,0.8262984156608582,0.12998712062835693,0.9333940148353577,0.5011609792709351,0.8398981690406799,0.04430196434259415,0.955977737903595,0.5199316143989563,0.8381447792053223,0.13432100415229797,0.8799337148666382,0.49783676862716675,0.8534775376319885,0.0482470728456974,0.7771013379096985,0.5360526442527771,0.8731356263160706,0.05876946821808815,0.9413760304450989,0.5152441263198853,0.8825774788856506,-0.04587028920650482,0.9495134949684143
8133.333333333304,0.5303148031234741,0.30687546730041504,-0.1401832401752472,0.9998314380645752,0.530561625957489,0.29454243183135986,-0.12328945845365524,0.9997555613517761,0.5317155122756958,0.2946082651615143,-0.12332481890916824,0.9996672868728638,0.5327898859977722,0.2946835160255432,-0.12332090735435486,0.9996790289878845,0.5253544449806213,0.29311153292655945,-0.13579045236110687,0.9997109174728394,0.5227280259132385,0.29238876700401306,-0.1357930600643158,0.9996740818023682,0.5197855830192566,0.2916829288005829,-0.13581041991710663,0.9996799230575562,0.5282859206199646,0.2986539602279663,-0.02523094415664673,0.999340832233429,0.5098363757133484,0.296443909406662,-0.08453007787466049,0.9995648264884949,0.5309708118438721,0.3188081383705139,-0.10241865366697311,0.9996088743209839,0.5238423943519592,0.3183058500289917,-0.11920429021120071,0.9996472001075745,0.5336148142814636,0.3663501739501953,0.04946083202958107,0.9996051788330078,0.48662540316581726,0.3673071265220642,-0.0704464539885521,0.9993427395820618,0.5314028263092041,0.43992874026298523,0.08470822125673294,0.6578443646430969,0.4647817313671112,0.4421444237232208,-0.17883889377117157,0.9928708076477051,0.5494033098220825,0.4668762981891632,0.0183565653860569,0.9065606594085693,0.49347737431526184,0.3540070354938507,-0.30037248134613037,0.9948761463165283,0.5557178854942322,0.47600579261779785,0.006115793716162443,0.8607731461524963,0.4985295534133911,0.33102336525917053,-0.32946163415908813,0.988000214099884,0.5555742383003235,0.46807706356048584,-0.012302709743380547,0.8696336150169373,0.4999573826789856,0.32485637068748474,-0.326339453458786,0.986781120300293,0.5523656010627747,0.4660532474517822,0.009317531250417233,0.8491767644882202,0.49921494722366333,0.3345879018306732,-0.300667405128479,0.978608250617981,0.5284515619277954,0.5547593832015991,0.0421910285949707,0.9981569051742554,0.4977485239505768,0.5593692660331726,-0.042214274406433105,0.9976922869682312,0.5293383002281189,0.6983258724212646,0.03778626397252083,0.9098851084709167,0.5007272958755493,0.7029209733009338,-0.040314432233572006,0.960475504398346,0.5254076719284058,0.8266049027442932,0.1315494179725647,0.9317459464073181,0.5010811686515808,0.8401163220405579,0.045534659177064896,0.9548807740211487,0.519873321056366,0.838448166847229,0.13596363365650177,0.8791426420211792,0.49779564142227173,0.8536155223846436,0.049611691385507584,0.7756720185279846,0.5360499620437622,0.8736052513122559,0.06183375045657158,0.9402885437011719,0.5150216817855835,0.8825787305831909,-0.04321173205971718,0.9482840895652771
8166.666666666637,0.530505359172821,0.3071083128452301,-0.13781026005744934,0.9998349547386169,0.5308130383491516,0.29489949345588684,-0.1214386522769928,0.9997580647468567,0.5319362878799438,0.29504886269569397,-0.12147354334592819,0.9996702671051025,0.5329549312591553,0.2952054440975189,-0.1214689314365387,0.9996805191040039,0.5256792306900024,0.29332759976387024,-0.13378694653511047,0.9997155070304871,0.5231335759162903,0.2925677001476288,-0.13378921151161194,0.9996787309646606,0.5202636122703552,0.29184842109680176,-0.13380716741085052,0.9996846318244934,0.528313398361206,0.2991226017475128,-0.024897420778870583,0.9993377327919006,0.5103563070297241,0.2966143488883972,-0.08322906494140625,0.9995696544647217,0.53105229139328,0.3190677762031555,-0.10064072161912918,0.9996105432510376,0.5239989757537842,0.3185281753540039,-0.11720284074544907,0.9996544718742371,0.5336225032806396,0.36649903655052185,0.04858728498220444,0.9996165037155151,0.48633426427841187,0.36732208728790283,-0.06773592531681061,0.9993628859519958,0.5320102572441101,0.43991589546203613,0.07916846126317978,0.6658792495727539,0.4639856219291687,0.4426502585411072,-0.1708434373140335,0.9932008385658264,0.5496063232421875,0.4667150676250458,0.006224858108907938,0.9116236567497253,0.4931587874889374,0.35473498702049255,-0.2904181480407715,0.9951340556144714,0.5561404824256897,0.47550567984580994,-0.00809081457555294,0.8676915168762207,0.4987111985683441,0.33265602588653564,-0.31895333528518677,0.9885144233703613,0.5557116866111755,0.4679359197616577,-0.025452803820371628,0.8761008381843567,0.5001155734062195,0.3264312446117401,-0.3152928054332733,0.9873393177986145,0.5524778962135315,0.46590888500213623,-0.0027168309316039085,0.8563148379325867,0.499291330575943,0.3357432186603546,-0.2902131676673889,0.9794571995735168,0.5283954739570618,0.554942786693573,0.04015779122710228,0.9981476068496704,0.49767178297042847,0.5594509840011597,-0.0401759073138237,0.9976761937141418,0.5290979146957397,0.698422372341156,0.037248507142066956,0.9076505303382874,0.5002015829086304,0.7030029296875,-0.03874336928129196,0.9595892429351807,0.525140643119812,0.8266177177429199,0.13113082945346832,0.9291998147964478,0.5010131597518921,0.8400567770004272,0.04843812808394432,0.9530503153800964,0.5193035006523132,0.8384217619895935,0.13572467863559723,0.8767167925834656,0.49780353903770447,0.8532633781433105,0.05273677036166191,0.7718793749809265,0.535610556602478,0.8739182353019714,0.061475981026887894,0.9383903741836548,0.5143983364105225,0.8824453353881836,-0.03989430516958237,0.9461991786956787
8199.99999999997,0.530512273311615,0.3070952892303467,-0.13441108167171478,0.9998356699943542,0.5308312177658081,0.29490935802459717,-0.11856835335493088,0.9997568130493164,0.5319529175758362,0.2950761318206787,-0.11860325932502747,0.999668538570404,0.5329633355140686,0.2952594459056854,-0.11859803646802902,0.999678373336792,0.525696873664856,0.29333406686782837,-0.13074138760566711,0.9997150301933289,0.5231648087501526,0.29258760809898376,-0.13074347376823425,0.9996775984764099,0.5202783942222595,0.29189491271972656,-0.1307651698589325,0.9996843934059143,0.5283176898956299,0.299364298582077,-0.0235767625272274,0.9993260502815247,0.5103726983070374,0.2971159517765045,-0.08057356625795364,0.9995697140693665,0.531057596206665,0.3191435933113098,-0.09763608127832413,0.9996113777160645,0.5240020751953125,0.31857767701148987,-0.1139443889260292,0.9996609687805176,0.5338417291641235,0.36688148975372314,0.047921836376190186,0.9996263384819031,0.4856666922569275,0.36759811639785767,-0.06417974084615707,0.9993830323219299,0.5326322913169861,0.4400550425052643,0.0685482919216156,0.6726962924003601,0.46334072947502136,0.44302284717559814,-0.16559407114982605,0.993518054485321,0.5497249960899353,0.4667009115219116,-0.017211638391017914,0.9161790609359741,0.49321305751800537,0.3552807569503784,-0.2823261022567749,0.9953653216362,0.5563650131225586,0.4750981032848358,-0.03427523374557495,0.8740438222885132,0.4987822473049164,0.33470088243484497,-0.3108772337436676,0.9889544248580933,0.555817723274231,0.46772903203964233,-0.051039621233940125,0.8820411562919617,0.5001593828201294,0.32849305868148804,-0.3070898950099945,0.9878149032592773,0.5525562763214111,0.46575769782066345,-0.026395024731755257,0.862902820110321,0.4993700385093689,0.3370443284511566,-0.2819857895374298,0.9801827073097229,0.5283427834510803,0.5553126335144043,0.037649381905794144,0.9981727600097656,0.49731698632240295,0.5596811175346375,-0.037665899842977524,0.9977059960365295,0.5289299488067627,0.6987087726593018,0.0357104055583477,0.9078651666641235,0.49950119853019714,0.7032939195632935,-0.035709481686353683,0.9594523906707764,0.5251363515853882,0.8266113996505737,0.1339302510023117,0.9285942316055298,0.5009612441062927,0.8400000333786011,0.05681820586323738,0.9520263075828552,0.5193613767623901,0.8383156657218933,0.13929322361946106,0.8748641610145569,0.49789857864379883,0.8527176380157471,0.061655864119529724,0.7674692869186401,0.53543621301651,0.8741521239280701,0.0628589317202568,0.9377729296684265,0.5140513181686401,0.8824430108070374,-0.03316878154873848,0.9449710845947266
8233.333333333305,0.5304640531539917,0.3070071041584015,-0.13578324019908905,0.9998399019241333,0.5308161377906799,0.29474562406539917,-0.12003473937511444,0.9997602105140686,0.5319496989250183,0.2949201464653015,-0.12006652355194092,0.9996725916862488,0.5329630970954895,0.2951289117336273,-0.12005539238452911,0.9996809363365173,0.5256518721580505,0.29324859380722046,-0.13176533579826355,0.9997214078903198,0.5231306552886963,0.2925604581832886,-0.13176783919334412,0.9996848106384277,0.5202524662017822,0.2918913960456848,-0.13179033994674683,0.9996923208236694,0.5283587574958801,0.2993549704551697,-0.024640852585434914,0.9993237853050232,0.5103744864463806,0.2974138855934143,-0.08063538372516632,0.9995812177658081,0.5310598611831665,0.3191371560096741,-0.09895991533994675,0.9996166825294495,0.5240054130554199,0.3185563385486603,-0.1148112341761589,0.9996728301048279,0.5340589284896851,0.36703982949256897,0.048147037625312805,0.9996311664581299,0.4852784276008606,0.3675469756126404,-0.06573239713907242,0.9994097352027893,0.5328835248947144,0.44036027789115906,0.07342848181724548,0.677647054195404,0.4626888334751129,0.4432445466518402,-0.16678346693515778,0.9938490986824036,0.5497300028800964,0.46671491861343384,-0.0013133849715813994,0.9194788336753845,0.4932921528816223,0.3572542667388916,-0.2856709063053131,0.9956042766571045,0.5563575625419617,0.4750375747680664,-0.016306336969137192,0.8784146308898926,0.49935972690582275,0.33895260095596313,-0.31475698947906494,0.9894278049468994,0.5558266043663025,0.4675927758216858,-0.03375130519270897,0.8860756158828735,0.5008148550987244,0.33230161666870117,-0.3106646239757538,0.9883273839950562,0.5525632500648499,0.46569231152534485,-0.01052231714129448,0.8673575520515442,0.4997454583644867,0.33976882696151733,-0.28517791628837585,0.9809688925743103,0.5283027291297913,0.5557764768600464,0.03789858892560005,0.9981750249862671,0.49723008275032043,0.5599721074104309,-0.0379147045314312,0.9977259039878845,0.5287033319473267,0.6989730596542358,0.03632397577166557,0.907107949256897,0.49920231103897095,0.7035368084907532,-0.03524210304021835,0.9593150615692139,0.5251278281211853,0.8265822529792786,0.14013245701789856,0.9276377558708191,0.5007838606834412,0.8399978280067444,0.05838897079229355,0.9514510035514832,0.5193660855293274,0.8381720781326294,0.14581122994422913,0.8738194704055786,0.4978623688220978,0.8526545166969299,0.06328390538692474,0.765509307384491,0.5354140996932983,0.8740009069442749,0.06946390122175217,0.9371411204338074,0.5139256715774536,0.8824478983879089,-0.03202706575393677,0.9442459344863892
8266.666666666639,0.5308241248130798,0.30679747462272644,-0.13045357167720795,0.9998441934585571,0.5309389233589172,0.2943061590194702,-0.11439400166273117,0.9997640252113342,0.5320076942443848,0.294447660446167,-0.11442249268293381,0.999677300453186,0.5329764485359192,0.29462841153144836,-0.11441142112016678,0.9996848106384277,0.5259532332420349,0.29306474328041077,-0.12685908377170563,0.9997292757034302,0.5235574841499329,0.29247385263442993,-0.12686339020729065,0.9996941685676575,0.5207820534706116,0.29187577962875366,-0.12688840925693512,0.9997027516365051,0.5283113121986389,0.2991264760494232,-0.02016463689506054,0.9993253350257874,0.510837197303772,0.2974877655506134,-0.07814248651266098,0.9995956420898438,0.5313442349433899,0.3189769983291626,-0.09406304359436035,0.9996228218078613,0.5248288512229919,0.318526953458786,-0.11071345955133438,0.9996850490570068,0.5341807007789612,0.36696067452430725,0.0522221140563488,0.9996358156204224,0.485310435295105,0.36744043231010437,-0.0660034790635109,0.9994375705718994,0.5333147048950195,0.4400504529476166,0.08263431489467621,0.6839190125465393,0.4622783064842224,0.44390735030174255,-0.16640549898147583,0.9942173361778259,0.5498607158660889,0.4653627574443817,0.007702316623181105,0.922690749168396,0.49311670660972595,0.3593533933162689,-0.28293687105178833,0.9958827495574951,0.5564215183258057,0.47385650873184204,-0.0077824960462749004,0.882472813129425,0.4994632303714752,0.3442785143852234,-0.3118152916431427,0.9900179505348206,0.5558555126190186,0.4670189321041107,-0.024583520367741585,0.8898060321807861,0.5008796453475952,0.3379523456096649,-0.3072398900985718,0.98897385597229,0.5526058077812195,0.46500205993652344,-0.0012413928052410483,0.8715256452560425,0.4998073875904083,0.34398189187049866,-0.28208786249160767,0.9819727540016174,0.5282734036445618,0.555835485458374,0.037966277450323105,0.9981788992881775,0.4971531629562378,0.5599458813667297,-0.03797828033566475,0.9977514147758484,0.5286235213279724,0.6989682912826538,0.03615989163517952,0.9074392318725586,0.49907785654067993,0.7036002278327942,-0.03597048297524452,0.9595341086387634,0.5251635909080505,0.826376736164093,0.13934187591075897,0.9274130463600159,0.5006938576698303,0.8399998545646667,0.05544259399175644,0.9514961242675781,0.5194522738456726,0.8378505110740662,0.1448020339012146,0.8737714290618896,0.49786078929901123,0.8526018261909485,0.06006263568997383,0.7654894590377808,0.5354737043380737,0.8737176060676575,0.06937748938798904,0.9371768832206726,0.5138786435127258,0.8825101852416992,-0.03468326851725578,0.9443281292915344
8299.999999999973,0.5313341021537781,0.3062223494052887,-0.13274116814136505,0.9998480677604675,0.5311156511306763,0.2932351231575012,-0.11577995866537094,0.9997692108154297,0.5321048498153687,0.2933024764060974,-0.11581220477819443,0.99968421459198,0.5330184102058411,0.29333391785621643,-0.11580649018287659,0.9996903538703918,0.5262194871902466,0.29248395562171936,-0.1279684454202652,0.9997373223304749,0.5238658785820007,0.29212483763694763,-0.1279756873846054,0.9997036457061768,0.5210776925086975,0.2917015552520752,-0.12800529599189758,0.9997131824493408,0.5282863974571228,0.29810211062431335,-0.020309321582317352,0.999329686164856,0.5110896229743958,0.29748156666755676,-0.07782682031393051,0.9996121525764465,0.531846284866333,0.3185308575630188,-0.09453416615724564,0.9996258616447449,0.5257176160812378,0.318316787481308,-0.11085010319948196,0.9996955990791321,0.5344491600990295,0.36679333448410034,0.059515438973903656,0.9996321797370911,0.48548468947410583,0.36716049909591675,-0.06495128571987152,0.9994595050811768,0.5332978963851929,0.440341979265213,0.09158007055521011,0.6784154772758484,0.4620627760887146,0.4452569782733917,-0.16291265189647675,0.9944584369659424,0.5498437285423279,0.46536874771118164,0.008769487030804157,0.9226255416870117,0.4917941093444824,0.3662267327308655,-0.28512927889823914,0.9960571527481079,0.5564162135124207,0.47331809997558594,-0.005998566746711731,0.882541835308075,0.4988153874874115,0.3524841070175171,-0.31509238481521606,0.9903699159622192,0.5558552145957947,0.46678733825683594,-0.022713256999850273,0.889731764793396,0.500380277633667,0.3463124930858612,-0.31088361144065857,0.9893636107444763,0.5526015162467957,0.4648333191871643,-0.0011536374222487211,0.8712363243103027,0.49940916895866394,0.3518427610397339,-0.2845625877380371,0.9825661182403564,0.5281792879104614,0.5558334589004517,0.039953216910362244,0.9981464743614197,0.49702292680740356,0.5597187280654907,-0.03995644673705101,0.9977449178695679,0.5286113619804382,0.6989651322364807,0.03835154324769974,0.9079926013946533,0.49904385209083557,0.7035752534866333,-0.038180626928806305,0.9602566361427307,0.5252905488014221,0.826246976852417,0.14615698158740997,0.9278113842010498,0.500518262386322,0.8399971127510071,0.05397869646549225,0.9524920582771301,0.5196996927261353,0.8376741409301758,0.15181566774845123,0.8744944334030151,0.4977622926235199,0.8525312542915344,0.05855006352066994,0.7680110931396484,0.5356795191764832,0.8734212517738342,0.07556317001581192,0.9375551342964172,0.5138697028160095,0.882598876953125,-0.03607876971364021,0.9453140497207642
8333.333333333307,0.5315405130386353,0.3058812916278839,-0.13625596463680267,0.9998540282249451,0.5311950445175171,0.2926284670829773,-0.11830905079841614,0.9997782111167908,0.5321522355079651,0.2926623523235321,-0.11834265291690826,0.9996962547302246,0.5330381989479065,0.2926207184791565,-0.11833839863538742,0.9997013211250305,0.5263466238975525,0.2921351492404938,-0.13042138516902924,0.9997486472129822,0.5239840745925903,0.29191872477531433,-0.13042505085468292,0.9997162222862244,0.5211541652679443,0.29162102937698364,-0.13044816255569458,0.9997256994247437,0.5282622575759888,0.29742327332496643,-0.020332733169198036,0.999346137046814,0.5112165808677673,0.29752033948898315,-0.077665314078331,0.9996304512023926,0.5320369005203247,0.3183562755584717,-0.09666599333286285,0.999634861946106,0.525987446308136,0.31826311349868774,-0.11284568160772324,0.9997080564498901,0.5346902012825012,0.366414338350296,0.06002284213900566,0.9996377229690552,0.48622629046440125,0.36712101101875305,-0.06462722271680832,0.9994726181030273,0.5334845781326294,0.4397144317626953,0.0910411849617958,0.6781294345855713,0.4617704153060913,0.4455581605434418,-0.16522637009620667,0.9946022033691406,0.5501137971878052,0.46380504965782166,0.0031032587867230177,0.9249805808067322,0.4912073016166687,0.36802756786346436,-0.2869460880756378,0.9961608648300171,0.5566430687904358,0.4714941084384918,-0.013572939671576023,0.8858902454376221,0.4982925355434418,0.35527393221855164,-0.31629684567451477,0.9905703663825989,0.5559426546096802,0.46508967876434326,-0.030346252024173737,0.8927839398384094,0.500191330909729,0.3504861295223236,-0.3118828535079956,0.9895848035812378,0.5526435375213623,0.4624673128128052,-0.006306518334895372,0.874397873878479,0.4993152320384979,0.3559262156486511,-0.2865576148033142,0.9829017519950867,0.528171718120575,0.5557879209518433,0.04187985509634018,0.9981496334075928,0.4970250129699707,0.5595591068267822,-0.04189920797944069,0.9977464079856873,0.5286192893981934,0.6989346742630005,0.04067512974143028,0.9080560207366943,0.4992617666721344,0.7032879590988159,-0.039511870592832565,0.9609190225601196,0.5254108309745789,0.8262258172035217,0.1453457772731781,0.9287409782409668,0.5004330277442932,0.8398696184158325,0.053629979491233826,0.9534448981285095,0.5198943614959717,0.8376933336257935,0.15063856542110443,0.8761900067329407,0.4976816773414612,0.8524284362792969,0.05797184258699417,0.7700791954994202,0.5357885360717773,0.8734076619148254,0.0751015767455101,0.9382837414741516,0.5138678550720215,0.8825412392616272,-0.03669154644012451,0.9461552500724792
8366.66666666664,0.5314420461654663,0.3052489459514618,-0.14635834097862244,0.9998603463172913,0.5311315059661865,0.29188773036003113,-0.12809230387210846,0.999787449836731,0.5321276187896729,0.29196298122406006,-0.12812767922878265,0.9997080564498901,0.5330293774604797,0.2919482886791229,-0.12812656164169312,0.9997116327285767,0.5261811017990112,0.29165512323379517,-0.13938197493553162,0.9997607469558716,0.5237454771995544,0.2915841341018677,-0.13938631117343903,0.9997300505638123,0.5207728743553162,0.29146847128868103,-0.13941144943237305,0.9997397661209106,0.52853924036026,0.29696527123451233,-0.024339713156223297,0.9993604421615601,0.5111644864082336,0.2975461184978485,-0.0778634175658226,0.9996491074562073,0.5320666432380676,0.31795045733451843,-0.10610003769397736,0.9996412992477417,0.5259500741958618,0.31802505254745483,-0.12112973630428314,0.9997194409370422,0.534773588180542,0.36637845635414124,0.05912818759679794,0.9996235370635986,0.4864638149738312,0.3668014109134674,-0.06502938270568848,0.9994835257530212,0.5334950685501099,0.4397194981575012,0.09365832805633545,0.6705997586250305,0.4619824290275574,0.44632798433303833,-0.16521954536437988,0.9947149157524109,0.5501948595046997,0.4633491635322571,0.01565227471292019,0.9240217804908752,0.49113720655441284,0.3686976134777069,-0.28768646717071533,0.9962646961212158,0.5567263960838318,0.47063377499580383,0.00015559399616904557,0.8845330476760864,0.4977053999900818,0.3546096086502075,-0.3181076943874359,0.99077969789505,0.5560483336448669,0.4644826650619507,-0.017254812642931938,0.8913415670394897,0.49963125586509705,0.34961992502212524,-0.3144782781600952,0.9898163676261902,0.5527589917182922,0.46219751238822937,0.006294940132647753,0.872520387172699,0.4991050362586975,0.3556274473667145,-0.28740090131759644,0.9832584857940674,0.5281699895858765,0.5557023882865906,0.04223466292023659,0.9981131553649902,0.4970267117023468,0.5592957735061646,-0.04225801303982735,0.9977269172668457,0.5286658406257629,0.6987118124961853,0.04027199745178223,0.9071637392044067,0.49948015809059143,0.7023481130599976,-0.03982658311724663,0.9610803723335266,0.5255904793739319,0.8262125253677368,0.14351412653923035,0.9288224577903748,0.5002911686897278,0.8394320011138916,0.05352841317653656,0.9539358615875244,0.5202128291130066,0.837759792804718,0.14863720536231995,0.8764879703521729,0.49757298827171326,0.8521416187286377,0.05790127441287041,0.7707536816596985,0.5358992218971252,0.8734031319618225,0.07271279394626617,0.9384471774101257,0.5138381123542786,0.8823821544647217,-0.037681858986616135,0.9466990828514099
8399.999999999975,0.5314309000968933,0.3042013943195343,-0.1448701173067093,0.9998629093170166,0.5311111211776733,0.29094961285591125,-0.12709443271160126,0.9997925758361816,0.5321152806282043,0.29103854298591614,-0.1271318644285202,0.9997150897979736,0.5330228805541992,0.2910001277923584,-0.1271330863237381,0.9997178912162781,0.5261505246162415,0.29096004366874695,-0.13863450288772583,0.9997658729553223,0.5237178206443787,0.29101553559303284,-0.1386389434337616,0.9997354745864868,0.5207082629203796,0.29105713963508606,-0.1386641561985016,0.9997455477714539,0.528680145740509,0.29620489478111267,-0.02381902001798153,0.9993649125099182,0.51117342710495,0.29753661155700684,-0.07529855519533157,0.9996589422225952,0.5321997404098511,0.3171103000640869,-0.10521145164966583,0.9996435046195984,0.5260170102119446,0.317330002784729,-0.1210479736328125,0.9997256994247437,0.5351499319076538,0.3662622272968292,0.061392661184072495,0.9996218681335449,0.4867781102657318,0.3664816915988922,-0.05922294780611992,0.9994891881942749,0.5333865284919739,0.4411373734474182,0.09072837233543396,0.6624742150306702,0.4625106453895569,0.44843432307243347,-0.15725426375865936,0.9946539998054504,0.5504665374755859,0.4631948173046112,-0.0027013469953089952,0.9251108765602112,0.4909607172012329,0.36821305751800537,-0.285607248544693,0.9962788224220276,0.5572871565818787,0.4698851704597473,-0.021319322288036346,0.8866599202156067,0.4968218207359314,0.3527197539806366,-0.3166919946670532,0.9908071756362915,0.5565731525421143,0.4636688232421875,-0.03900063782930374,0.8932974934577942,0.49855515360832214,0.34767070412635803,-0.31396257877349854,0.9898512363433838,0.5531654953956604,0.4614938497543335,-0.012649094685912132,0.8743788003921509,0.49833402037620544,0.3542500138282776,-0.2859448194503784,0.9833220839500427,0.5282112956047058,0.5556744337081909,0.04252235218882561,0.9981200098991394,0.4970543682575226,0.5591665506362915,-0.042541615664958954,0.9977390170097351,0.5288028717041016,0.6987076997756958,0.044544704258441925,0.907386302947998,0.4995936155319214,0.7023528218269348,-0.039721567183732986,0.9617842435836792,0.5257148146629333,0.826167106628418,0.15035852789878845,0.9298710227012634,0.5001946687698364,0.8393926620483398,0.05586765334010124,0.9547929763793945,0.5204417705535889,0.8377618789672852,0.15576928853988647,0.8777378797531128,0.4975714087486267,0.852114737033844,0.06080833449959755,0.7713719606399536,0.5359536409378052,0.8733952641487122,0.07892371714115143,0.9390538930892944,0.5138915181159973,0.8825069665908813,-0.03611131012439728,0.947386622428894
8433.333333333308,0.53141850233078,0.3034272789955139,-0.1383223831653595,0.99986332654953,0.531085729598999,0.29025861620903015,-0.1214853972196579,0.9997961521148682,0.5321037769317627,0.29037755727767944,-0.12154296785593033,0.9997215867042542,0.5330203175544739,0.2903415560722351,-0.12155690044164658,0.9997239708900452,0.526082456111908,0.29034224152565,-0.13131551444530487,0.9997648000717163,0.5236071944236755,0.29048460721969604,-0.13131937384605408,0.9997331500053406,0.5205333232879639,0.2906412184238434,-0.13134357333183289,0.9997424483299255,0.5288285613059998,0.29560691118240356,-0.01749306358397007,0.9993732571601868,0.51116943359375,0.29751279950141907,-0.06376064568758011,0.9996579885482788,0.5322210192680359,0.3165857493877411,-0.09796285629272461,0.999644935131073,0.5259926319122314,0.3167819678783417,-0.11130598932504654,0.9997264742851257,0.5354095101356506,0.36621928215026855,0.06609439849853516,0.9996312856674194,0.48724469542503357,0.36632782220840454,-0.04334066063165665,0.999487042427063,0.5322834253311157,0.44508829712867737,0.08051380515098572,0.6558734178543091,0.4650493264198303,0.4547744393348694,-0.1416153907775879,0.9941017627716064,0.5503355264663696,0.4633328318595886,-0.031176459044218063,0.9268268346786499,0.4906980097293854,0.36779892444610596,-0.2829420268535614,0.9960600733757019,0.557345449924469,0.46998369693756104,-0.05331651121377945,0.8900080323219299,0.49608561396598816,0.35142087936401367,-0.3152858316898346,0.990416944026947,0.556824803352356,0.46349838376045227,-0.07140779495239258,0.8964791893959045,0.49810999631881714,0.3466334044933319,-0.3136362135410309,0.989444375038147,0.553293764591217,0.46151214838027954,-0.041733261197805405,0.8775089383125305,0.4980370104312897,0.3535705506801605,-0.28422704339027405,0.982740044593811,0.5282849669456482,0.5546379089355469,0.04247711971402168,0.9981411695480347,0.49710193276405334,0.5576362013816833,-0.04248695448040962,0.9977537989616394,0.5289028286933899,0.6983642578125,0.04335300996899605,0.9076014757156372,0.5002355575561523,0.7016234993934631,-0.04046668857336044,0.9625958204269409,0.5257403254508972,0.8261643052101135,0.1478598564863205,0.9310727715492249,0.5001934766769409,0.8393381834030151,0.0552721805870533,0.9557834267616272,0.5205069780349731,0.8379855155944824,0.15333323180675507,0.8798580169677734,0.4975709915161133,0.8521386981010437,0.060109399259090424,0.7727097272872925,0.5359660387039185,0.8733716607093811,0.0774015262722969,0.9398277401924133,0.5140594840049744,0.8825288414955139,-0.03835998848080635,0.9482255578041077
8466.666666666642,0.531414270401001,0.30283650755882263,-0.14340125024318695,0.9998621940612793,0.5310627818107605,0.2896289527416229,-0.12674656510353088,0.9997969269752502,0.5320931673049927,0.28977644443511963,-0.1268145591020584,0.9997243881225586,0.5330179929733276,0.28975245356559753,-0.12683255970478058,0.9997258186340332,0.5260298252105713,0.28963881731033325,-0.1360267549753189,0.999760091304779,0.5235240459442139,0.2898077368736267,-0.136029914021492,0.9997262358665466,0.5204179286956787,0.2900281548500061,-0.13605690002441406,0.9997333288192749,0.5289431214332581,0.2948381006717682,-0.02076382376253605,0.999372661113739,0.5111690163612366,0.29728543758392334,-0.0674973726272583,0.9996476769447327,0.53223717212677,0.31606146693229675,-0.1022181361913681,0.9996382594108582,0.5259816646575928,0.3161466121673584,-0.11435452103614807,0.9997175335884094,0.5355300903320312,0.36544695496559143,0.06422194838523865,0.9996386766433716,0.4881187081336975,0.3660251498222351,-0.0480419285595417,0.9994716048240662,0.5314602851867676,0.4462575912475586,0.07712064683437347,0.6486002206802368,0.4666897654533386,0.46129468083381653,-0.147731214761734,0.9929289817810059,0.5503342151641846,0.4635750949382782,-0.03051045723259449,0.9281190633773804,0.4897357225418091,0.3706359267234802,-0.2945159673690796,0.9956159591674805,0.5575364828109741,0.46999409794807434,-0.0511590801179409,0.8927990794181824,0.4936530888080597,0.3527991473674774,-0.3283710777759552,0.9897124171257019,0.5570404529571533,0.4633316099643707,-0.06971263885498047,0.8991477489471436,0.49604886770248413,0.34832343459129333,-0.3288201689720154,0.988717257976532,0.5534626245498657,0.46153366565704346,-0.04097409173846245,0.8800839781761169,0.49654075503349304,0.3563528060913086,-0.2972218096256256,0.9816753268241882,0.5283111333847046,0.5534210205078125,0.043061092495918274,0.9981324672698975,0.49722445011138916,0.5564739108085632,-0.04306493327021599,0.9977219104766846,0.5290040373802185,0.6972308158874512,0.04757000878453255,0.9050435423851013,0.5017663240432739,0.7005364298820496,-0.040466368198394775,0.9626984000205994,0.5257418155670166,0.8260335922241211,0.14693565666675568,0.9311895370483398,0.5002224445343018,0.8387892842292786,0.05459822714328766,0.9563103318214417,0.5205073952674866,0.8380590677261353,0.15187789499759674,0.8817339539527893,0.4975104331970215,0.8521315455436707,0.05937095731496811,0.7742879986763,0.5364077687263489,0.8730668425559998,0.07546635717153549,0.9400041103363037,0.5147879123687744,0.8824678063392639,-0.038550253957509995,0.9486443400382996
8499.999999999976,0.5314557552337646,0.3020891547203064,-0.14633949100971222,0.999861478805542,0.5310898423194885,0.2888208329677582,-0.12956514954566956,0.999798059463501,0.5321300625801086,0.28898540139198303,-0.12963084876537323,0.9997268319129944,0.5330740213394165,0.288957417011261,-0.12964899837970734,0.9997273683547974,0.5260429978370667,0.28870871663093567,-0.13955305516719818,0.9997583627700806,0.5235374569892883,0.28884565830230713,-0.1395583152770996,0.9997231364250183,0.5204302668571472,0.2890532314777374,-0.13958536088466644,0.9997289180755615,0.5291217565536499,0.29392310976982117,-0.023238591849803925,0.9993699789047241,0.5113118886947632,0.2966236472129822,-0.06857273727655411,0.9996439814567566,0.5323771238327026,0.3153895139694214,-0.10508166253566742,0.9996336102485657,0.5261102914810181,0.315293550491333,-0.11810953915119171,0.9997128248214722,0.5355516076087952,0.3649333119392395,0.06332682818174362,0.9996422529220581,0.48842698335647583,0.3658425807952881,-0.051270730793476105,0.999464750289917,0.5311402082443237,0.4469168484210968,0.07851852476596832,0.6388915181159973,0.4669632017612457,0.463549941778183,-0.14967498183250427,0.991871178150177,0.5504273772239685,0.4636097550392151,-0.023600701242685318,0.9283162355422974,0.4883961081504822,0.3745887577533722,-0.29749396443367004,0.9952278733253479,0.5577914714813232,0.4698280394077301,-0.043586429208517075,0.8941779136657715,0.4910622835159302,0.35557278990745544,-0.3311973214149475,0.9891262650489807,0.5572404265403748,0.4630729556083679,-0.0626261755824089,0.9005158543586731,0.4936069846153259,0.3510917127132416,-0.3320695161819458,0.9881256222724915,0.553624153137207,0.46147188544273376,-0.03420037776231766,0.8812205791473389,0.4945642650127411,0.35935959219932556,-0.300314337015152,0.9808096289634705,0.5285217761993408,0.5523166656494141,0.04413918778300285,0.9981222748756409,0.497471421957016,0.5557986497879028,-0.044143933802843094,0.9977001547813416,0.5292060375213623,0.696825385093689,0.05204015225172043,0.9030898809432983,0.5028369426727295,0.7002218961715698,-0.040448836982250214,0.9625981450080872,0.52574622631073,0.8260298371315002,0.15067996084690094,0.9314144849777222,0.5003968477249146,0.8381186127662659,0.05461806803941727,0.9566988348960876,0.5205082297325134,0.8382275104522705,0.15525700151920319,0.8832715153694153,0.4975350797176361,0.8520231246948242,0.059428002685308456,0.7753305435180664,0.5366849899291992,0.8729460835456848,0.07835464924573898,0.9401726722717285,0.5149829983711243,0.881954550743103,-0.037981100380420685,0.948922872543335
8533.33333333331,0.5314847826957703,0.3017716705799103,-0.14709775149822235,0.9998624920845032,0.5311201214790344,0.28845831751823425,-0.13002151250839233,0.9998010396957397,0.5321676135063171,0.28862306475639343,-0.13008491694927216,0.9997313022613525,0.5331275463104248,0.28858399391174316,-0.13010311126708984,0.999731183052063,0.5260599851608276,0.28820502758026123,-0.1406552642583847,0.9997594356536865,0.5235660076141357,0.2882552742958069,-0.14066077768802643,0.9997232556343079,0.5204585790634155,0.28836455941200256,-0.1406843215227127,0.9997286200523376,0.5292617082595825,0.29330193996429443,-0.0233609601855278,0.9993740916252136,0.5114217400550842,0.29584670066833496,-0.06971397250890732,0.9996441602706909,0.5324304103851318,0.31506630778312683,-0.10566877573728561,0.999634325504303,0.5261372923851013,0.3148428797721863,-0.11958254873752594,0.9997126460075378,0.5355494022369385,0.3643682897090912,0.06389203667640686,0.9996494054794312,0.4884944260120392,0.36583399772644043,-0.05161505192518234,0.9994623064994812,0.5307068824768066,0.4474414885044098,0.07954803854227066,0.6302027702331543,0.4670974016189575,0.4647389352321625,-0.14833246171474457,0.9910916686058044,0.5504331588745117,0.4636382460594177,-0.02292700670659542,0.9286600947380066,0.4874734580516815,0.3756105601787567,-0.2990277111530304,0.9950381517410278,0.557822048664093,0.469575971364975,-0.04356134310364723,0.8956329822540283,0.4899522364139557,0.3571300804615021,-0.33313342928886414,0.9888896942138672,0.5572832226753235,0.46274319291114807,-0.0630478784441948,0.9019765853881836,0.49217334389686584,0.35228854417800903,-0.3341712951660156,0.9879112243652344,0.5536602735519409,0.46130892634391785,-0.03386653587222099,0.8824876546859741,0.4931562542915344,0.36063504219055176,-0.3018772304058075,0.9804847240447998,0.5287038683891296,0.5509340763092041,0.04422322288155556,0.9981223940849304,0.49766167998313904,0.5550333261489868,-0.04422793909907341,0.9976827502250671,0.5294263362884521,0.6964194178581238,0.049835074692964554,0.9022659063339233,0.5036941170692444,0.6996616125106812,-0.0410454198718071,0.9622213244438171,0.5257517695426941,0.826019823551178,0.15139621496200562,0.9315388798713684,0.5006439685821533,0.8370113968849182,0.05557677894830704,0.9569169282913208,0.5205113291740417,0.8382943272590637,0.15623633563518524,0.8836572766304016,0.49757152795791626,0.8514520525932312,0.060654181987047195,0.7755808234214783,0.5366525053977966,0.8729219436645508,0.07821867614984512,0.9401916265487671,0.515046238899231,0.8812174797058105,-0.03719998896121979,0.9491122364997864
8566.666666666644,0.5315227508544922,0.3013625741004944,-0.14951804280281067,0.9998645186424255,0.5311371684074402,0.2880385220050812,-0.13213934004306793,0.9998053908348083,0.53218674659729,0.2881993055343628,-0.1322014480829239,0.9997374415397644,0.533153772354126,0.2881507873535156,-0.13221941888332367,0.9997363686561584,0.5260797739028931,0.2877020239830017,-0.14340703189373016,0.9997631907463074,0.5236058831214905,0.2877069115638733,-0.14341264963150024,0.9997266530990601,0.5205056667327881,0.2877752482891083,-0.1434367597103119,0.9997313618659973,0.5293095707893372,0.29273027181625366,-0.02437380701303482,0.9993834495544434,0.5115358233451843,0.295307457447052,-0.0746784657239914,0.9996492862701416,0.5324940085411072,0.31468313932418823,-0.10765255242586136,0.9996373653411865,0.5261853337287903,0.31440597772598267,-0.12251222878694534,0.9997149705886841,0.5355503559112549,0.36417844891548157,0.06422366946935654,0.9996559619903564,0.4885576367378235,0.36588507890701294,-0.05172337219119072,0.9994639754295349,0.5305684208869934,0.44812721014022827,0.0801086351275444,0.6231469511985779,0.4670276939868927,0.4661332368850708,-0.14864850044250488,0.9905275702476501,0.5506314039230347,0.46364325284957886,-0.0285772867500782,0.929632842540741,0.486760675907135,0.3774750530719757,-0.30808261036872864,0.9949091076850891,0.5579828023910522,0.46912190318107605,-0.049666937440633774,0.8977134823799133,0.49002236127853394,0.3590123653411865,-0.34246477484703064,0.9887409806251526,0.5574310421943665,0.46206265687942505,-0.06838130950927734,0.903965413570404,0.49223148822784424,0.35369202494621277,-0.34284207224845886,0.9877769947052002,0.5537464618682861,0.4599354863166809,-0.03935840353369713,0.8843448162078857,0.49300768971443176,0.3618985116481781,-0.31056511402130127,0.9802523255348206,0.5288220047950745,0.5506494045257568,0.045020028948783875,0.9980875253677368,0.49781954288482666,0.5549882650375366,-0.0450240857899189,0.9976377487182617,0.5294826030731201,0.6963712573051453,0.05103885382413864,0.8999825119972229,0.5041372776031494,0.6996686458587646,-0.04202382639050484,0.961702823638916,0.5256936550140381,0.8260881304740906,0.15503916144371033,0.9306288361549377,0.5007961392402649,0.8370258212089539,0.05547996237874031,0.9568701386451721,0.520402193069458,0.83846515417099,0.16009368002414703,0.8835683465003967,0.4975631833076477,0.8515399694442749,0.06040634214878082,0.7760708332061768,0.5365400910377502,0.8729137182235718,0.0831632912158966,0.9395434856414795,0.5150647163391113,0.8810415863990784,-0.037449099123477936,0.9489368796348572
8599.999999999978,0.5315707325935364,0.3011317253112793,-0.1515529304742813,0.9998683333396912,0.5311562418937683,0.28786447644233704,-0.13388948142528534,0.9998117089271545,0.532202959060669,0.2880313992500305,-0.1339489370584488,0.9997460246086121,0.5331700444221497,0.2879893481731415,-0.13396483659744263,0.9997438192367554,0.5261151790618896,0.28749337792396545,-0.145415797829628,0.9997705221176147,0.5236636400222778,0.287485808134079,-0.14542123675346375,0.9997344613075256,0.5205740332603455,0.28754451870918274,-0.14544366300106049,0.999738872051239,0.5293248891830444,0.2925107777118683,-0.025553341954946518,0.9993972778320312,0.5116250514984131,0.29514211416244507,-0.07785821706056595,0.999660074710846,0.5325257182121277,0.3144448399543762,-0.1095276027917862,0.9996426701545715,0.5262327790260315,0.31418344378471375,-0.12476765364408493,0.9997203350067139,0.5355244278907776,0.36387503147125244,0.06411091238260269,0.9996647238731384,0.4885912835597992,0.36596813797950745,-0.05364168435335159,0.9994717836380005,0.5305599570274353,0.44796109199523926,0.08039911836385727,0.6201859712600708,0.46689024567604065,0.46629562973976135,-0.1517283171415329,0.990422248840332,0.5511040091514587,0.4632757902145386,-0.02931874245405197,0.9313817024230957,0.48584219813346863,0.37731754779815674,-0.30950695276260376,0.9949617385864258,0.5584288835525513,0.468510240316391,-0.05029527097940445,0.9004846811294556,0.48954275250434875,0.35847020149230957,-0.3434980809688568,0.9888860583305359,0.5577230453491211,0.46125152707099915,-0.06846688687801361,0.9065612554550171,0.49133601784706116,0.3526696562767029,-0.34342482686042786,0.9879448413848877,0.5539925694465637,0.4586156904697418,-0.03986470028758049,0.8869461417198181,0.4922102689743042,0.3610026240348816,-0.31161758303642273,0.9804696440696716,0.5288383960723877,0.5505126714706421,0.04554388299584389,0.9980616569519043,0.4978771507740021,0.555011510848999,-0.04555279389023781,0.9976128339767456,0.5294955372810364,0.6963874101638794,0.053983960300683975,0.8982458710670471,0.5041611790657043,0.699934184551239,-0.04267897456884384,0.9615607857704163,0.5256335139274597,0.8262572884559631,0.1554470956325531,0.9301848411560059,0.5008342862129211,0.8371075391769409,0.050900962203741074,0.9569416046142578,0.5203364491462708,0.8387385010719299,0.16023212671279907,0.8838411569595337,0.4975632429122925,0.8519765138626099,0.05547508969902992,0.776767373085022,0.5364604592323303,0.8729100227355957,0.08403085917234421,0.9392238855361938,0.5150679349899292,0.8810147047042847,-0.04163895919919014,0.9488766193389893
8633.333333333312,0.5316028594970703,0.30100178718566895,-0.15921594202518463,0.9998725056648254,0.5311656594276428,0.2877853214740753,-0.14113573729991913,0.9998177886009216,0.5322108864784241,0.28796324133872986,-0.141187384724617,0.9997537136077881,0.5331775546073914,0.28793466091156006,-0.14119769632816315,0.9997501969337463,0.5261240005493164,0.2874282896518707,-0.15304504334926605,0.9997790455818176,0.5236713290214539,0.2874350845813751,-0.15305069088935852,0.9997439384460449,0.5205737948417664,0.28751182556152344,-0.1530749350786209,0.9997482299804688,0.5293257832527161,0.292520135641098,-0.03200921788811684,0.9994063377380371,0.5116246938705444,0.29515206813812256,-0.08688853681087494,0.999672532081604,0.5325683355331421,0.3143552243709564,-0.11701901257038116,0.9996464848518372,0.52625572681427,0.3141394257545471,-0.13280604779720306,0.9997267723083496,0.5354793667793274,0.3638772666454315,0.060968536883592606,0.9996680021286011,0.48858389258384705,0.36656373739242554,-0.06413204967975616,0.9994806051254272,0.5305734276771545,0.44781726598739624,0.07918862253427505,0.6180666089057922,0.4663664996623993,0.46651583909988403,-0.16675524413585663,0.9905691742897034,0.5514279007911682,0.46277955174446106,-0.029747314751148224,0.9333506226539612,0.48541560769081116,0.3769826889038086,-0.3195909857749939,0.9950900077819824,0.5588249564170837,0.4678248167037964,-0.05008365213871002,0.9033607244491577,0.4896363615989685,0.3578994572162628,-0.3530605137348175,0.9891441464424133,0.5578752756118774,0.46006932854652405,-0.06773491203784943,0.909227192401886,0.4915119409561157,0.3520250916481018,-0.3520485758781433,0.9882241487503052,0.5541567206382751,0.45763272047042847,-0.039962079375982285,0.8896400332450867,0.49226564168930054,0.3603576719760895,-0.321079283952713,0.9808516502380371,0.5290296077728271,0.5505681037902832,0.04626878723502159,0.9979925155639648,0.4981367886066437,0.5551099181175232,-0.04629173502326012,0.9975675940513611,0.5295292139053345,0.6963982582092285,0.058770518749952316,0.8961212635040283,0.5041707754135132,0.7000177502632141,-0.043437715619802475,0.9613803029060364,0.5255429744720459,0.8263396620750427,0.1606334149837494,0.9295112490653992,0.5008847713470459,0.8372388482093811,0.04564768075942993,0.95685875415802,0.5201804041862488,0.8388491868972778,0.16545157134532928,0.8836067914962769,0.4975617527961731,0.8522968888282776,0.049812741577625275,0.7772169709205627,0.536384642124176,0.8729060888290405,0.09073352813720703,0.9387173652648926,0.5150893926620483,0.8810166716575623,-0.046611297875642776,0.9486144781112671
8666.666666666646,0.5316075682640076,0.30102628469467163,-0.1577545553445816,0.9998746514320374,0.531167209148407,0.287803590297699,-0.139913871884346,0.9998211860656738,0.5322120785713196,0.2879790961742401,-0.13996510207653046,0.9997581243515015,0.5331792831420898,0.287951797246933,-0.1399751752614975,0.9997532367706299,0.5261232852935791,0.28744399547576904,-0.1517326533794403,0.9997840523719788,0.5236697793006897,0.28744828701019287,-0.15173818171024323,0.9997492432594299,0.5205538868904114,0.2875233590602875,-0.1517617255449295,0.9997534155845642,0.5292813181877136,0.2925330698490143,-0.03181702643632889,0.9994078874588013,0.5115986466407776,0.29516419768333435,-0.08662761747837067,0.9996801018714905,0.5325694680213928,0.31442689895629883,-0.1159697100520134,0.9996479153633118,0.5262551307678223,0.31423449516296387,-0.13168777525424957,0.9997314810752869,0.5353110432624817,0.3640035390853882,0.06075550615787506,0.9996705651283264,0.4883270263671875,0.36715397238731384,-0.06360466778278351,0.9994907975196838,0.5305896401405334,0.4482105076313019,0.07825002819299698,0.6142877340316772,0.46573445200920105,0.4672074019908905,-0.16525053977966309,0.9905008673667908,0.5516645908355713,0.4627878665924072,-0.03440681844949722,0.9342864155769348,0.4841492474079132,0.37963518500328064,-0.31436941027641296,0.9951034188270569,0.5590456128120422,0.4676036238670349,-0.055525604635477066,0.9049710631370544,0.4890802502632141,0.3599109351634979,-0.3476006090641022,0.9891913533210754,0.5582297444343567,0.4598969519138336,-0.07303377240896225,0.9107081890106201,0.49091607332229614,0.3537576198577881,-0.34670937061309814,0.9882815480232239,0.554398238658905,0.4573453962802887,-0.04467930644750595,0.8909706473350525,0.4913870394229889,0.3617437779903412,-0.31589871644973755,0.9808974266052246,0.5290805101394653,0.5507241487503052,0.04676751419901848,0.9979368448257446,0.49818509817123413,0.555419385433197,-0.046795908361673355,0.9975325465202332,0.5295344591140747,0.6969945430755615,0.06099077686667442,0.8944847583770752,0.5041869878768921,0.7005451917648315,-0.043700575828552246,0.96140056848526,0.5255240797996521,0.8265050649642944,0.1644245982170105,0.9290966987609863,0.5008906722068787,0.8372936248779297,0.045603975653648376,0.9569982886314392,0.5201656222343445,0.8390485048294067,0.16938389837741852,0.8833780288696289,0.4975438117980957,0.8525146245956421,0.04985532909631729,0.7780929207801819,0.5363404154777527,0.8729776740074158,0.09429871290922165,0.9383367896080017,0.515089213848114,0.8810310363769531,-0.04662783071398735,0.9485827088356018
8699.99999999998,0.5316051244735718,0.30105873942375183,-0.14778856933116913,0.9998777508735657,0.5311660170555115,0.28781986236572266,-0.13003605604171753,0.9998261332511902,0.5322127342224121,0.2879961431026459,-0.13008396327495575,0.9997646808624268,0.5331806540489197,0.28797245025634766,-0.13009455800056458,0.9997588992118835,0.5261075496673584,0.2874581813812256,-0.14215676486492157,0.9997909665107727,0.5236497521400452,0.28745928406715393,-0.14216302335262299,0.9997571110725403,0.5205124616622925,0.2875237762928009,-0.14218272268772125,0.9997616410255432,0.529279887676239,0.292561411857605,-0.022328205406665802,0.9994180798530579,0.5115712881088257,0.29504433274269104,-0.07869986444711685,0.9996930360794067,0.5325704216957092,0.3144570589065552,-0.10600307583808899,0.9996556639671326,0.5262554287910461,0.3142683207988739,-0.12218845635652542,0.9997418522834778,0.5353105068206787,0.36403191089630127,0.06858953833580017,0.9996803998947144,0.4878106713294983,0.3672020733356476,-0.0544082336127758,0.9995114207267761,0.5307583808898926,0.4486459493637085,0.08302173018455505,0.6130285859107971,0.4648648500442505,0.4671509861946106,-0.15277652442455292,0.9906637668609619,0.5517985224723816,0.4627714157104492,-0.031126568093895912,0.9356688261032104,0.4830961227416992,0.381558895111084,-0.3045748472213745,0.9951977133750916,0.5592749118804932,0.4675481915473938,-0.05279935151338577,0.9072844982147217,0.4893757700920105,0.36424338817596436,-0.338689386844635,0.9893869161605835,0.5586355924606323,0.45988282561302185,-0.07034158706665039,0.9128433465957642,0.4912109971046448,0.3581070303916931,-0.33755937218666077,0.9885008931159973,0.5546697378158569,0.45733562111854553,-0.041448790580034256,0.8931447267532349,0.4913730025291443,0.3645171523094177,-0.305798202753067,0.9812061786651611,0.5291395783424377,0.5508853793144226,0.04678582772612572,0.9979372024536133,0.4981862008571625,0.5554672479629517,-0.04680997505784035,0.9975451827049255,0.5295372605323792,0.6978999972343445,0.05868595466017723,0.8943399786949158,0.5041335225105286,0.7009766697883606,-0.04482850804924965,0.961529016494751,0.5254043340682983,0.8267027139663696,0.1649647206068039,0.9289116859436035,0.5008663535118103,0.8373571038246155,0.0459231398999691,0.9571995735168457,0.5199774503707886,0.8393276333808899,0.17036183178424835,0.882953405380249,0.4975079894065857,0.852782130241394,0.05033980309963226,0.7792367935180664,0.5362241268157959,0.8733807802200317,0.09479305893182755,0.9380121827125549,0.515034556388855,0.8810262680053711,-0.046337295323610306,0.9485650658607483
8733.333333333314,0.531387209892273,0.30106863379478455,-0.14304398000240326,0.9998770952224731,0.5310035943984985,0.2878175377845764,-0.12669703364372253,0.9998285174369812,0.5321111083030701,0.2879750430583954,-0.12675243616104126,0.9997692108154297,0.5331123471260071,0.28791967034339905,-0.12676887214183807,0.9997639060020447,0.5259107351303101,0.28746846318244934,-0.1393066793680191,0.999789834022522,0.5234152674674988,0.2874654233455658,-0.1393124759197235,0.9997540712356567,0.5203096866607666,0.28752467036247253,-0.13932593166828156,0.9997572302818298,0.5292772054672241,0.29240694642066956,-0.0207968857139349,0.9994381070137024,0.5115595459938049,0.2949291169643402,-0.0787055641412735,0.9996957778930664,0.5325219035148621,0.3144252598285675,-0.10158729553222656,0.9996728897094727,0.5261119604110718,0.31427034735679626,-0.11853650957345963,0.999753475189209,0.5357778668403625,0.364079087972641,0.06736703962087631,0.9997004270553589,0.4871126413345337,0.36791372299194336,-0.048247192054986954,0.9995230436325073,0.5309091806411743,0.45030346512794495,0.07784091681241989,0.618443489074707,0.4648893475532532,0.4688541293144226,-0.13692499697208405,0.9896293878555298,0.5521202683448792,0.4632413685321808,-0.05263658985495567,0.9373081922531128,0.4827651381492615,0.3895804286003113,-0.29120758175849915,0.9947651624679565,0.5592638254165649,0.4679689407348633,-0.07915649563074112,0.910214900970459,0.4875834882259369,0.37359970808029175,-0.3264603614807129,0.9887502193450928,0.5587036609649658,0.4599217474460602,-0.0991874635219574,0.9157065153121948,0.4899999499320984,0.3695259988307953,-0.3295147120952606,0.9878708124160767,0.5549551844596863,0.4575052559375763,-0.06451176851987839,0.8964939713478088,0.4904533922672272,0.37452447414398193,-0.2948063015937805,0.9803122878074646,0.5292835831642151,0.5508860945701599,0.04652305692434311,0.9980435371398926,0.4981110394001007,0.5551649332046509,-0.046537917107343674,0.9976260662078857,0.5296618938446045,0.6984046101570129,0.05175244063138962,0.8986728191375732,0.5036540627479553,0.7016688585281372,-0.043503399938344955,0.9621835350990295,0.5255281925201416,0.8267484307289124,0.1741344928741455,0.9314213395118713,0.5008665919303894,0.8377246856689453,0.07336711883544922,0.9582684636116028,0.5202591419219971,0.8393276929855347,0.18159547448158264,0.8846473693847656,0.49770545959472656,0.8529236316680908,0.08028967678546906,0.7798869013786316,0.5361918807029724,0.8735892176628113,0.09892135113477707,0.9394336342811584,0.5149073004722595,0.8813014030456543,-0.02344452030956745,0.9493907690048218
8766.666666666648,0.5313875079154968,0.3014490008354187,-0.13504250347614288,0.9998810887336731,0.5310044288635254,0.2880576252937317,-0.1196155995130539,0.9998355507850647,0.5321118235588074,0.2881498336791992,-0.11966461688280106,0.9997788071632385,0.5331131219863892,0.28803327679634094,-0.11968103796243668,0.9997738003730774,0.5259113907814026,0.28768330812454224,-0.13294470310211182,0.9997978806495667,0.5234171152114868,0.28761592507362366,-0.13294872641563416,0.999762773513794,0.5203167796134949,0.28758955001831055,-0.13295739889144897,0.9997655153274536,0.5292490720748901,0.2924094498157501,-0.017090551555156708,0.9994675517082214,0.5115813612937927,0.29478126764297485,-0.07852327078580856,0.9997104406356812,0.5325223207473755,0.31455111503601074,-0.09463360160589218,0.9996939897537231,0.5261110663414001,0.31441375613212585,-0.11259084194898605,0.9997696876525879,0.5362625122070312,0.36433911323547363,0.06813723593950272,0.9997202754020691,0.4856974482536316,0.3691675364971161,-0.0472056046128273,0.9995484948158264,0.5319888591766357,0.4512336850166321,0.08136512339115143,0.6282578706741333,0.4649695158004761,0.4696122109889984,-0.13735227286815643,0.989285945892334,0.5528042316436768,0.46351608633995056,-0.04192230477929115,0.9399406313896179,0.48303210735321045,0.3952716588973999,-0.29206958413124084,0.9947369694709778,0.5593320727348328,0.46802395582199097,-0.06572279334068298,0.914181113243103,0.4877186417579651,0.38190415501594543,-0.3269376754760742,0.9888331294059753,0.5587788224220276,0.4599394202232361,-0.08495008945465088,0.9194990396499634,0.4903040826320648,0.37777429819107056,-0.3298432528972626,0.9879941940307617,0.5551931858062744,0.4575454890727997,-0.05304223671555519,0.9010154604911804,0.4907045364379883,0.3827742040157318,-0.29549258947372437,0.9805049300193787,0.529484748840332,0.551260769367218,0.046155668795108795,0.9981583952903748,0.497962087392807,0.5553748607635498,-0.04617472365498543,0.9977468848228455,0.5297092199325562,0.6997069120407104,0.05153942108154297,0.9029145240783691,0.5026464462280273,0.7032380104064941,-0.04158531129360199,0.9627102017402649,0.5255994200706482,0.8267490267753601,0.18227224051952362,0.9333943128585815,0.5008314251899719,0.8382834196090698,0.07726927101612091,0.9591426849365234,0.5204010605812073,0.8392301201820374,0.1906222552061081,0.8861530423164368,0.4978214204311371,0.8530927896499634,0.0843619778752327,0.7803836464881897,0.5361615419387817,0.8737256526947021,0.11059757322072983,0.9404653906822205,0.5148142576217651,0.8817406892776489,-0.01676575094461441,0.9499353170394897
8799.999999999982,0.5313881039619446,0.3018161356449127,-0.12018652260303497,0.9998864531517029,0.5310403108596802,0.2884591221809387,-0.10443459451198578,0.9998435974121094,0.532161295413971,0.28853973746299744,-0.10447962582111359,0.9997897744178772,0.5331796407699585,0.2884255647659302,-0.10449119657278061,0.999785304069519,0.5259178876876831,0.2879200875759125,-0.11645825207233429,0.9998072385787964,0.5234246253967285,0.2877758741378784,-0.11645962297916412,0.9997733235359192,0.5203222632408142,0.2876483201980591,-0.11646468192338943,0.9997760057449341,0.5292969346046448,0.29251235723495483,-0.004507874138653278,0.9994967579841614,0.5115801095962524,0.2945965826511383,-0.061734434217214584,0.9997252225875854,0.5325276255607605,0.31472039222717285,-0.08121535181999207,0.9997134804725647,0.5261101126670837,0.3145173490047455,-0.09760889410972595,0.9997849464416504,0.5363155007362366,0.3651294708251953,0.07217775285243988,0.9997374415397644,0.4849132299423218,0.36940842866897583,-0.03399791941046715,0.9995726346969604,0.5326210856437683,0.4514431059360504,0.08156315237283707,0.6395788192749023,0.4649900794029236,0.4693337678909302,-0.1278180181980133,0.9892200231552124,0.5532753467559814,0.46352455019950867,-0.03788165748119354,0.9430732727050781,0.48303157091140747,0.39514532685279846,-0.2811884880065918,0.9947593808174133,0.5595049262046814,0.46799182891845703,-0.06084470823407173,0.9185120463371277,0.48694342374801636,0.38401100039482117,-0.3145540654659271,0.9889429807662964,0.5589206218719482,0.4595027267932892,-0.0795530378818512,0.9235633611679077,0.4903309643268585,0.3804200291633606,-0.3159732520580292,0.9881319403648376,0.5554332137107849,0.45733150839805603,-0.04888966307044029,0.9057243466377258,0.4908140003681183,0.38490816950798035,-0.28382936120033264,0.9807716608047485,0.5294853448867798,0.5515410900115967,0.043900903314352036,0.9982349276542664,0.49788397550582886,0.555786669254303,-0.04391022399067879,0.9978290796279907,0.529704749584198,0.6996766328811646,0.046690985560417175,0.9041171073913574,0.5025988817214966,0.7034744620323181,-0.040234800428152084,0.9618782997131348,0.5255988836288452,0.8267503976821899,0.1737830489873886,0.9328511357307434,0.5012419819831848,0.8382875919342041,0.07107577472925186,0.9583383202552795,0.5204055905342102,0.8392241597175598,0.1834692507982254,0.8851429224014282,0.498358815908432,0.8530124425888062,0.07734429836273193,0.7770852446556091,0.5361053347587585,0.8735146522521973,0.10901330411434174,0.9396223425865173,0.5147888660430908,0.8815308213233948,-0.020912349224090576,0.9486355781555176
8833.333333333316,0.5315132737159729,0.3024457097053528,-0.11798661202192307,0.99989253282547,0.5312107801437378,0.28907397389411926,-0.1019723042845726,0.9998522400856018,0.5323007702827454,0.28909263014793396,-0.10201602429151535,0.9998013973236084,0.5333045125007629,0.28893932700157166,-0.10202504694461823,0.9997973442077637,0.5261358618736267,0.28831747174263,-0.1140640452504158,0.9998178482055664,0.523679792881012,0.2880529761314392,-0.11406373232603073,0.9997854232788086,0.5206464529037476,0.2877575159072876,-0.11406920850276947,0.9997880458831787,0.5292968153953552,0.29256317019462585,-0.00188609235920012,0.9995262026786804,0.511666476726532,0.29420340061187744,-0.05937657132744789,0.99974125623703,0.5325969457626343,0.31499651074409485,-0.07898721843957901,0.9997323751449585,0.5262044072151184,0.31468790769577026,-0.09544835984706879,0.9997998476028442,0.536309003829956,0.36519840359687805,0.07463739812374115,0.9997538924217224,0.4846384823322296,0.3693722188472748,-0.03365451842546463,0.999597430229187,0.5331029891967773,0.4514177441596985,0.08264877647161484,0.6523793935775757,0.46497195959091187,0.46879321336746216,-0.12979471683502197,0.9894471764564514,0.5534669756889343,0.4633418619632721,-0.0359773151576519,0.9465512037277222,0.48267465829849243,0.39415448904037476,-0.2838900685310364,0.9949212670326233,0.5597050189971924,0.46776917576789856,-0.05871399864554405,0.9232706427574158,0.48638391494750977,0.38542860746383667,-0.31741511821746826,0.9892899394035339,0.5590484738349915,0.45880624651908875,-0.07713839411735535,0.928020715713501,0.49046680331230164,0.3817747235298157,-0.31809133291244507,0.9885141253471375,0.5555525422096252,0.45668086409568787,-0.046967677772045135,0.9109087586402893,0.49093136191368103,0.38534682989120483,-0.28615328669548035,0.981383204460144,0.529478907585144,0.551587700843811,0.04336092993617058,0.9983044266700745,0.4978531002998352,0.5558662414550781,-0.04337073490023613,0.9979102611541748,0.5296970009803772,0.6996320486068726,0.046860408037900925,0.9051947593688965,0.5022943615913391,0.7035698294639587,-0.03974325209856033,0.961488664150238,0.5255838632583618,0.8266535401344299,0.16898004710674286,0.9324440956115723,0.5012614727020264,0.8384969234466553,0.06759326905012131,0.9580497145652771,0.5203813910484314,0.8390452861785889,0.17812776565551758,0.8850206136703491,0.49848735332489014,0.853069543838501,0.07349374890327454,0.7763720750808716,0.5361029505729675,0.8729639053344727,0.1064624935388565,0.9392575025558472,0.5146905779838562,0.881551206111908,-0.024384919553995132,0.9480257034301758
8866.66666666665,0.5316886305809021,0.3032759130001068,-0.10909851640462875,0.9998959302902222,0.5313676595687866,0.29000142216682434,-0.09358615428209305,0.9998576641082764,0.5324180722236633,0.28993383049964905,-0.09363429248332977,0.9998090863227844,0.533399760723114,0.28971800208091736,-0.09364750236272812,0.9998059868812561,0.5263908505439758,0.2890099883079529,-0.1060473695397377,0.9998237490653992,0.5239338278770447,0.28855571150779724,-0.1060483381152153,0.9997917413711548,0.5209823846817017,0.2880559265613556,-0.10605009645223618,0.9997943639755249,0.5292795300483704,0.292734295129776,0.004045159090310335,0.9995488524436951,0.5118333697319031,0.294038325548172,-0.055003490298986435,0.9997503161430359,0.5326650142669678,0.31540045142173767,-0.07095872610807419,0.9997473955154419,0.5263165831565857,0.3149837553501129,-0.08789314329624176,0.999811053276062,0.5363038182258606,0.3652510344982147,0.0761905387043953,0.999769389629364,0.48434555530548096,0.3694205582141876,-0.029047826305031776,0.9996151328086853,0.5332462787628174,0.45133116841316223,0.08250141888856888,0.662852942943573,0.46507012844085693,0.46849822998046875,-0.12183224409818649,0.9892243146896362,0.553478479385376,0.46314871311187744,-0.03684927895665169,0.9492149353027344,0.4822711646556854,0.3949310779571533,-0.27310121059417725,0.9948838353157043,0.5597109198570251,0.4675441384315491,-0.06090007349848747,0.9270769357681274,0.4857856333255768,0.3858821392059326,-0.3066329061985016,0.9893131256103516,0.5590517520904541,0.45826342701911926,-0.07878807187080383,0.931611955165863,0.49016615748405457,0.38203948736190796,-0.30842918157577515,0.9885672330856323,0.5555701851844788,0.45625394582748413,-0.04741780087351799,0.9151219129562378,0.49067533016204834,0.3862721025943756,-0.2759808897972107,0.9815106987953186,0.5294787883758545,0.5516051650047302,0.04239741712808609,0.9983771443367004,0.4977602958679199,0.5558760166168213,-0.042401496320962906,0.9979816675186157,0.5297028422355652,0.6996083855628967,0.045550838112831116,0.9072997570037842,0.5020287036895752,0.7037199139595032,-0.039503324776887894,0.9613524675369263,0.5256265997886658,0.8264003396034241,0.16472744941711426,0.9326089024543762,0.5012615919113159,0.838597297668457,0.06657563149929047,0.9579126238822937,0.5204420685768127,0.8386140465736389,0.17330032587051392,0.8845123648643494,0.4985203742980957,0.8530803918838501,0.0724414736032486,0.7749814987182617,0.5361312031745911,0.8724924921989441,0.10196710377931595,0.9390966892242432,0.5146928429603577,0.8816958665847778,-0.02472095377743244,0.9474994540214539
8899.999999999984,0.5319310426712036,0.3039611279964447,-0.11473292857408524,0.999897301197052,0.5315472483634949,0.2907061278820038,-0.09917151182889938,0.9998603463172913,0.5325492024421692,0.2905752658843994,-0.09922374784946442,0.9998134970664978,0.5335026383399963,0.29030558466911316,-0.09923917800188065,0.9998108744621277,0.5267059206962585,0.28958356380462646,-0.11183524876832962,0.9998258948326111,0.524233341217041,0.28897884488105774,-0.1118372306227684,0.999793529510498,0.5213733911514282,0.28834009170532227,-0.11184219270944595,0.9997957348823547,0.5292216539382935,0.2928899824619293,-0.00045465081348083913,0.9995643496513367,0.512032687664032,0.2939635217189789,-0.059706710278987885,0.999754011631012,0.5327300429344177,0.3158591091632843,-0.07611144334077835,0.9997581243515015,0.5264688730239868,0.3153631091117859,-0.09324737638235092,0.9998186826705933,0.5362820029258728,0.3652687668800354,0.07473091781139374,0.9997822046279907,0.48427775502204895,0.369705468416214,-0.03273735195398331,0.9996271133422852,0.5332345366477966,0.4512922167778015,0.080848328769207,0.6697807908058167,0.4651588499546051,0.468872994184494,-0.12306420505046844,0.9887863993644714,0.5534622669219971,0.4631434977054596,-0.042052093893289566,0.9511108994483948,0.4821797013282776,0.39582064747810364,-0.27463579177856445,0.9947637319564819,0.5597094297409058,0.46737322211265564,-0.06699013710021973,0.929863452911377,0.4857020974159241,0.3854132890701294,-0.3083382844924927,0.989204466342926,0.5590853095054626,0.4577380418777466,-0.08489322662353516,0.9342572689056396,0.4899008870124817,0.38141870498657227,-0.31068170070648193,0.9884803891181946,0.5555893778800964,0.45589086413383484,-0.0526544488966465,0.9181935787200928,0.49036386609077454,0.3861962854862213,-0.2777880132198334,0.981401801109314,0.5294390320777893,0.5516184568405151,0.0423089824616909,0.9984254837036133,0.49759140610694885,0.5558839440345764,-0.04231015220284462,0.9980193376541138,0.5297046303749084,0.6996016502380371,0.04573291912674904,0.9086998701095581,0.5014870762825012,0.7041853070259094,-0.03896382078528404,0.9612709879875183,0.5256232619285583,0.8261308073997498,0.16440345346927643,0.9326424598693848,0.5011608600616455,0.838627278804779,0.06731590628623962,0.9577484130859375,0.5204275846481323,0.8380810618400574,0.17230354249477386,0.8842530250549316,0.49842187762260437,0.8530814051628113,0.07323210686445236,0.7742391228675842,0.5361385345458984,0.8716108202934265,0.09912575781345367,0.9388251900672913,0.5146948099136353,0.8817447423934937,-0.024055471643805504,0.9469321370124817
8933.333333333318,0.5321428179740906,0.30429860949516296,-0.11836674064397812,0.9998982548713684,0.5317064523696899,0.29111480712890625,-0.10281761735677719,0.999862015247345,0.5326762199401855,0.290971577167511,-0.10287000983953476,0.9998168349266052,0.533612847328186,0.2906971275806427,-0.10288480669260025,0.999814510345459,0.52695232629776,0.2898928225040436,-0.11570478975772858,0.9998272061347961,0.5244710445404053,0.28919893503189087,-0.11570710688829422,0.9997944235801697,0.5216823220252991,0.28847214579582214,-0.11571444571018219,0.9997959136962891,0.5291946530342102,0.2930927872657776,-0.003451843513175845,0.9995775818824768,0.5122064352035522,0.2938528060913086,-0.0633232519030571,0.9997557997703552,0.5328095555305481,0.316091924905777,-0.0796210840344429,0.9997682571411133,0.5266396999359131,0.3155445456504822,-0.09698880463838577,0.9998260140419006,0.5363117456436157,0.3654588460922241,0.07368633896112442,0.9997936487197876,0.4839008152484894,0.3701059818267822,-0.03556365892291069,0.9996374249458313,0.5333121418952942,0.45207327604293823,0.07785364240407944,0.6789358258247375,0.46518051624298096,0.46981126070022583,-0.12582388520240784,0.988542914390564,0.5534571409225464,0.46324533224105835,-0.04782497137784958,0.9531667232513428,0.4819909930229187,0.39618590474128723,-0.2786096930503845,0.9947338104248047,0.5597156286239624,0.4673272669315338,-0.0732702985405922,0.932707667350769,0.48579835891723633,0.3849047124385834,-0.31236517429351807,0.989234209060669,0.559134304523468,0.4574083685874939,-0.09096584469079971,0.9369519352912903,0.4898375868797302,0.380715012550354,-0.3141813576221466,0.9885318875312805,0.5556188821792603,0.4557127058506012,-0.0583520345389843,0.9213067293167114,0.49017244577407837,0.385612815618515,-0.28155869245529175,0.981464147567749,0.5294432640075684,0.5516278743743896,0.04200015589594841,0.9984570741653442,0.4975093603134155,0.5559410452842712,-0.04199567064642906,0.9980428814888,0.5297186374664307,0.6995443105697632,0.04652369022369385,0.9108215570449829,0.5013355612754822,0.7044574022293091,-0.038314078003168106,0.9614863395690918,0.5256006717681885,0.8258678317070007,0.16833887994289398,0.9331182837486267,0.5011630654335022,0.8386488556861877,0.0699988305568695,0.9579514861106873,0.5204149484634399,0.837620735168457,0.17580631375312805,0.8843982219696045,0.498474657535553,0.8530772924423218,0.07601983845233917,0.7748291492462158,0.5361384749412537,0.8710466623306274,0.0996105894446373,0.9389634728431702,0.5146426558494568,0.881748616695404,-0.022438256070017815,0.946786105632782
8966.666666666652,0.5322050452232361,0.3044658899307251,-0.11301270127296448,0.9998994469642639,0.5317677855491638,0.2913302481174469,-0.09774934500455856,0.9998641014099121,0.5327205657958984,0.29118210077285767,-0.09780290722846985,0.9998205304145813,0.5336511135101318,0.2909083962440491,-0.09781699627637863,0.999818742275238,0.5270512700080872,0.2900489866733551,-0.11083891242742538,0.999829113483429,0.5245734453201294,0.2893107533454895,-0.11084151268005371,0.9997962713241577,0.521818995475769,0.28853291273117065,-0.11084569990634918,0.9997978210449219,0.5291616320610046,0.29317012429237366,-1.0700156053644605e-05,0.9995904564857483,0.5122964978218079,0.29369643330574036,-0.06139909103512764,0.9997594356536865,0.5328129529953003,0.3162273168563843,-0.07471156865358353,0.9997777342796326,0.5266677737236023,0.3156384229660034,-0.09239712357521057,0.9998332858085632,0.5363227128982544,0.36547061800956726,0.07471352070569992,0.9998043775558472,0.48368585109710693,0.370134562253952,-0.03134799748659134,0.999650239944458,0.5333139896392822,0.4521273672580719,0.07815716415643692,0.686025083065033,0.4652305245399475,0.4699138402938843,-0.11901222914457321,0.988455593585968,0.5534458160400391,0.4632473886013031,-0.04873429611325264,0.9547159075737,0.48161524534225464,0.3965950608253479,-0.27371707558631897,0.994755744934082,0.5597164630889893,0.46730324625968933,-0.07450728118419647,0.9349772334098816,0.4857405722141266,0.38545849919319153,-0.3078842759132385,0.9893425107002258,0.5591616034507751,0.45737001299858093,-0.09258108586072922,0.9391127228736877,0.4897215962409973,0.3805833160877228,-0.31030452251434326,0.988670825958252,0.5556318759918213,0.4557010233402252,-0.05948491021990776,0.9237791299819946,0.48995018005371094,0.3853338956832886,-0.2769233286380768,0.9816758036613464,0.5294405817985535,0.5511720776557922,0.041389286518096924,0.9984879493713379,0.49738967418670654,0.5555536150932312,-0.041375353932380676,0.9980689287185669,0.5297197103500366,0.6992158889770508,0.04495326429605484,0.9129800796508789,0.5013336539268494,0.7044530510902405,-0.03877255693078041,0.9617664813995361,0.525553286075592,0.8255387544631958,0.16197390854358673,0.9337968230247498,0.5012006163597107,0.8386341333389282,0.06938329339027405,0.9582558274269104,0.5203838348388672,0.8370983004570007,0.1686679869890213,0.8844395875930786,0.4985578656196594,0.8529825210571289,0.07513327896595001,0.7757288217544556,0.5361368656158447,0.8705228567123413,0.09016334265470505,0.9393489360809326,0.5146224498748779,0.8817418217658997,-0.024657534435391426,0.9468798637390137
8999.999999999985,0.5322386026382446,0.3045482039451599,-0.107807956635952,0.9998999238014221,0.5318244695663452,0.29148998856544495,-0.09280098974704742,0.999866247177124,0.5327775478363037,0.2913547456264496,-0.09285483509302139,0.999824047088623,0.5337190628051758,0.2910987436771393,-0.09287213534116745,0.9998235702514648,0.5271124839782715,0.29014113545417786,-0.10606668144464493,0.9998299479484558,0.5246298909187317,0.2893713116645813,-0.10606849193572998,0.999796450138092,0.5218848586082458,0.2885604798793793,-0.10607092827558517,0.999797523021698,0.5291622281074524,0.2932782769203186,0.004122314043343067,0.9996044635772705,0.5123500227928162,0.2935788333415985,-0.058415304869413376,0.9997602105140686,0.5328168869018555,0.31630733609199524,-0.06968830525875092,0.999786913394928,0.5266744494438171,0.31566962599754333,-0.08764614164829254,0.9998388290405273,0.5364992022514343,0.3656326234340668,0.07552551478147507,0.9998147487640381,0.48354777693748474,0.37013769149780273,-0.029580628499388695,0.9996553063392639,0.5334586501121521,0.4523402750492096,0.07779642194509506,0.6924441456794739,0.46584242582321167,0.4697786569595337,-0.11864468455314636,0.9877564311027527,0.5534871816635132,0.4633721113204956,-0.048817988485097885,0.95604407787323,0.4816926419734955,0.3963151276111603,-0.2708010971546173,0.9944941997528076,0.5597217082977295,0.4673876464366913,-0.07476313412189484,0.937044084072113,0.48574331402778625,0.38503342866897583,-0.3046322464942932,0.9890164136886597,0.5591981410980225,0.45738470554351807,-0.09297295659780502,0.9411166906356812,0.4896486699581146,0.38027188181877136,-0.30796805024147034,0.9883678555488586,0.5556827783584595,0.45572468638420105,-0.05964857339859009,0.926169216632843,0.4899222254753113,0.38513845205307007,-0.27450355887413025,0.9812455773353577,0.5294437408447266,0.5511202216148376,0.04105972498655319,0.9985436201095581,0.497200071811676,0.5552344918251038,-0.04104436933994293,0.9981129169464111,0.5297147631645203,0.6990235447883606,0.04017312824726105,0.9159203767776489,0.5013167262077332,0.704447329044342,-0.03982333838939667,0.9621408581733704,0.5255113840103149,0.8254933953285217,0.15953652560710907,0.9351106882095337,0.5012121796607971,0.8385317921638489,0.06831461936235428,0.9586721062660217,0.5203628540039062,0.8369325399398804,0.16653908789157867,0.8852214217185974,0.4986022412776947,0.8527699708938599,0.07409980148077011,0.7751032710075378,0.5360855460166931,0.8705559968948364,0.08749323338270187,0.9400767087936401,0.5144726634025574,0.8817113041877747,-0.025214843451976776,0.9471669793128967
9033.33333333332,0.532254695892334,0.30465465784072876,-0.10424474626779556,0.9998995661735535,0.531865119934082,0.29170042276382446,-0.0893169641494751,0.999866783618927,0.5328179597854614,0.29157260060310364,-0.08937157690525055,0.999825656414032,0.5337664484977722,0.2913253605365753,-0.08938924223184586,0.9998263716697693,0.5271676182746887,0.29027479887008667,-0.10256554186344147,0.9998290538787842,0.5246785283088684,0.28945574164390564,-0.10256799310445786,0.9997950196266174,0.5219453573226929,0.2886052131652832,-0.10257438570261002,0.9997957348823547,0.5291697978973389,0.293395072221756,0.007320401258766651,0.9996135830879211,0.5124172568321228,0.2934870421886444,-0.054992374032735825,0.9997591972351074,0.5328122973442078,0.31638166308403015,-0.06610297411680222,0.999793291091919,0.5266765356063843,0.3156980872154236,-0.08397655934095383,0.9998422861099243,0.5367234945297241,0.36563408374786377,0.07806483656167984,0.9998239874839783,0.48356303572654724,0.3697226047515869,-0.02867129258811474,0.9996604919433594,0.5340010523796082,0.4523341655731201,0.0779721662402153,0.6993616819381714,0.4663255512714386,0.4688866436481476,-0.1197374239563942,0.9874603748321533,0.5537179112434387,0.46340277791023254,-0.04808255285024643,0.9574589133262634,0.48174604773521423,0.3958781063556671,-0.27073875069618225,0.9944314956665039,0.5597363114356995,0.46745094656944275,-0.07380682975053787,0.9391611218452454,0.4857954978942871,0.38443413376808167,-0.3044590651988983,0.9889913201332092,0.5592154264450073,0.4574001431465149,-0.09178125113248825,0.9431412816047668,0.48955589532852173,0.37964335083961487,-0.30767425894737244,0.9883711934089661,0.555749773979187,0.4557318091392517,-0.05880621820688248,0.9285880327224731,0.4898078143596649,0.38456591963768005,-0.2743225395679474,0.981249988079071,0.5294438004493713,0.5508705973625183,0.04098659008741379,0.9985883831977844,0.49707087874412537,0.5545567870140076,-0.04097115993499756,0.9981472492218018,0.5297227501869202,0.6986657977104187,0.0362635962665081,0.9185726046562195,0.5013447999954224,0.7043983936309814,-0.04277251288294792,0.9625129103660583,0.5255070328712463,0.8254227638244629,0.15475299954414368,0.9362728595733643,0.5012571811676025,0.8385220170021057,0.06431432068347931,0.9591643810272217,0.5203583240509033,0.8367868065834045,0.16172008216381073,0.8861657381057739,0.498687744140625,0.8527506589889526,0.0701872780919075,0.7753493785858154,0.536083996295929,0.8705684542655945,0.08325441181659698,0.9407663345336914,0.514400839805603,0.8817012310028076,-0.02932658977806568,0.9475695490837097
9066.666666666653,0.5322847962379456,0.30470335483551025,-0.10881887376308441,0.99989914894104,0.5318959355354309,0.29179808497428894,-0.09369903057813644,0.9998676776885986,0.5328464508056641,0.2916652262210846,-0.09375296533107758,0.9998273253440857,0.5337988138198853,0.2914136052131653,-0.09377023577690125,0.9998289942741394,0.5272219181060791,0.2903650999069214,-0.10683111846446991,0.9998288154602051,0.5247300267219543,0.2895222008228302,-0.10683369636535645,0.9997941255569458,0.522013247013092,0.2886521816253662,-0.10684099793434143,0.9997940063476562,0.529167115688324,0.29342418909072876,0.004121026955544949,0.9996222853660583,0.5124849081039429,0.29344338178634644,-0.05696767941117287,0.9997594952583313,0.5328136086463928,0.3164065182209015,-0.0702972412109375,0.9997995495796204,0.5266906023025513,0.31570667028427124,-0.08810747414827347,0.9998456835746765,0.5368481874465942,0.36563581228256226,0.07713060081005096,0.9998316168785095,0.48359566926956177,0.3696821630001068,-0.031792424619197845,0.999665379524231,0.5339934229850769,0.45237675309181213,0.07864335179328918,0.7021708488464355,0.4667527377605438,0.4680512845516205,-0.12294936925172806,0.9868273138999939,0.5537110567092896,0.46351152658462524,-0.047075510025024414,0.958358645439148,0.4817644953727722,0.39557531476020813,-0.2732286751270294,0.9942359924316406,0.55959552526474,0.46753573417663574,-0.07231329381465912,0.9407237768173218,0.48565688729286194,0.38399773836135864,-0.3073342442512512,0.9887880682945251,0.5591225028038025,0.45741793513298035,-0.08998168259859085,0.9446708559989929,0.48934218287467957,0.3792237937450409,-0.31236931681632996,0.9881914258003235,0.5557186603546143,0.4557494521141052,-0.05755321681499481,0.930444598197937,0.4897002577781677,0.3841809630393982,-0.2778899371623993,0.9809781908988953,0.5294473767280579,0.5509653091430664,0.04184751957654953,0.9986360669136047,0.4970332384109497,0.5545673966407776,-0.041835568845272064,0.9981905817985535,0.5297324061393738,0.6986644864082336,0.038976915180683136,0.9207773208618164,0.5013226270675659,0.7044650316238403,-0.04264776408672333,0.9630200862884521,0.5255017876625061,0.8254216313362122,0.16378788650035858,0.9374790787696838,0.5012419819831848,0.8385677337646484,0.06642070412635803,0.9598463773727417,0.520341157913208,0.8367899060249329,0.1713423877954483,0.8879321813583374,0.4986894726753235,0.852823793888092,0.07270953804254532,0.7764862775802612,0.5360864400863647,0.8706279397010803,0.09428901970386505,0.9415433406829834,0.5142735838890076,0.8817082643508911,-0.026271389797329903,0.948145866394043
9099.999999999987,0.5323026776313782,0.30473336577415466,-0.11076443642377853,0.9998982548713684,0.5319133400917053,0.2918570339679718,-0.09561307728290558,0.9998670816421509,0.5328577160835266,0.29171761870384216,-0.0956679955124855,0.9998276233673096,0.5338073968887329,0.2914586663246155,-0.09568466246128082,0.9998298287391663,0.5272678136825562,0.29042842984199524,-0.10877253115177155,0.9998267292976379,0.5247784852981567,0.28957056999206543,-0.10877534747123718,0.9997912049293518,0.5220797061920166,0.2886873185634613,-0.10878267884254456,0.9997901320457458,0.5291661620140076,0.29345107078552246,0.0025476536247879267,0.9996271133422852,0.5125454664230347,0.2934265434741974,-0.05704982206225395,0.9997560977935791,0.5328097939491272,0.3164322078227997,-0.07215972244739532,0.9998037219047546,0.5267064571380615,0.3157258629798889,-0.08997814357280731,0.9998473525047302,0.5369077920913696,0.3653360903263092,0.07656098157167435,0.9998398423194885,0.4836699366569519,0.369678258895874,-0.03258967399597168,0.9996705055236816,0.5338319540023804,0.45181500911712646,0.07868093997240067,0.7070779204368591,0.4669692814350128,0.4680159389972687,-0.12355668842792511,0.9864490628242493,0.5536623001098633,0.4635173976421356,-0.048500705510377884,0.9595223665237427,0.48077860474586487,0.3955167531967163,-0.27381956577301025,0.9941828846931458,0.5594682693481445,0.46753981709480286,-0.07430671900510788,0.9425726532936096,0.48508864641189575,0.3837522268295288,-0.3093738853931427,0.9888088703155518,0.5590536594390869,0.4574398696422577,-0.09333446621894836,0.9464455246925354,0.4878982901573181,0.37893930077552795,-0.31552067399024963,0.9882426261901855,0.5556974411010742,0.45576268434524536,-0.0596039704978466,0.9325598478317261,0.4882468581199646,0.383758544921875,-0.27956074476242065,0.9810495972633362,0.5294469594955444,0.5505729913711548,0.04268436133861542,0.9986650943756104,0.4970298409461975,0.5541142225265503,-0.04267564043402672,0.9982091784477234,0.5297595858573914,0.6984599232673645,0.04069133847951889,0.9222049713134766,0.5013241171836853,0.7043169736862183,-0.044798076152801514,0.963575541973114,0.5254834890365601,0.825364351272583,0.16378305852413177,0.9382838010787964,0.50124192237854,0.8385823965072632,0.06113748252391815,0.9605156779289246,0.520220935344696,0.8367297053337097,0.17105531692504883,0.8893367052078247,0.49868813157081604,0.8529191613197327,0.06697399169206619,0.7789038419723511,0.5360939502716064,0.8706088662147522,0.09397347271442413,0.9420913457870483,0.5142772793769836,0.8817339539527893,-0.03226717934012413,0.9486704468727112
9133.333333333321,0.5323253273963928,0.3047347664833069,-0.11192934215068817,0.9998969435691833,0.5319254994392395,0.2918555736541748,-0.09663684666156769,0.9998664855957031,0.5328616499900818,0.2917116582393646,-0.09668946266174316,0.9998282790184021,0.5338106155395508,0.291445255279541,-0.09670529514551163,0.9998310208320618,0.5273150205612183,0.29043281078338623,-0.1096295565366745,0.9998231530189514,0.5248338580131531,0.28957393765449524,-0.10963274538516998,0.9997860789299011,0.5221602916717529,0.28869423270225525,-0.10964035242795944,0.9997831583023071,0.529114842414856,0.2934461236000061,0.002469933358952403,0.9996330142021179,0.5126198530197144,0.29340359568595886,-0.05993747338652611,0.9997497200965881,0.532802402973175,0.31643587350845337,-0.07324473559856415,0.9998079538345337,0.5267243385314941,0.3157315254211426,-0.09090428054332733,0.9998483061790466,0.5370162725448608,0.36525923013687134,0.07586252689361572,0.9998483061790466,0.48381125926971436,0.36963850259780884,-0.03277945891022682,0.9996717572212219,0.5335098505020142,0.4520261287689209,0.07541914284229279,0.712062418460846,0.46710631251335144,0.4682844877243042,-0.12416446208953857,0.9857804179191589,0.5536579489707947,0.46362385153770447,-0.05776162073016167,0.9608572125434875,0.48021402955055237,0.3955231308937073,-0.27654746174812317,0.9940133094787598,0.5593969821929932,0.4675436317920685,-0.08458442240953445,0.9446153044700623,0.48454591631889343,0.3837185800075531,-0.31263354420661926,0.988642692565918,0.5590171217918396,0.4574534296989441,-0.1038849875330925,0.9483963847160339,0.4864886403083801,0.37831395864486694,-0.3187192976474762,0.9880973100662231,0.5556918978691101,0.45577454566955566,-0.06918103992938995,0.9348612427711487,0.48692795634269714,0.38257789611816406,-0.28250524401664734,0.9808269739151001,0.5294399857521057,0.5505822896957397,0.04308309778571129,0.9987019300460815,0.4969693124294281,0.5540998578071594,-0.04307536408305168,0.9982296228408813,0.5297819375991821,0.6984395980834961,0.04428271949291229,0.9239636659622192,0.5013145804405212,0.704260528087616,-0.04449833557009697,0.964296281337738,0.5254781246185303,0.8253675103187561,0.16589348018169403,0.9395060539245605,0.5011648535728455,0.8386638760566711,0.061258960515260696,0.9612725973129272,0.5201694965362549,0.8367447853088379,0.17292720079421997,0.8909235000610352,0.4986305236816406,0.853177011013031,0.06706808507442474,0.7810329794883728,0.5360950231552124,0.8708000779151917,0.09520456194877625,0.9429821968078613,0.5142772197723389,0.8817840218544006,-0.031870707869529724,0.9494099020957947
9166.666666666655,0.532326877117157,0.30475112795829773,-0.1156703531742096,0.999896764755249,0.5319268107414246,0.2918468713760376,-0.10038245469331741,0.9998655319213867,0.5328579545021057,0.29169654846191406,-0.1004391461610794,0.9998273849487305,0.5337954759597778,0.29142072796821594,-0.10045072436332703,0.9998298287391663,0.5273177027702332,0.2904345989227295,-0.11321059614419937,0.9998224377632141,0.5248368978500366,0.2895776033401489,-0.11321751028299332,0.9997856020927429,0.5221608877182007,0.28870147466659546,-0.11322668939828873,0.9997824430465698,0.5289985537528992,0.2934424579143524,-0.00123516283929348,0.999630868434906,0.5125821232795715,0.2934074103832245,-0.061866581439971924,0.9997482895851135,0.5327660441398621,0.31648197770118713,-0.07673656940460205,0.9998077154159546,0.5267253518104553,0.3157981336116791,-0.09398511797189713,0.9998477697372437,0.5370165705680847,0.36444708704948425,0.07458339631557465,0.9998525977134705,0.48408043384552,0.36946922540664673,-0.0359058752655983,0.9996758699417114,0.5334500670433044,0.44938647747039795,0.07704978436231613,0.7160125374794006,0.46710970997810364,0.46832096576690674,-0.12516379356384277,0.9860224723815918,0.5536463260650635,0.46349555253982544,-0.048405230045318604,0.9620289206504822,0.47923901677131653,0.3943535089492798,-0.2769352197647095,0.9942124485969543,0.5593893527984619,0.46742257475852966,-0.0735592395067215,0.9463294148445129,0.48460495471954346,0.38014084100723267,-0.31292977929115295,0.9890347123146057,0.5589951276779175,0.45746612548828125,-0.0935286208987236,0.9500047564506531,0.4863784611225128,0.373203843832016,-0.31876543164253235,0.9885188937187195,0.5556662678718567,0.45576828718185425,-0.05979187414050102,0.936824381351471,0.486384779214859,0.3774870038032532,-0.2827748656272888,0.9814638495445251,0.5294635891914368,0.5505898594856262,0.0432841032743454,0.9987022280693054,0.4970289170742035,0.5541101098060608,-0.04328012466430664,0.9982229471206665,0.5297833681106567,0.6984191536903381,0.04564565420150757,0.923583447933197,0.5013339519500732,0.7042337656021118,-0.04477774724364281,0.9643771052360535,0.5254775881767273,0.8253774046897888,0.1656344085931778,0.9389508366584778,0.501118540763855,0.8387379050254822,0.05686020106077194,0.9612317681312561,0.5201559662818909,0.8367443680763245,0.17243126034736633,0.8913726806640625,0.49850910902023315,0.853301465511322,0.06233739107847214,0.7822055816650391,0.5361290574073792,0.8707812428474426,0.09495918452739716,0.9426175951957703,0.5143305659294128,0.8818233609199524,-0.03528592735528946,0.9491643309593201
9199.999999999989,0.5323734879493713,0.3047441244125366,-0.11549456417560577,0.9998958706855774,0.5319308042526245,0.29173052310943604,-0.10021765530109406,0.9998627305030823,0.5328595638275146,0.2915589213371277,-0.10027594864368439,0.999825119972229,0.533790647983551,0.29125112295150757,-0.10028692334890366,0.9998268485069275,0.5273498296737671,0.2903755307197571,-0.11313267797231674,0.9998195171356201,0.5248757600784302,0.28954336047172546,-0.11313893646001816,0.9997826218605042,0.5222133994102478,0.2886869013309479,-0.11314904689788818,0.9997787475585938,0.528898298740387,0.29334110021591187,-0.0012997532030567527,0.9996241331100464,0.5125934481620789,0.2933728098869324,-0.06198038533329964,0.9997423887252808,0.5327680706977844,0.31649208068847656,-0.07676918059587479,0.999805748462677,0.5268027782440186,0.31580835580825806,-0.09409080445766449,0.9998464584350586,0.5370121598243713,0.3640601634979248,0.07439063489437103,0.9998582005500793,0.4840914011001587,0.36927273869514465,-0.035973865538835526,0.9996814131736755,0.5334421992301941,0.4488203525543213,0.07842160761356354,0.721822202205658,0.4669818580150604,0.46890854835510254,-0.12430228292942047,0.9862458109855652,0.5536392331123352,0.4632393419742584,-0.04803226888179779,0.96352219581604,0.4781833291053772,0.39433765411376953,-0.2789956033229828,0.9944018721580505,0.5594200491905212,0.46718135476112366,-0.07310245931148529,0.9484296441078186,0.48459210991859436,0.3790547549724579,-0.31497707962989807,0.9894165396690369,0.5590267181396484,0.4574619233608246,-0.09271501749753952,0.9519656300544739,0.4857579469680786,0.37120935320854187,-0.32013970613479614,0.9889266490936279,0.5556836724281311,0.45573967695236206,-0.059337321668863297,0.93911212682724,0.4853934645652771,0.37582820653915405,-0.2842446267604828,0.9820604920387268,0.529495120048523,0.5504761338233948,0.04369407519698143,0.9986881017684937,0.49707749485969543,0.5540826916694641,-0.04369519278407097,0.9982016682624817,0.5298267006874084,0.6981897354125977,0.04905422776937485,0.9225187301635742,0.5015557408332825,0.7035744786262512,-0.04615745693445206,0.9643916487693787,0.5254520773887634,0.8252028822898865,0.16475719213485718,0.9379872679710388,0.501014769077301,0.8384829163551331,0.050399959087371826,0.9610697031021118,0.5201013684272766,0.836509644985199,0.17087969183921814,0.8913325667381287,0.4982432723045349,0.853102445602417,0.05528400093317032,0.7837972640991211,0.5361478924751282,0.8707859516143799,0.09469369798898697,0.9420167207717896,0.5143290162086487,0.8817824721336365,-0.04126478359103203,0.9487205743789673
9233.333333333323,0.5323765277862549,0.3046308755874634,-0.1254349648952484,0.9998947978019714,0.5319325923919678,0.2915172576904297,-0.10943928360939026,0.9998602867126465,0.5328589081764221,0.2913566529750824,-0.10950120538473129,0.999822735786438,0.5337828397750854,0.29105687141418457,-0.10951195657253265,0.9998235106468201,0.5273527503013611,0.29019972681999207,-0.12248727679252625,0.9998164772987366,0.5248809456825256,0.2894195318222046,-0.12249160557985306,0.9997792840003967,0.5222181677818298,0.2885964810848236,-0.12250695377588272,0.9997740387916565,0.5288690328598022,0.29323437809944153,-0.008099774830043316,0.9996165633201599,0.5126051902770996,0.2932855486869812,-0.06887202709913254,0.9997366666793823,0.5327650308609009,0.31648409366607666,-0.08565353602170944,0.9998024106025696,0.5268080830574036,0.3157990276813507,-0.10307422280311584,0.9998430609703064,0.536973237991333,0.36358827352523804,0.07241381704807281,0.9998621940612793,0.4841006398200989,0.3679545521736145,-0.04307074844837189,0.9996834397315979,0.5332529544830322,0.4482654631137848,0.07834123075008392,0.7242177128791809,0.466972678899765,0.4688747227191925,-0.13624858856201172,0.9864097237586975,0.5536259412765503,0.46271416544914246,-0.0492202490568161,0.9646832942962646,0.4783824384212494,0.3924182057380676,-0.29721030592918396,0.9945324063301086,0.5594196915626526,0.4668727517127991,-0.07429960370063782,0.9500893950462341,0.48482516407966614,0.373978853225708,-0.3327923119068146,0.9896624088287354,0.5590119957923889,0.4572021961212158,-0.0934559777379036,0.9535207152366638,0.48590606451034546,0.36631226539611816,-0.33592489361763,0.9891828894615173,0.5556746125221252,0.45547524094581604,-0.06033967435359955,0.9408664703369141,0.4856261610984802,0.37196406722068787,-0.30094003677368164,0.9824137687683105,0.5295186638832092,0.5502414703369141,0.04510858282446861,0.9986605644226074,0.4971681833267212,0.554064929485321,-0.04511605575680733,0.9981629252433777,0.5298404097557068,0.6979627013206482,0.05405716970562935,0.9203407764434814,0.502003014087677,0.7030602097511292,-0.04678560793399811,0.9640581011772156,0.525300145149231,0.8251953125,0.1666332334280014,0.9366548657417297,0.5009945034980774,0.8383234739303589,0.049320172518491745,0.9604902863502502,0.5194603800773621,0.8364663124084473,0.1725950539112091,0.8909189701080322,0.498088538646698,0.8530261516571045,0.05419164150953293,0.7843911647796631,0.5361239314079285,0.8708415627479553,0.09782692790031433,0.9410720467567444,0.5143231153488159,0.8817352652549744,-0.042982205748558044,0.9479848146438599
9266.666666666657,0.5323759317398071,0.30446308851242065,-0.09374813735485077,0.9998875856399536,0.5319241881370544,0.2914416193962097,-0.07853008806705475,0.9998549222946167,0.5328240394592285,0.2913038432598114,-0.07859370857477188,0.9998178482055664,0.5337029099464417,0.2910248339176178,-0.07862039655447006,0.9998223185539246,0.5273833870887756,0.2900996506214142,-0.09311806410551071,0.9998030066490173,0.5249444246292114,0.2893286943435669,-0.09311993420124054,0.9997612237930298,0.5223233699798584,0.28850996494293213,-0.09313181042671204,0.9997521638870239,0.5286376476287842,0.29323530197143555,0.01746501959860325,0.999617338180542,0.5127463936805725,0.29318520426750183,-0.05020776018500328,0.9997127652168274,0.5326619148254395,0.31645604968070984,-0.05571985989809036,0.9998008012771606,0.5268048048019409,0.3157549202442169,-0.07524583488702774,0.9998323321342468,0.5368184447288513,0.3635951578617096,0.0842079222202301,0.9998688697814941,0.4842168986797333,0.3619177043437958,-0.035793013870716095,0.9996668100357056,0.5332463383674622,0.4483043849468231,0.07530434429645538,0.7291028499603271,0.4692516624927521,0.4640772342681885,-0.13469897210597992,0.9847893714904785,0.5536385774612427,0.46224454045295715,-0.05553469806909561,0.9656898975372314,0.4807588756084442,0.3884148895740509,-0.27967569231987,0.9937334656715393,0.5594174265861511,0.46664053201675415,-0.0818995013833046,0.9516692757606506,0.48694416880607605,0.37220248579978943,-0.31348130106925964,0.988526463508606,0.558942437171936,0.4566427767276764,-0.0998334065079689,0.9550653696060181,0.48836082220077515,0.36475417017936707,-0.3170493543148041,0.9880390167236328,0.5556403994560242,0.4549432098865509,-0.06642267107963562,0.942732572555542,0.48893430829048157,0.37017959356307983,-0.28381553292274475,0.9807078838348389,0.5296069383621216,0.5496390461921692,0.04538910835981369,0.9987022876739502,0.4972028434276581,0.5535721778869629,-0.0453835166990757,0.9981788396835327,0.529854953289032,0.6974470019340515,0.04608935862779617,0.9223587512969971,0.5020301938056946,0.7028407454490662,-0.04812585934996605,0.9647200107574463,0.5252970457077026,0.8249222636222839,0.15531505644321442,0.9377506971359253,0.500994861125946,0.8383387923240662,0.05032085254788399,0.9611582159996033,0.5194724202156067,0.8361585140228271,0.1614113748073578,0.8922207951545715,0.4980781674385071,0.8529820442199707,0.05554966628551483,0.7846574783325195,0.5361921787261963,0.8706406354904175,0.0869499072432518,0.9419007301330566,0.5144004821777344,0.8817678093910217,-0.0410856269299984,0.9487885236740112
9299.99999999999,0.5323405265808105,0.30433547496795654,-0.10463655740022659,0.9998851418495178,0.5319086313247681,0.29138875007629395,-0.08944304287433624,0.9998522400856018,0.5328051447868347,0.29128339886665344,-0.08951325714588165,0.9998151063919067,0.5336816310882568,0.29102298617362976,-0.08953903615474701,0.9998209476470947,0.5273662209510803,0.29001304507255554,-0.10466250032186508,0.9997973442077637,0.5249351859092712,0.28926947712898254,-0.10466408729553223,0.9997531771659851,0.5223118662834167,0.28846460580825806,-0.10468815267086029,0.9997420310974121,0.5286327004432678,0.2933248281478882,0.007485632784664631,0.9996125102043152,0.5127384662628174,0.29317352175712585,-0.06178035959601402,0.999700129032135,0.5325924158096313,0.31645122170448303,-0.0663021132349968,0.9998000860214233,0.526714563369751,0.31573542952537537,-0.08664003759622574,0.9998276829719543,0.536810576915741,0.363747239112854,0.07913918793201447,0.9998724460601807,0.48413562774658203,0.3622613549232483,-0.04514253884553909,0.9996607303619385,0.5332428216934204,0.4499334692955017,0.07235919684171677,0.7320637702941895,0.46927782893180847,0.4641116261482239,-0.143234983086586,0.9841648936271667,0.553925633430481,0.4621978998184204,-0.05755246803164482,0.9667000770568848,0.48101985454559326,0.38422223925590515,-0.2913576364517212,0.9935691952705383,0.5596117377281189,0.4664030373096466,-0.08320149034261703,0.9530577063560486,0.4866994321346283,0.3662363588809967,-0.32516080141067505,0.9883108139038086,0.559040367603302,0.4561745822429657,-0.10055870562791824,0.9563789367675781,0.487453818321228,0.3585447669029236,-0.32848426699638367,0.9878130555152893,0.5557639002799988,0.4545767307281494,-0.06813222914934158,0.9442636966705322,0.48854339122772217,0.3661033511161804,-0.29528430104255676,0.980339765548706,0.5296156406402588,0.5496461987495422,0.04684974253177643,0.9987107515335083,0.4971829950809479,0.553627610206604,-0.0468587689101696,0.9981797933578491,0.5298781991004944,0.6974450945854187,0.05588965862989426,0.9223377704620361,0.5020773410797119,0.7028403878211975,-0.04787866026163101,0.9650557041168213,0.5253108143806458,0.824868381023407,0.1688302904367447,0.9382725954055786,0.5009928941726685,0.8383423686027527,0.051609814167022705,0.9615049958229065,0.5195558667182922,0.8361177444458008,0.17530213296413422,0.8934609889984131,0.4980420768260956,0.8529770970344543,0.05692548677325249,0.7852697968482971,0.536442220211029,0.8706116676330566,0.10180532932281494,0.9424566030502319,0.5145304799079895,0.8818219900131226,-0.04012269899249077,0.9492921829223633
9333.333333333325,0.5322434902191162,0.3043041229248047,-0.11256136745214462,0.9998833537101746,0.5318673253059387,0.291382759809494,-0.09673739969730377,0.999851405620575,0.5327672958374023,0.2912806272506714,-0.0968112125992775,0.9998142719268799,0.5336465239524841,0.2910268306732178,-0.09684056788682938,0.9998213648796082,0.5272825956344604,0.2900117337703705,-0.11129992455244064,0.9997930526733398,0.5248690247535706,0.2892749309539795,-0.11130349338054657,0.9997463226318359,0.5222281217575073,0.28848889470100403,-0.1113254725933075,0.9997330904006958,0.528626024723053,0.29341912269592285,0.0023335942532867193,0.99961256980896,0.5126521587371826,0.29327088594436646,-0.06493870913982391,0.999686062335968,0.5324887633323669,0.3164544701576233,-0.07368041574954987,0.9997992515563965,0.5265113711357117,0.3157404065132141,-0.09317369759082794,0.9998205900192261,0.536809504032135,0.3639252185821533,0.07464189827442169,0.9998748302459717,0.48425957560539246,0.3626030385494232,-0.04673410579562187,0.9996349811553955,0.5332348942756653,0.4507448077201843,0.06838725507259369,0.7348625659942627,0.46994122862815857,0.4636363387107849,-0.14570745825767517,0.9829265475273132,0.5540918111801147,0.4621864855289459,-0.05862943083047867,0.9675642848014832,0.4804481863975525,0.37801486253738403,-0.29642418026924133,0.9932144284248352,0.5597458481788635,0.46634066104888916,-0.08378378301858902,0.9541536569595337,0.4839690327644348,0.3576816916465759,-0.33056992292404175,0.9878365397453308,0.5591265559196472,0.4560220241546631,-0.1010410413146019,0.9574345350265503,0.4832986295223236,0.3479815125465393,-0.3351972997188568,0.9873322248458862,0.5558804869651794,0.4544907808303833,-0.06914927810430527,0.9454958438873291,0.4850674271583557,0.3570747673511505,-0.30121544003486633,0.9796451926231384,0.5296262502670288,0.5497186183929443,0.04703754559159279,0.9987255334854126,0.4971437454223633,0.5537518262863159,-0.04705052077770233,0.9981786012649536,0.5298969149589539,0.697445809841156,0.0565301775932312,0.9227842092514038,0.5020707249641418,0.7028073072433472,-0.04757559671998024,0.9655712842941284,0.5253212451934814,0.8248639702796936,0.16912147402763367,0.939259946346283,0.50095134973526,0.8383352756500244,0.05228223651647568,0.9620825052261353,0.5196302533149719,0.8361220359802246,0.17549483478069305,0.8952469229698181,0.497984915971756,0.8529196977615356,0.05760248377919197,0.7855788469314575,0.5365064740180969,0.8706587553024292,0.10153482109308243,0.9433272480964661,0.5145366787910461,0.8818234205245972,-0.039763543754816055,0.9500138759613037
9366.666666666659,0.5322152972221375,0.3042981028556824,-0.098066046833992,0.9998800754547119,0.5318359732627869,0.2913791835308075,-0.08302894979715347,0.9998485445976257,0.532715916633606,0.2912787199020386,-0.08309575915336609,0.9998117089271545,0.5335701704025269,0.2910311222076416,-0.08312224596738815,0.9998210668563843,0.5272778272628784,0.2900119125843048,-0.0973745733499527,0.9997844696044922,0.5248701572418213,0.28928330540657043,-0.09737637639045715,0.9997340440750122,0.52223801612854,0.2885129451751709,-0.09738697111606598,0.9997186660766602,0.5285139679908752,0.29345622658729553,0.01107850018888712,0.9996118545532227,0.5126528143882751,0.2933046221733093,-0.0559806264936924,0.9996640086174011,0.5324053764343262,0.3164636492729187,-0.06105438619852066,0.9997977614402771,0.5264772772789001,0.31575486063957214,-0.08034538477659225,0.9998121857643127,0.536676824092865,0.3643438220024109,0.07718250155448914,0.9998801946640015,0.4842519462108612,0.3625907599925995,-0.03971649333834648,0.9996198415756226,0.5332108736038208,0.4512478709220886,0.06875712424516678,0.7406438589096069,0.47004571557044983,0.46322280168533325,-0.13643613457679749,0.982062578201294,0.5542201995849609,0.46197623014450073,-0.049409233033657074,0.9689150452613831,0.47975069284439087,0.37454575300216675,-0.2759079039096832,0.9930478930473328,0.5598414540290833,0.46607446670532227,-0.07377299666404724,0.9559243321418762,0.48176929354667664,0.35217636823654175,-0.30872631072998047,0.9876314401626587,0.5591724514961243,0.45558759570121765,-0.09034503251314163,0.9591028690338135,0.48103028535842896,0.3430449366569519,-0.3134858012199402,0.9871264100074768,0.555942177772522,0.45406484603881836,-0.05947621911764145,0.9475333094596863,0.4836406409740448,0.35318586230278015,-0.280714213848114,0.979372501373291,0.5296615958213806,0.5497210621833801,0.046959973871707916,0.9987536668777466,0.4971383512020111,0.5537984371185303,-0.046972814947366714,0.9981836676597595,0.5299323201179504,0.6974443197250366,0.05608180910348892,0.9236158728599548,0.5020571947097778,0.7028065323829651,-0.0472942478954792,0.9657425284385681,0.5253206491470337,0.8248656988143921,0.16347987949848175,0.9397311806678772,0.5009352564811707,0.8383283615112305,0.05233244225382805,0.9621453285217285,0.5196357369422913,0.836147665977478,0.16965056955814362,0.8958429098129272,0.4979802966117859,0.8528999090194702,0.05781439319252968,0.7843336462974548,0.536514163017273,0.8709137439727783,0.09796877205371857,0.9436979293823242,0.5145580172538757,0.8818264007568359,-0.03635425493121147,0.9501262307167053
9399.999999999993,0.5321430563926697,0.3042181730270386,-0.10159802436828613,0.9998782277107239,0.5317809581756592,0.2913549840450287,-0.08608295768499374,0.9998484253883362,0.5326582193374634,0.29126617312431335,-0.08614667505025864,0.9998114109039307,0.5335089564323425,0.291029155254364,-0.08617252856492996,0.9998224973678589,0.5272384881973267,0.28999409079551697,-0.10008972138166428,0.9997811913490295,0.5248523950576782,0.2892772853374481,-0.10009244084358215,0.9997286796569824,0.5222252011299133,0.2885136008262634,-0.10010373592376709,0.9997116923332214,0.5284982323646545,0.2934724986553192,0.009898070245981216,0.9996142983436584,0.5126505494117737,0.2933022677898407,-0.05571626499295235,0.9996517300605774,0.5323240160942078,0.31643664836883545,-0.06395436823368073,0.9997966289520264,0.5263954997062683,0.31572359800338745,-0.08279558271169662,0.9998036623001099,0.5366213917732239,0.36454904079437256,0.07753737270832062,0.9998827576637268,0.4843805730342865,0.36255374550819397,-0.04057024046778679,0.9995948672294617,0.5331756472587585,0.45122984051704407,0.06884738057851791,0.7448292374610901,0.47068893909454346,0.46005305647850037,-0.14280012249946594,0.9812497496604919,0.5543202757835388,0.4618024230003357,-0.03948909416794777,0.969953179359436,0.479216992855072,0.3678353726863861,-0.28003543615341187,0.9928428530693054,0.5599167346954346,0.4658869206905365,-0.06208646297454834,0.9571576714515686,0.47883495688438416,0.34050917625427246,-0.3115302622318268,0.9873371720314026,0.5591951608657837,0.45541825890541077,-0.07815563678741455,0.9602711796760559,0.47967010736465454,0.3352775573730469,-0.31715041399002075,0.9868199229240417,0.5559785962104797,0.4539094865322113,-0.04915192350745201,0.9489395022392273,0.4815340042114258,0.3443845510482788,-0.28548386693000793,0.9789654016494751,0.5296801328659058,0.5497452020645142,0.0471799336373806,0.9987782835960388,0.4971480071544647,0.553887665271759,-0.04719272628426552,0.9982020854949951,0.5299545526504517,0.6974371075630188,0.05511397868394852,0.9234131574630737,0.5020531415939331,0.7027574181556702,-0.04762281849980354,0.9658569693565369,0.5253095030784607,0.8248720765113831,0.16090770065784454,0.9399844408035278,0.5008435249328613,0.838236927986145,0.04971568286418915,0.9621660709381104,0.5196321606636047,0.8362303376197815,0.1667356640100479,0.8971111178398132,0.497810959815979,0.8528123497962952,0.0550050251185894,0.7829186320304871,0.5365206003189087,0.8710381388664246,0.09678113460540771,0.9438927173614502,0.5145646333694458,0.881825864315033,-0.03824475035071373,0.9502058625221252
9433.333333333327,0.53200364112854,0.3040669858455658,-0.10731163620948792,0.9998761415481567,0.5316345691680908,0.29121729731559753,-0.09182162582874298,0.9998475909233093,0.5325140357017517,0.29115620255470276,-0.09188762307167053,0.9998106956481934,0.5333616137504578,0.2909499704837799,-0.09191729873418808,0.9998230934143066,0.5270954370498657,0.2898731529712677,-0.10625744611024857,0.9997763633728027,0.5247653722763062,0.28919628262519836,-0.10626181960105896,0.9997212886810303,0.5221434235572815,0.28845739364624023,-0.10627653449773788,0.9997013807296753,0.5283859968185425,0.2934419512748718,0.005001353099942207,0.9996175169944763,0.512593150138855,0.2932850122451782,-0.06206491217017174,0.9996384978294373,0.5321855545043945,0.3163759410381317,-0.06932142376899719,0.9997977614402771,0.526275098323822,0.3156757056713104,-0.08870956301689148,0.9997979998588562,0.5365380048751831,0.36487311124801636,0.07423388957977295,0.9998855590820312,0.48427268862724304,0.36255931854248047,-0.04736732691526413,0.9995788931846619,0.5330033898353577,0.45145314931869507,0.06823566555976868,0.7467018365859985,0.4707629084587097,0.4597473442554474,-0.14846038818359375,0.979945957660675,0.5543321967124939,0.46180459856987,-0.04235100746154785,0.9704050421714783,0.47969210147857666,0.3706406056880951,-0.28778359293937683,0.9922735691070557,0.5599318742752075,0.4658413231372833,-0.06278220564126968,0.9577085971832275,0.47942492365837097,0.3441477417945862,-0.31966590881347656,0.986521303653717,0.5592031478881836,0.4553367793560028,-0.079292431473732,0.9608224034309387,0.47968941926956177,0.3358772099018097,-0.3250892460346222,0.9859710335731506,0.5559883713722229,0.4538748860359192,-0.05167124420404434,0.9495865702629089,0.48209095001220703,0.347610205411911,-0.2930425703525543,0.9777753949165344,0.529691755771637,0.5499786734580994,0.047604236751794815,0.9987868070602417,0.49714890122413635,0.5543332099914551,-0.04761243984103203,0.9982001781463623,0.5299579501152039,0.69757080078125,0.056166041642427444,0.9226034283638,0.5020471811294556,0.7029231190681458,-0.04767674580216408,0.9660366177558899,0.5253082513809204,0.8248725533485413,0.16377581655979156,0.939944863319397,0.5008420348167419,0.8382493257522583,0.05049838125705719,0.9621672630310059,0.5196412205696106,0.8363077640533447,0.1697493940591812,0.8980290293693542,0.4977303147315979,0.8528085350990295,0.055847130715847015,0.7826645970344543,0.5365699529647827,0.8710294365882874,0.09908533096313477,0.943903923034668,0.514682948589325,0.8818283677101135,-0.038148656487464905,0.9502344131469727
9466.66666666666,0.5317779183387756,0.30400386452674866,-0.10473848134279251,0.9998707175254822,0.5313805341720581,0.2911836802959442,-0.08938999474048615,0.9998449683189392,0.5322519540786743,0.2911323308944702,-0.08945519477128983,0.9998090267181396,0.5330723524093628,0.2909376323223114,-0.08948586136102676,0.999823808670044,0.5268462300300598,0.2898541986942291,-0.10417940467596054,0.9997647404670715,0.5245647430419922,0.28919050097465515,-0.10418298095464706,0.999704897403717,0.5219186544418335,0.2884576618671417,-0.10419535636901855,0.9996798038482666,0.5280481576919556,0.29345086216926575,0.0076247104443609715,0.9996240139007568,0.5124810934066772,0.2933042645454407,-0.061224889010190964,0.9996178150177002,0.5319485068321228,0.31633785367012024,-0.06652917712926865,0.9997999668121338,0.5260294079780579,0.31565314531326294,-0.08641452342271805,0.9997910261154175,0.5364494919776917,0.36528611183166504,0.07575266808271408,0.9998906850814819,0.4840722978115082,0.3628138601779938,-0.046270132064819336,0.9995546340942383,0.5329765677452087,0.4521532356739044,0.064821258187294,0.7473083138465881,0.4717000126838684,0.45830410718917847,-0.14048248529434204,0.9760534167289734,0.5543501377105713,0.4619044363498688,-0.061578936874866486,0.9703065752983093,0.4866942763328552,0.3822762072086334,-0.26045089960098267,0.9894484877586365,0.5599303841590881,0.46584466099739075,-0.0874696671962738,0.9577869772911072,0.48712432384490967,0.36191704869270325,-0.2912178039550781,0.9826624989509583,0.5592014789581299,0.45529475808143616,-0.10449086129665375,0.9609847068786621,0.4865262806415558,0.34633055329322815,-0.29723936319351196,0.9820197224617004,0.5559933185577393,0.45386576652526855,-0.07216920703649521,0.9497442245483398,0.48706209659576416,0.3588450849056244,-0.2654690146446228,0.9724721908569336,0.5297089219093323,0.5501495003700256,0.04759644716978073,0.9988213777542114,0.4971139132976532,0.5545437335968018,-0.047592587769031525,0.9982076287269592,0.5299445986747742,0.6976492404937744,0.05409375950694084,0.9237377047538757,0.501698911190033,0.7030187845230103,-0.047354377806186676,0.9667987823486328,0.5253074765205383,0.8247958421707153,0.16361451148986816,0.9410433769226074,0.5008001327514648,0.838217556476593,0.057275380939245224,0.9629434943199158,0.5196440815925598,0.8362805247306824,0.16965849697589874,0.8991534113883972,0.4976586401462555,0.8527237772941589,0.06322101503610611,0.7839595079421997,0.536583662033081,0.871009886264801,0.09706881642341614,0.9447879195213318,0.5146881937980652,0.8818367719650269,-0.03193722665309906,0.9511921405792236
9499.999999999995,0.5315631031990051,0.3039580285549164,-0.10611323267221451,0.9998644590377808,0.5311283469200134,0.29114940762519836,-0.09054525941610336,0.9998406171798706,0.5320151448249817,0.2911047637462616,-0.09061398357152939,0.9998040795326233,0.5328361392021179,0.2909207046031952,-0.09065397828817368,0.9998213052749634,0.5265589952468872,0.2898469865322113,-0.10523851215839386,0.999752938747406,0.5242998600006104,0.2891906499862671,-0.10524173080921173,0.9996883869171143,0.5216070413589478,0.28847262263298035,-0.1052527204155922,0.9996591806411743,0.527825653553009,0.293471097946167,0.006389377638697624,0.99962317943573,0.5122812986373901,0.29342952370643616,-0.06174885109066963,0.999592125415802,0.5317814350128174,0.3163125813007355,-0.06811332702636719,0.9997970461845398,0.5258285999298096,0.3156503140926361,-0.08779718726873398,0.9997779726982117,0.5362880825996399,0.36544615030288696,0.07393065094947815,0.9998922944068909,0.48407524824142456,0.3634701669216156,-0.04799981415271759,0.9995167851448059,0.532942533493042,0.45218586921691895,0.06583861261606216,0.7469753623008728,0.47189176082611084,0.45768943428993225,-0.1470627635717392,0.9731242060661316,0.5543549060821533,0.46189287304878235,-0.05298920348286629,0.9698857069015503,0.48604947328567505,0.37946999073028564,-0.2739763557910919,0.9878069758415222,0.5599303841590881,0.46579569578170776,-0.07602931559085846,0.9572073817253113,0.48701080679893494,0.3530864417552948,-0.3044450581073761,0.9803958535194397,0.5591727495193481,0.4552215337753296,-0.09247556328773499,0.9605035781860352,0.486385703086853,0.34441977739334106,-0.311088889837265,0.9796725511550903,0.5559801459312439,0.453825443983078,-0.06293313205242157,0.9491563439369202,0.48699477314949036,0.3545575737953186,-0.27989885210990906,0.969288170337677,0.5296400189399719,0.5507887005805969,0.04771191626787186,0.9988374710083008,0.49701347947120667,0.5551578402519226,-0.047704268246889114,0.9982042908668518,0.5298094153404236,0.6978726387023926,0.05511067062616348,0.9228965044021606,0.5012444257736206,0.7033952474594116,-0.04709450155496597,0.967015266418457,0.5253076553344727,0.824712872505188,0.16360844671726227,0.941215455532074,0.500641405582428,0.8382310271263123,0.05712178722023964,0.9630410075187683,0.5196574926376343,0.836270809173584,0.16964182257652283,0.8998064994812012,0.4972798526287079,0.8527364730834961,0.06299623847007751,0.7834034562110901,0.5366963744163513,0.870919942855835,0.09696295857429504,0.9448192715644836,0.5147640109062195,0.8818642497062683,-0.03187613934278488,0.9512355327606201
9533.333333333328,0.5314440131187439,0.30390292406082153,-0.09219463169574738,0.9998539090156555,0.5309444665908813,0.2910710871219635,-0.07680090516805649,0.999833881855011,0.5318139791488647,0.29103389382362366,-0.07686685770750046,0.9997970461845398,0.5326065421104431,0.2908615469932556,-0.07690425217151642,0.9998182058334351,0.526411235332489,0.2898184061050415,-0.09146808832883835,0.9997336864471436,0.5241718292236328,0.28918376564979553,-0.09147150069475174,0.9996625781059265,0.521467924118042,0.2884749174118042,-0.0914812982082367,0.9996276497840881,0.5274718999862671,0.2934744358062744,0.017819371074438095,0.999622642993927,0.5121622085571289,0.293533056974411,-0.050410594791173935,0.9995598196983337,0.5316420793533325,0.3162929117679596,-0.055035945028066635,0.9997935891151428,0.5257344245910645,0.315647691488266,-0.07470071315765381,0.9997611045837402,0.5361181497573853,0.36548247933387756,0.0800328403711319,0.9998956918716431,0.4840617775917053,0.36356887221336365,-0.044311217963695526,0.9994786381721497,0.5331342816352844,0.4521400034427643,0.06629941612482071,0.7477418184280396,0.473347544670105,0.4518031179904938,-0.14523926377296448,0.9694947004318237,0.5543540716171265,0.46186602115631104,-0.0521467961370945,0.9695234894752502,0.489053875207901,0.3794502019882202,-0.2590278685092926,0.9852664470672607,0.5598638653755188,0.46576860547065735,-0.07527028769254684,0.9568274021148682,0.4891126751899719,0.3534381687641144,-0.2890779376029968,0.9769917130470276,0.5589865446090698,0.45516151189804077,-0.09091982245445251,0.9602193236351013,0.4884016215801239,0.34548377990722656,-0.29445236921310425,0.9761719107627869,0.5558339357376099,0.45375892519950867,-0.06176499277353287,0.9488889575004578,0.48892250657081604,0.35525262355804443,-0.26400765776634216,0.9647047519683838,0.5296415686607361,0.5509763360023499,0.04767128452658653,0.9988789558410645,0.4969405233860016,0.555281937122345,-0.04766072332859039,0.9982306361198425,0.5297739505767822,0.6978940367698669,0.0500628687441349,0.9234393239021301,0.5009585618972778,0.7034264802932739,-0.047439441084861755,0.9674922227859497,0.5253108143806458,0.8247413635253906,0.15752820670604706,0.9418696165084839,0.5005649328231812,0.8382692337036133,0.05676726996898651,0.9634278416633606,0.5197259783744812,0.8363568782806396,0.16365565359592438,0.900698721408844,0.4971238672733307,0.8527269959449768,0.06275159120559692,0.7827007174491882,0.5366913080215454,0.8709954023361206,0.09173144400119781,0.9451780319213867,0.5147513747215271,0.8818450570106506,-0.03205186501145363,0.9516207575798035
9566.666666666662,0.5312825441360474,0.303894579410553,-0.09507205337285995,0.9998438954353333,0.5307512879371643,0.29105743765830994,-0.0796191394329071,0.9998262524604797,0.5316122174263,0.29102417826652527,-0.07968462258577347,0.999788224697113,0.532383143901825,0.29085761308670044,-0.07971920818090439,0.9998133778572083,0.5262206792831421,0.2898150682449341,-0.09413889795541763,0.9997148513793945,0.5239906311035156,0.289183646440506,-0.09414175152778625,0.9996371865272522,0.5212532877922058,0.28848329186439514,-0.09415476024150848,0.9995968341827393,0.5270975828170776,0.2934998869895935,0.015520184300839901,0.9996168613433838,0.5119975209236145,0.29358425736427307,-0.0520123690366745,0.9995214343070984,0.53144371509552,0.31628766655921936,-0.05770908668637276,0.9997891187667847,0.5255492925643921,0.3156473934650421,-0.07717617601156235,0.9997437596321106,0.5359938144683838,0.3655022978782654,0.07956735789775848,0.999898374080658,0.48405393958091736,0.36368829011917114,-0.04423484578728676,0.9994366765022278,0.5333632230758667,0.45213329792022705,0.06355636566877365,0.7524863481521606,0.4734205901622772,0.4503595232963562,-0.14928406476974487,0.9678182601928711,0.5544156432151794,0.46186575293540955,-0.052201416343450546,0.9700206518173218,0.4880196154117584,0.3722632825374603,-0.2711585760116577,0.9845248460769653,0.55986088514328,0.46572694182395935,-0.07543560117483139,0.9573630094528198,0.48796409368515015,0.34726980328559875,-0.3009697496891022,0.9758858680725098,0.558939516544342,0.455131471157074,-0.0909317284822464,0.960749626159668,0.4871460795402527,0.3369908630847931,-0.3064936101436615,0.9750095009803772,0.5558236241340637,0.4537402391433716,-0.06175446882843971,0.9495558142662048,0.48877349495887756,0.35081976652145386,-0.2766948342323303,0.9630768895149231,0.5296427607536316,0.5509856343269348,0.047643307596445084,0.9989096522331238,0.4968882203102112,0.55528724193573,-0.047633539885282516,0.9982419610023499,0.5298269391059875,0.697901725769043,0.04723334312438965,0.9239173531532288,0.5008682608604431,0.7033933401107788,-0.04765685647726059,0.9673992991447449,0.5253293514251709,0.8247604966163635,0.15417100489139557,0.9422533512115479,0.5005024075508118,0.8382735252380371,0.05661392584443092,0.9632267355918884,0.5197548270225525,0.8364295959472656,0.16028393805027008,0.9009326696395874,0.49708107113838196,0.8527143001556396,0.06266948580741882,0.7797062993049622,0.5367017984390259,0.8713228702545166,0.08772221207618713,0.9453232884407043,0.514741063117981,0.8818215727806091,-0.032247431576251984,0.951448917388916
9599.999999999996,0.531236469745636,0.3039316236972809,-0.08807943761348724,0.9998387098312378,0.5306714177131653,0.2911418676376343,-0.07280730456113815,0.9998230934143066,0.5314945578575134,0.29112088680267334,-0.07286658138036728,0.9997830986976624,0.5322190523147583,0.2909884750843048,-0.07289716601371765,0.9998111128807068,0.5261944532394409,0.2899158298969269,-0.08754417300224304,0.9997095465660095,0.5239672064781189,0.2892987132072449,-0.08755097538232803,0.9996297359466553,0.5212362408638,0.28863030672073364,-0.08756907284259796,0.9995898008346558,0.5266436338424683,0.2937593460083008,0.01965215429663658,0.999610185623169,0.5119433999061584,0.29370030760765076,-0.048683278262615204,0.9995070695877075,0.5312550663948059,0.31631267070770264,-0.05182667076587677,0.9997826814651489,0.52545565366745,0.3156842887401581,-0.07153633236885071,0.9997290968894958,0.5359383225440979,0.36571255326271057,0.08220012485980988,0.999896228313446,0.48402199149131775,0.3637215495109558,-0.044499173760414124,0.9994176030158997,0.5333595871925354,0.45227915048599243,0.06925275176763535,0.7535407543182373,0.4733741879463196,0.4493398070335388,-0.15399561822414398,0.9681023359298706,0.5544478297233582,0.46188613772392273,-0.03587261214852333,0.9704295992851257,0.4816054105758667,0.35946816205978394,-0.28010624647140503,0.9851251244544983,0.5598610043525696,0.4656986594200134,-0.05700148269534111,0.9577517509460449,0.4811283349990845,0.33333805203437805,-0.3105435073375702,0.976762056350708,0.5589357018470764,0.45514193177223206,-0.07159537822008133,0.961127519607544,0.48214006423950195,0.3268544673919678,-0.3158879578113556,0.9759219288825989,0.5558249950408936,0.4538011848926544,-0.04501389339566231,0.9501291513442993,0.4832444489002228,0.3350925147533417,-0.28558868169784546,0.9643466472625732,0.5295888185501099,0.5513050556182861,0.048150788992643356,0.9989191889762878,0.4968033730983734,0.5555098652839661,-0.04816119372844696,0.9982559084892273,0.5298150181770325,0.6980615258216858,0.04762491211295128,0.923032820224762,0.5008434057235718,0.7036805152893066,-0.04951351135969162,0.9668761491775513,0.5253298878669739,0.8248399496078491,0.15047933161258698,0.9416727423667908,0.5005207061767578,0.8386894464492798,0.04562738165259361,0.9625729918479919,0.5197568535804749,0.8364447355270386,0.1562773436307907,0.901253879070282,0.49708202481269836,0.8527730107307434,0.05092258006334305,0.7766848802566528,0.5368109345436096,0.8713254332542419,0.08738929778337479,0.9448646306991577,0.5148731470108032,0.8822013735771179,-0.03997624292969704,0.9507741928100586
9633.33333333333,0.5312311053276062,0.3040076196193695,-0.07301612943410873,0.9998289346694946,0.5306443572044373,0.2912748456001282,-0.058216772973537445,0.9998155832290649,0.5314202308654785,0.2912735641002655,-0.05827450007200241,0.9997745752334595,0.532074511051178,0.29118120670318604,-0.05830593779683113,0.9998072981834412,0.5261991024017334,0.29003116488456726,-0.07418311387300491,0.9996945858001709,0.5239745378494263,0.28940895199775696,-0.074189692735672,0.9996098279953003,0.5212526321411133,0.28875240683555603,-0.07420729100704193,0.999565839767456,0.5258750319480896,0.2940026521682739,0.030653024092316628,0.9996042847633362,0.5119028687477112,0.293785035610199,-0.04321206733584404,0.999476969242096,0.5310549736022949,0.316393107175827,-0.03799290582537651,0.9997768998146057,0.5254293084144592,0.31573933362960815,-0.05937192961573601,0.9997110366821289,0.5355345606803894,0.36629000306129456,0.08715488016605377,0.999897837638855,0.4834161102771759,0.3636852204799652,-0.044248923659324646,0.9993979930877686,0.5333665013313293,0.45284324884414673,0.07112176716327667,0.7559403777122498,0.47411009669303894,0.44928011298179626,-0.15241198241710663,0.9666844606399536,0.5544461607933044,0.4621237814426422,-0.03550203889608383,0.9706486463546753,0.4819270372390747,0.3633224368095398,-0.27470162510871887,0.9846512079238892,0.5598171353340149,0.46572598814964294,-0.05736861377954483,0.9580150842666626,0.4813106656074524,0.3387700617313385,-0.3047555387020111,0.9761919379234314,0.5588818192481995,0.4552326202392578,-0.07203071564435959,0.9614437222480774,0.48230648040771484,0.3314518630504608,-0.3094712793827057,0.9753590226173401,0.5557864904403687,0.45399460196495056,-0.04477670416235924,0.9506294131278992,0.48343509435653687,0.33880114555358887,-0.2797231078147888,0.9635378122329712,0.5295689105987549,0.5515540242195129,0.048285000026226044,0.9989391565322876,0.49669894576072693,0.555603563785553,-0.04829294979572296,0.9982660412788391,0.5297988057136536,0.6983931660652161,0.046679310500621796,0.9240253567695618,0.5005635023117065,0.7041812539100647,-0.049974944442510605,0.9668136835098267,0.5253349542617798,0.8251320719718933,0.14944005012512207,0.9420254230499268,0.5005291104316711,0.839121401309967,0.04663604870438576,0.9624668955802917,0.5197592377662659,0.8365762829780579,0.1553831696510315,0.901673436164856,0.497100830078125,0.8528486490249634,0.05203241482377052,0.7746008634567261,0.5368249416351318,0.8713403344154358,0.08674995601177216,0.9451547861099243,0.5148965120315552,0.8824381232261658,-0.03924187272787094,0.950782060623169
9666.666666666664,0.5311992764472961,0.30400553345680237,-0.07968984544277191,0.9998216032981873,0.530597984790802,0.29126113653182983,-0.06484214216470718,0.9998109936714172,0.5313621759414673,0.29126259684562683,-0.06490005552768707,0.9997685551643372,0.5320026278495789,0.2911751866340637,-0.06493163853883743,0.9998044967651367,0.5261736512184143,0.290027379989624,-0.08030281215906143,0.9996859431266785,0.5239368677139282,0.2894093096256256,-0.08031030744314194,0.999599039554596,0.5212113857269287,0.28875815868377686,-0.08032582700252533,0.9995551109313965,0.5257447957992554,0.2940090000629425,0.025951437652111053,0.999601423740387,0.5117373466491699,0.2938595116138458,-0.045870762318372726,0.999467134475708,0.5309769511222839,0.3163934350013733,-0.04392150416970253,0.9997742176055908,0.5253621935844421,0.31574586033821106,-0.06464263051748276,0.9997036457061768,0.5354742407798767,0.3663289248943329,0.08552360534667969,0.9998965859413147,0.48338693380355835,0.36325469613075256,-0.0443832166492939,0.9993821978569031,0.5333197712898254,0.4527384042739868,0.07224580645561218,0.7518645524978638,0.47402629256248474,0.44969770312309265,-0.15154698491096497,0.9660362601280212,0.5542970299720764,0.46228229999542236,-0.03386479616165161,0.9694486856460571,0.48208189010620117,0.36507657170295715,-0.2733044922351837,0.9842709898948669,0.5595731139183044,0.46580204367637634,-0.05576064810156822,0.9565816521644592,0.48140376806259155,0.3412668704986572,-0.3037586808204651,0.9756582379341125,0.5586714148521423,0.4558061957359314,-0.07155594229698181,0.9602017998695374,0.4824170470237732,0.33334168791770935,-0.3081092834472656,0.9748287796974182,0.5556290745735168,0.45477014780044556,-0.04363258555531502,0.9493638277053833,0.4836345911026001,0.33899497985839844,-0.278035044670105,0.962824285030365,0.5295679569244385,0.5515784621238708,0.048183806240558624,0.9989646077156067,0.4966811239719391,0.5555959343910217,-0.04819028824567795,0.9982936978340149,0.5297951102256775,0.6985090970993042,0.04535107687115669,0.9253901243209839,0.5001210570335388,0.7042386531829834,-0.049935195595026016,0.9671671390533447,0.5253728032112122,0.8251510262489319,0.1508590281009674,0.9428983926773071,0.5004964470863342,0.8390966653823853,0.05000343173742294,0.9628660678863525,0.5198304653167725,0.8365761041641235,0.15640665590763092,0.9022578597068787,0.4971088469028473,0.8526648283004761,0.0559515580534935,0.7742014527320862,0.5368229746818542,0.8714529275894165,0.08689818531274796,0.9458035230636597,0.5148600935935974,0.8824504017829895,-0.03563711792230606,0.9513058066368103
9699.999999999998,0.5310414433479309,0.30405715107917786,-0.08644597977399826,0.9998191595077515,0.5304458737373352,0.2913320064544678,-0.07073549181222916,0.9998084902763367,0.5312134027481079,0.29134127497673035,-0.07078227400779724,0.9997640252113342,0.5318516492843628,0.291278213262558,-0.07080790400505066,0.9998008608818054,0.525985836982727,0.2901490032672882,-0.08447876572608948,0.9996857047080994,0.5237352252006531,0.2895859479904175,-0.08449108153581619,0.9996002316474915,0.5209233164787292,0.2890261113643646,-0.08451594412326813,0.999559760093689,0.5256996750831604,0.2942769229412079,0.022683892399072647,0.999592661857605,0.511340320110321,0.2945353090763092,-0.04748499393463135,0.9994730353355408,0.5308333039283752,0.3164348900318146,-0.04989583417773247,0.9997689723968506,0.5252351760864258,0.31582653522491455,-0.06816232204437256,0.9997009634971619,0.5354657769203186,0.36615726351737976,0.0850507915019989,0.9998921155929565,0.4835062325000763,0.3633774220943451,-0.04437558352947235,0.999376118183136,0.5337678790092468,0.4517579972743988,0.07411061227321625,0.7512824535369873,0.47249144315719604,0.45085957646369934,-0.15122370421886444,0.9675386548042297,0.5544679760932922,0.46214228868484497,-0.030271360650658607,0.9692703485488892,0.48214879631996155,0.3663882911205292,-0.2742951512336731,0.9850784540176392,0.5595865249633789,0.46565043926239014,-0.052213404327631,0.9560947418212891,0.4815811514854431,0.34289395809173584,-0.30459126830101013,0.9767131805419922,0.5586714148521423,0.4557398855686188,-0.06715380400419235,0.9596971869468689,0.48255571722984314,0.3336428701877594,-0.3087368607521057,0.9758989810943604,0.555639386177063,0.4547019898891449,-0.03958743065595627,0.9488985538482666,0.48377418518066406,0.3403876721858978,-0.27823856472969055,0.9643038511276245,0.529554545879364,0.5517584681510925,0.04770819842815399,0.9989728927612305,0.4966244697570801,0.5557169914245605,-0.0477217398583889,0.9983088970184326,0.5297960638999939,0.6987952589988708,0.0438053235411644,0.9252817630767822,0.5000463724136353,0.7045269012451172,-0.048811785876750946,0.9668965339660645,0.5253780484199524,0.8252375721931458,0.1518223136663437,0.9426431655883789,0.500478982925415,0.8391478657722473,0.051404837518930435,0.9624136686325073,0.5198519229888916,0.8365766406059265,0.15773604810237885,0.9018381237983704,0.497109979391098,0.8526331186294556,0.05750591680407524,0.7711820602416992,0.5368030071258545,0.8715705871582031,0.08749563992023468,0.945509672164917,0.5147939324378967,0.8825827240943909,-0.03472696617245674,0.9507510662078857
9733.333333333332,0.530983567237854,0.3041294515132904,-0.09317944198846817,0.9998173713684082,0.5304054021835327,0.2914390563964844,-0.07800876349210739,0.9998044967651367,0.5311640501022339,0.29145386815071106,-0.07806002348661423,0.9997587203979492,0.5317904949188232,0.29140961170196533,-0.07808753103017807,0.99979567527771,0.525946855545044,0.290266752243042,-0.09036494046449661,0.9996824264526367,0.5236954689025879,0.28971564769744873,-0.09037090092897415,0.9995972514152527,0.5208508968353271,0.2891763746738434,-0.0903857946395874,0.9995607137680054,0.5257040858268738,0.29444971680641174,0.015144865959882736,0.9995805621147156,0.5110762119293213,0.29479485750198364,-0.04825008288025856,0.9994739294052124,0.5307462215423584,0.31645795702934265,-0.056675173342227936,0.9997643232345581,0.5251866579055786,0.3158799707889557,-0.07311584800481796,0.9997020363807678,0.5354671478271484,0.36596500873565674,0.08164871484041214,0.999891996383667,0.48349419236183167,0.3636350929737091,-0.038082778453826904,0.9993874430656433,0.5340521335601807,0.45165562629699707,0.07413788884878159,0.7536378502845764,0.46868667006492615,0.4567916691303253,-0.1343323290348053,0.9693984985351562,0.5546864867210388,0.4618396759033203,-0.03182290121912956,0.9698149561882019,0.4809938967227936,0.36770910024642944,-0.26534605026245117,0.9859954714775085,0.5596824288368225,0.4650881290435791,-0.0529375858604908,0.9566220045089722,0.4817356765270233,0.343963086605072,-0.29702556133270264,0.977918803691864,0.5587263703346252,0.4553023874759674,-0.06851109117269516,0.9601127505302429,0.482584148645401,0.3357424736022949,-0.2995133697986603,0.9771194458007812,0.5557156205177307,0.45434778928756714,-0.04170629009604454,0.9493666887283325,0.4838933050632477,0.3422195613384247,-0.2685966193675995,0.9659944176673889,0.5294944643974304,0.5517476797103882,0.04520704224705696,0.9989697337150574,0.49651193618774414,0.5556695461273193,-0.04521012306213379,0.9983050227165222,0.5297828912734985,0.6987963318824768,0.04389069229364395,0.9245218634605408,0.499970406293869,0.7045260071754456,-0.04480660706758499,0.9663041830062866,0.5253787040710449,0.825207531452179,0.15351952612400055,0.9411625266075134,0.5004727840423584,0.8391374349594116,0.05874300003051758,0.9613698124885559,0.5198560357093811,0.8364630937576294,0.16023553907871246,0.8987699151039124,0.49713119864463806,0.8524630069732666,0.06515342742204666,0.7675409913063049,0.5367916822433472,0.8715287446975708,0.08916917443275452,0.944146454334259,0.5147182941436768,0.8825812935829163,-0.02827625907957554,0.9494962096214294
9766.666666666666,0.5307662487030029,0.3041183054447174,-0.10855208337306976,0.9998164772987366,0.5302687883377075,0.29145368933677673,-0.0934184268116951,0.9998028874397278,0.5310600399971008,0.29147207736968994,-0.0934823527932167,0.9997572898864746,0.5317125916481018,0.2914370894432068,-0.09351503103971481,0.999793529510498,0.525743305683136,0.2903048098087311,-0.10534734278917313,0.9996783137321472,0.5234254002571106,0.2897888720035553,-0.10534892231225967,0.9995925426483154,0.5204750299453735,0.289311945438385,-0.10535825043916702,0.9995572566986084,0.5257625579833984,0.2945830523967743,0.0037486846558749676,0.9995776414871216,0.5108326077461243,0.29535380005836487,-0.052915725857019424,0.9994719624519348,0.5306164026260376,0.31643199920654297,-0.07034172117710114,0.9997631907463074,0.5250360369682312,0.315881609916687,-0.08621867001056671,0.9997037053108215,0.5355927348136902,0.3660053610801697,0.07740108668804169,0.9998931288719177,0.48408085107803345,0.3643897771835327,-0.03735153377056122,0.9993897676467896,0.5340719223022461,0.45222651958465576,0.07110521197319031,0.7535554766654968,0.4684787392616272,0.4624177813529968,-0.13214315474033356,0.9702156186103821,0.5547100305557251,0.4618471562862396,-0.05034411698579788,0.9700746536254883,0.48106512427330017,0.374728262424469,-0.2670012414455414,0.9864338636398315,0.5597096085548401,0.46485352516174316,-0.076053686439991,0.9569365382194519,0.48224735260009766,0.351581871509552,-0.29840078949928284,0.9783967137336731,0.5587403774261475,0.4550544023513794,-0.09169866889715195,0.9603442549705505,0.4833795726299286,0.34279561042785645,-0.30014699697494507,0.9775848388671875,0.5557375550270081,0.45422855019569397,-0.060298576951026917,0.9495211839675903,0.484717458486557,0.3507005572319031,-0.2708893120288849,0.9666090607643127,0.5293940305709839,0.5517443418502808,0.044860295951366425,0.9989720582962036,0.49631351232528687,0.5555804967880249,-0.04485545679926872,0.9982954859733582,0.5297715067863464,0.6990418434143066,0.04423075169324875,0.9239032864570618,0.4999355971813202,0.7046597003936768,-0.043239761143922806,0.9662056565284729,0.5253886580467224,0.8252080082893372,0.15794457495212555,0.9405103921890259,0.5004699230194092,0.8392282128334045,0.06281828135251999,0.9611138105392456,0.5198857188224792,0.8364266157150269,0.16498762369155884,0.8969290852546692,0.4971511662006378,0.8524556756019592,0.0693092793226242,0.7664402723312378,0.5367918610572815,0.8715271949768066,0.09113023430109024,0.9435662031173706,0.5147173404693604,0.8827563524246216,-0.026208529248833656,0.9492226243019104
9800.0,0.5304251313209534,0.30410948395729065,-0.12013597041368484,0.9998193383216858,0.5300059914588928,0.29145747423171997,-0.10448615998029709,0.999803364276886,0.5308769941329956,0.29147467017173767,-0.10455013066530228,0.9997583031654358,0.5315904021263123,0.29143989086151123,-0.10457929223775864,0.9997918605804443,0.5252712368965149,0.29036709666252136,-0.1158866137266159,0.9996806979179382,0.5227683782577515,0.28993165493011475,-0.11588789522647858,0.9995967149734497,0.5197156071662903,0.2895926535129547,-0.11589555442333221,0.9995637536048889,0.5258134603500366,0.29466304183006287,-0.004873721860349178,0.9995755553245544,0.5103200078010559,0.2962269186973572,-0.05766022950410843,0.9994823932647705,0.5305173993110657,0.31637853384017944,-0.08106836676597595,0.9997628331184387,0.5248511433601379,0.31587645411491394,-0.09620862454175949,0.9997107982635498,0.5357173681259155,0.36602646112442017,0.07237888127565384,0.9998944401741028,0.484150230884552,0.3657284080982208,-0.03575950488448143,0.9994071125984192,0.5341282486915588,0.45232945680618286,0.06958349794149399,0.7556160092353821,0.4655168652534485,0.46615099906921387,-0.1287214457988739,0.9721352458000183,0.5547134876251221,0.46164312958717346,-0.056044433265924454,0.9708915948867798,0.48120176792144775,0.3758930265903473,-0.26831862330436707,0.9873097538948059,0.5598543882369995,0.4645855724811554,-0.08268939703702927,0.9579460024833679,0.48363736271858215,0.353717178106308,-0.29975780844688416,0.9795293807983398,0.5587705373764038,0.45490747690200806,-0.09846879541873932,0.961201012134552,0.4852369427680969,0.3452647030353546,-0.30288392305374146,0.9787148833274841,0.5557490587234497,0.4540218114852905,-0.06597632169723511,0.9503978490829468,0.48664939403533936,0.3531474471092224,-0.27288132905960083,0.9681708812713623,0.5293945670127869,0.5517435669898987,0.04373180493712425,0.9989425539970398,0.49631449580192566,0.5556163191795349,-0.04370855912566185,0.9982571601867676,0.5297765731811523,0.6990249752998352,0.04447813704609871,0.9218471050262451,0.4999791979789734,0.7045002579689026,-0.04185802862048149,0.9657604098320007,0.5253922343254089,0.825187623500824,0.16001661121845245,0.9382167458534241,0.5004932880401611,0.8393320441246033,0.06382539868354797,0.9599671959877014,0.5198889374732971,0.8363475799560547,0.16716451942920685,0.8932211399078369,0.49723976850509644,0.8524589538574219,0.07017271220684052,0.7646018862724304,0.5367695689201355,0.8714873194694519,0.09266231209039688,0.9416025876998901,0.5146766304969788,0.8828262686729431,-0.02585660293698311,0.9476924538612366
9833.333333333334,0.5295956134796143,0.30441704392433167,-0.12394624203443527,0.9998269081115723,0.529682457447052,0.2919374406337738,-0.10773100703954697,0.9998087286949158,0.5306919813156128,0.2919958233833313,-0.107786625623703,0.9997639060020447,0.5315164923667908,0.2920078635215759,-0.10780911892652512,0.9997944235801697,0.5244649052619934,0.2907777428627014,-0.11877279728651047,0.9996932744979858,0.5216339230537415,0.29036572575569153,-0.11877419054508209,0.9996135830879211,0.5185075998306274,0.2900477945804596,-0.1187799945473671,0.9995844960212708,0.5260394811630249,0.2952951490879059,-0.006964562460780144,0.9995782375335693,0.5093668103218079,0.2965259850025177,-0.05836515128612518,0.9995055794715881,0.5301129221916199,0.3164953291416168,-0.0846499428153038,0.999765157699585,0.5241653323173523,0.3159545660018921,-0.09934702515602112,0.9997223615646362,0.5354813933372498,0.36601176857948303,0.07166227698326111,0.9998948574066162,0.484151154756546,0.3657994270324707,-0.03437555953860283,0.9994320273399353,0.5343595743179321,0.4506092667579651,0.07434269040822983,0.7611997127532959,0.46352705359458923,0.4682488441467285,-0.12477970123291016,0.9742191433906555,0.5547565221786499,0.4607933759689331,-0.04524104669690132,0.9721114039421082,0.4812498092651367,0.3763427436351776,-0.2682218551635742,0.9883127212524414,0.5599485635757446,0.46393242478370667,-0.07096432149410248,0.9593592882156372,0.4847323000431061,0.3584737777709961,-0.3005214333534241,0.9809719920158386,0.5587623715400696,0.4546832740306854,-0.08558496832847595,0.9624093174934387,0.4869791567325592,0.3498168885707855,-0.3022894263267517,0.9801917672157288,0.5557445883750916,0.45361942052841187,-0.05425850674510002,0.9517500996589661,0.4874281585216522,0.35587963461875916,-0.2712988257408142,0.9702733159065247,0.5293301939964294,0.5519022941589355,0.04279081150889397,0.9988920092582703,0.4963093101978302,0.556038498878479,-0.04277261346578598,0.9982070922851562,0.5297672748565674,0.6989994645118713,0.04405709728598595,0.9185247421264648,0.5000399351119995,0.7044484615325928,-0.04214813932776451,0.9646242260932922,0.5253227949142456,0.8251594305038452,0.1595160961151123,0.9342741370201111,0.500501811504364,0.8393825888633728,0.06223879009485245,0.958021342754364,0.5197029113769531,0.8362679481506348,0.16671106219291687,0.8881924748420715,0.49728327989578247,0.8524807691574097,0.06832337379455566,0.7612127661705017,0.5366916060447693,0.8714748024940491,0.09263227880001068,0.938452959060669,0.5146759152412415,0.8829858899116516,-0.026926275342702866,0.9453768730163574
9866.666666666668,0.5293506979942322,0.3045152425765991,-0.13637091219425201,0.999832034111023,0.5295484066009521,0.29200834035873413,-0.11986909061670303,0.9998103976249695,0.5306272506713867,0.2920728027820587,-0.1199229434132576,0.9997652173042297,0.5314961671829224,0.292101114988327,-0.1199425533413887,0.9997918605804443,0.5241314768791199,0.29084914922714233,-0.1308017522096634,0.9997013211250305,0.5211661458015442,0.2904461622238159,-0.13080303370952606,0.9996252059936523,0.5179531574249268,0.2901265025138855,-0.1308126002550125,0.9995995163917542,0.5261853337287903,0.2955982983112335,-0.01743156462907791,0.9995709657669067,0.5088068246841431,0.2965283989906311,-0.06807813048362732,0.9995217323303223,0.5300329923629761,0.31665605306625366,-0.09657970070838928,0.9997633695602417,0.5239297747612,0.31610527634620667,-0.1111803725361824,0.9997312426567078,0.5352253317832947,0.36620715260505676,0.0653495267033577,0.9998909831047058,0.4841694235801697,0.3668651878833771,-0.03705758601427078,0.9994481205940247,0.534404456615448,0.4494641125202179,0.07258079946041107,0.7626500725746155,0.46249157190322876,0.4700084626674652,-0.12806545197963715,0.976011335849762,0.554661750793457,0.4603675305843353,-0.047632038593292236,0.9725422263145447,0.48271286487579346,0.382064551115036,-0.2717862129211426,0.9891480803489685,0.559949517250061,0.46321144700050354,-0.0728689506649971,0.9595572352409363,0.4878354072570801,0.36361879110336304,-0.3045531213283539,0.9821194410324097,0.5587034821510315,0.4544152319431305,-0.08689265698194504,0.9624471664428711,0.48999127745628357,0.35680097341537476,-0.3030944764614105,0.981352686882019,0.5556699633598328,0.4533594846725464,-0.05634244158864021,0.9515597820281982,0.4899914860725403,0.3624468147754669,-0.2729378044605255,0.9718831777572632,0.5292279124259949,0.5522308349609375,0.042081769555807114,0.9987936615943909,0.4962247610092163,0.5567746758460999,-0.04206818342208862,0.9980976581573486,0.5297519564628601,0.6991177797317505,0.04416027292609215,0.9158603549003601,0.49995705485343933,0.7045634388923645,-0.04155557602643967,0.9638739228248596,0.5253147482872009,0.8251538872718811,0.16063372790813446,0.9312604069709778,0.5004886388778687,0.8394181728363037,0.06148635968565941,0.956712543964386,0.5196990370750427,0.8361884951591492,0.16767355799674988,0.8832452297210693,0.4972967505455017,0.8524731397628784,0.06748650968074799,0.7593863010406494,0.5366746187210083,0.8715234994888306,0.09345996379852295,0.9361358284950256,0.514610230922699,0.8831706643104553,-0.027577495202422142,0.9438859820365906
9900.000000000002,0.528945803642273,0.3046230673789978,-0.13260309398174286,0.9998388290405273,0.5293015241622925,0.2920665740966797,-0.11596670001745224,0.9998162388801575,0.5304775834083557,0.2921396493911743,-0.11601743847131729,0.9997720122337341,0.5314159393310547,0.29218125343322754,-0.11603832989931107,0.99979567527771,0.5236844420433044,0.2908990681171417,-0.12754763662815094,0.9997144937515259,0.5206056833267212,0.2904919385910034,-0.12754806876182556,0.9996428489685059,0.5174136161804199,0.2901594042778015,-0.12755554914474487,0.9996199011802673,0.5262390971183777,0.2957744002342224,-0.013408329337835312,0.9995789527893066,0.5083127617835999,0.296481192111969,-0.06729859858751297,0.9995477795600891,0.5298640727996826,0.31692713499069214,-0.09275805950164795,0.9997708797454834,0.5235269069671631,0.3163115084171295,-0.10828189551830292,0.9997468590736389,0.5351915955543518,0.36734095215797424,0.067600317299366,0.9998886585235596,0.48374879360198975,0.36813628673553467,-0.037259068340063095,0.9994737505912781,0.5352396368980408,0.45077645778656006,0.07201822102069855,0.7655999064445496,0.46178510785102844,0.4707862436771393,-0.12862297892570496,0.9777485728263855,0.5546532273292542,0.4603726267814636,-0.05676582083106041,0.9729115962982178,0.48279479146003723,0.39152684807777405,-0.2767886817455292,0.9899076819419861,0.5599514245986938,0.4630022346973419,-0.08351939171552658,0.9597047567367554,0.4900960922241211,0.37553659081459045,-0.3109050691127777,0.9831526875495911,0.558673620223999,0.45426738262176514,-0.09711535274982452,0.9624677300453186,0.49271875619888306,0.36896640062332153,-0.3088918626308441,0.9823982119560242,0.5556167364120483,0.45318910479545593,-0.06561889499425888,0.9513267874717712,0.4919992685317993,0.3734854459762573,-0.2775925397872925,0.9733281135559082,0.5291962623596191,0.5526350736618042,0.042177964001894,0.9987446069717407,0.4961337745189667,0.5574175119400024,-0.04216344654560089,0.9980636239051819,0.5297056436538696,0.6995059847831726,0.04430579021573067,0.9156287312507629,0.4998549520969391,0.7051616907119751,-0.040816474705934525,0.9639363884925842,0.5252625942230225,0.8251270651817322,0.16583944857120514,0.9301251769065857,0.5004679560661316,0.8394278883934021,0.06602248549461365,0.9565760493278503,0.5196471214294434,0.8361293077468872,0.17335543036460876,0.8810949325561523,0.497335821390152,0.8524488806724548,0.07226420193910599,0.7602789402008057,0.5366547107696533,0.8716442584991455,0.09789744764566422,0.9352431893348694,0.5144608616828918,0.8832111358642578,-0.025226684287190437,0.9435577392578125
9933.333333333336,0.5282025337219238,0.30467739701271057,-0.1259137988090515,0.999848484992981,0.5289624929428101,0.2921045124530792,-0.1098678857088089,0.9998263716697693,0.5302709341049194,0.2922005355358124,-0.10992586612701416,0.9997841119766235,0.5313076376914978,0.29227519035339355,-0.10995223373174667,0.9998053908348083,0.5230894684791565,0.29090702533721924,-0.12362861633300781,0.999732255935669,0.5199240446090698,0.29049429297447205,-0.12363682687282562,0.9996659755706787,0.5167719721794128,0.2901575565338135,-0.12366044521331787,0.9996457695960999,0.526362955570221,0.29597294330596924,-0.013120911084115505,0.999598503112793,0.5075392723083496,0.2962668836116791,-0.05461164191365242,0.9995800256729126,0.5293602347373962,0.317125529050827,-0.08692985028028488,0.9997837543487549,0.5227251648902893,0.31638622283935547,-0.10549887269735336,0.9997655749320984,0.5351916551589966,0.36800599098205566,0.07113941758871078,0.9998899102210999,0.48369497060775757,0.3680863082408905,-0.02461765892803669,0.9995071291923523,0.5364227294921875,0.45087000727653503,0.07146017253398895,0.771030068397522,0.46150511503219604,0.4702746868133545,-0.1161823570728302,0.9794616103172302,0.5545674562454224,0.46037641167640686,-0.06062095984816551,0.9736635088920593,0.48352283239364624,0.3949772119522095,-0.26766642928123474,0.9906624555587769,0.5597464442253113,0.46290773153305054,-0.08838971704244614,0.9605419635772705,0.49253860116004944,0.3849100172519684,-0.3021208345890045,0.9842223525047302,0.5582759380340576,0.45412763953208923,-0.1018635705113411,0.9631397724151611,0.4960404932498932,0.3783273696899414,-0.3002292811870575,0.9834941625595093,0.5552427172660828,0.4529173970222473,-0.06943224370479584,0.9519538879394531,0.4949478805065155,0.3805895447731018,-0.26858648657798767,0.9748986959457397,0.5292003750801086,0.5529605150222778,0.04056073725223541,0.9987574815750122,0.49613019824028015,0.5578787326812744,-0.04053758084774017,0.9981133341789246,0.5296832919120789,0.6998021602630615,0.039876002818346024,0.9176024794578552,0.4996146559715271,0.7059332132339478,-0.04101775959134102,0.96476811170578,0.5252529978752136,0.8248057961463928,0.16531048715114594,0.9307849407196045,0.5003852248191833,0.8394250273704529,0.06550171226263046,0.9572028517723083,0.5196153521537781,0.8356791734695435,0.1721675843000412,0.8805567622184753,0.4973383843898773,0.8524098992347717,0.07171819359064102,0.7612051963806152,0.536677360534668,0.871665894985199,0.0962914228439331,0.9357745051383972,0.514452338218689,0.8833442330360413,-0.025898920372128487,0.9441405534744263
9966.66666666667,0.5272884964942932,0.30455440282821655,-0.12976926565170288,0.9998572468757629,0.5282995104789734,0.2918258011341095,-0.11242815107107162,0.9998353719711304,0.5298334956169128,0.29194411635398865,-0.11247280240058899,0.9997943043708801,0.5310461521148682,0.29203641414642334,-0.11248619854450226,0.9998128414154053,0.5221913456916809,0.2907276749610901,-0.12300291657447815,0.9997488260269165,0.5189839005470276,0.29034224152565,-0.12300370633602142,0.9996877312660217,0.5158185362815857,0.29000595211982727,-0.1230151504278183,0.999670147895813,0.5264464616775513,0.29591095447540283,-0.010026335716247559,0.9996116161346436,0.5066066980361938,0.295894593000412,-0.05390828102827072,0.9996108412742615,0.5288893580436707,0.3171083629131317,-0.08970517665147781,0.9997921586036682,0.5218011736869812,0.3163663446903229,-0.10407109558582306,0.9997811913490295,0.5351189970970154,0.3679056763648987,0.07118717581033707,0.9998843669891357,0.48371702432632446,0.3680553436279297,-0.028064919635653496,0.999534010887146,0.5363460779190063,0.449441522359848,0.0742182657122612,0.7654098868370056,0.4612923264503479,0.4696434438228607,-0.12136582285165787,0.9809140563011169,0.5532453656196594,0.4604696035385132,-0.049087043851614,0.9728642702102661,0.4876441955566406,0.39530864357948303,-0.26864156126976013,0.9912590384483337,0.5587255954742432,0.4631021022796631,-0.07440397143363953,0.9593863487243652,0.49754250049591064,0.3905138373374939,-0.30239248275756836,0.9850031733512878,0.5572130084037781,0.45456168055534363,-0.08839239925146103,0.9618862271308899,0.5019208192825317,0.3851146697998047,-0.30068427324295044,0.9842862486839294,0.5540971755981445,0.45319831371307373,-0.05778242275118828,0.950309693813324,0.5002428293228149,0.3858376145362854,-0.2697785794734955,0.976040780544281,0.5292347073554993,0.5530348420143127,0.04068804904818535,0.9987598061561584,0.4961422383785248,0.5582178831100464,-0.0406707264482975,0.9981549382209778,0.5296521782875061,0.7003024816513062,0.040364909917116165,0.9176859259605408,0.4995749294757843,0.7067146301269531,-0.04107782617211342,0.9648330807685852,0.5251749753952026,0.8244808912277222,0.16450907289981842,0.9306542277336121,0.5003562569618225,0.8393645286560059,0.06476401537656784,0.9570190906524658,0.519512414932251,0.8352201581001282,0.17128214240074158,0.8797542452812195,0.49734172224998474,0.8522335290908813,0.07095790654420853,0.7595019936561584,0.53667151927948,0.8716316223144531,0.09613797068595886,0.9354215264320374,0.5144502520561218,0.8833690285682678,-0.02634640596807003,0.9436705708503723
10000.000000000004,0.5266742706298828,0.3045978546142578,-0.13845498859882355,0.9998654127120972,0.5277925729751587,0.29181864857673645,-0.1206909716129303,0.9998435974121094,0.5294796228408813,0.2919253706932068,-0.12073305249214172,0.9998037219047546,0.5308303833007812,0.2919975817203522,-0.12074261158704758,0.9998193979263306,0.5215582251548767,0.2907349169254303,-0.13014882802963257,0.9997642040252686,0.5183674693107605,0.29035142064094543,-0.1301468312740326,0.999707818031311,0.5152114629745483,0.29001426696777344,-0.13015280663967133,0.9996924996376038,0.5265334844589233,0.29584214091300964,-0.014248546212911606,0.9996262788772583,0.5060951113700867,0.2958875000476837,-0.056607119739055634,0.9996390342712402,0.528577446937561,0.3171162009239197,-0.0974046066403389,0.9998012185096741,0.5213118195533752,0.31642141938209534,-0.11019250005483627,0.9997960925102234,0.5350885391235352,0.3672885298728943,0.06916003674268723,0.9998810291290283,0.4836753308773041,0.3682765066623688,-0.029776521027088165,0.9995566606521606,0.5366005301475525,0.445576936006546,0.0740230455994606,0.7634710073471069,0.4609076678752899,0.4694717824459076,-0.12320517748594284,0.9821684956550598,0.5529832243919373,0.46032261848449707,-0.04903830215334892,0.9721331596374512,0.4918481707572937,0.3998376131057739,-0.2757154107093811,0.9917362928390503,0.558211624622345,0.4631451666355133,-0.07430734485387802,0.9582416415214539,0.5013067722320557,0.39752182364463806,-0.3094390034675598,0.985576331615448,0.5565067529678345,0.45479974150657654,-0.0883927196264267,0.9606667160987854,0.5051149725914001,0.39108970761299133,-0.306850790977478,0.9848633408546448,0.5535739660263062,0.45331650972366333,-0.05774407461285591,0.9486552476882935,0.5031698942184448,0.39136984944343567,-0.2761128544807434,0.9768509268760681,0.5292360782623291,0.5530793070793152,0.03959023579955101,0.998741626739502,0.4961514174938202,0.558678388595581,-0.039576172828674316,0.9981652498245239,0.5295377373695374,0.7003993988037109,0.03679508715867996,0.9178858399391174,0.4992334544658661,0.7073964476585388,-0.0410916842520237,0.9644525051116943,0.5251657366752625,0.8239744305610657,0.16421934962272644,0.9298686385154724,0.500312089920044,0.8393311500549316,0.06579193472862244,0.9563115835189819,0.5195060968399048,0.8346571922302246,0.17103387415409088,0.877265989780426,0.49736130237579346,0.8520013093948364,0.07203762233257294,0.7568135261535645,0.5364843010902405,0.8713669180870056,0.09311386942863464,0.9342471957206726,0.5142903327941895,0.8833720088005066,-0.026528185233473778,0.9424501061439514
10033.333333333338,0.5261772274971008,0.3050447106361389,-0.1429482251405716,0.9998703598976135,0.5273340940475464,0.292058527469635,-0.12493076920509338,0.9998477697372437,0.5290815234184265,0.2921180725097656,-0.1249745786190033,0.9998077750205994,0.530544102191925,0.2921338975429535,-0.12498661130666733,0.9998201727867126,0.5211269855499268,0.29106593132019043,-0.13457946479320526,0.9997749924659729,0.5179818868637085,0.2906544804573059,-0.13457883894443512,0.9997227787971497,0.5148393511772156,0.2903147041797638,-0.13459277153015137,0.9997097849845886,0.5265539884567261,0.29594892263412476,-0.017374562099575996,0.999628484249115,0.5058073997497559,0.2961368262767792,-0.06131647154688835,0.9996621012687683,0.5281782746315002,0.3175418972969055,-0.10165060311555862,0.9998036623001099,0.5208655595779419,0.316806823015213,-0.11460166424512863,0.9998067021369934,0.5350369215011597,0.3672527074813843,0.06810261309146881,0.9998652935028076,0.48365890979766846,0.36867958307266235,-0.03639550134539604,0.9995701909065247,0.5367613434791565,0.44422969222068787,0.0736469179391861,0.7515032291412354,0.4610106348991394,0.46936219930648804,-0.13264933228492737,0.9831133484840393,0.5517244338989258,0.46052125096321106,-0.04946558550000191,0.9685869216918945,0.49438154697418213,0.4102419912815094,-0.2852504849433899,0.9919642210006714,0.5564157366752625,0.4635424315929413,-0.07453079521656036,0.9536888003349304,0.503422737121582,0.40661802887916565,-0.3191449046134949,0.9857284426689148,0.5546658635139465,0.4554535150527954,-0.08882351964712143,0.9561693072319031,0.506322979927063,0.4002266526222229,-0.3175501525402069,0.9850040674209595,0.5518684387207031,0.45390087366104126,-0.05829373374581337,0.9431087970733643,0.5045097470283508,0.4006546437740326,-0.2860710024833679,0.9770017862319946,0.529186487197876,0.5536144971847534,0.03967207297682762,0.9986851811408997,0.496105819940567,0.5599040985107422,-0.039659809321165085,0.9981434345245361,0.5294097065925598,0.7006013989448547,0.03756817802786827,0.9179039597511292,0.4989669620990753,0.7079267501831055,-0.04110923036932945,0.9643810391426086,0.525210976600647,0.8237483501434326,0.16358250379562378,0.9293054938316345,0.5002276301383972,0.839353084564209,0.06566406041383743,0.9559791088104248,0.5196444392204285,0.8345025181770325,0.17048870027065277,0.8756013512611389,0.49735766649246216,0.8519991636276245,0.0718507245182991,0.754533052444458,0.5364392995834351,0.8713229298591614,0.09252806752920151,0.9332908391952515,0.514288604259491,0.8833891749382019,-0.026601029559969902,0.9415498375892639
10066.666666666672,0.525875449180603,0.30555620789527893,-0.15217159688472748,0.9998775124549866,0.5269535183906555,0.29245471954345703,-0.13433755934238434,0.9998549818992615,0.5286600589752197,0.29245007038116455,-0.13437427580356598,0.9998158812522888,0.5301674008369446,0.2923838794231415,-0.13437601923942566,0.9998254776000977,0.5209240317344666,0.29152345657348633,-0.14528442919254303,0.9997890591621399,0.5178350210189819,0.2910462021827698,-0.14528566598892212,0.9997409582138062,0.5147578120231628,0.2906343340873718,-0.14530141651630402,0.999730110168457,0.5265206694602966,0.2961083948612213,-0.025526557117700577,0.9996386170387268,0.5057396292686462,0.2962696850299835,-0.07594095170497894,0.9996885657310486,0.5278809666633606,0.3179374933242798,-0.11013467609882355,0.9998133778572083,0.5206456780433655,0.31722450256347656,-0.12467363476753235,0.99982088804245,0.5349872708320618,0.36712703108787537,0.06717957556247711,0.9998611211776733,0.48352575302124023,0.3688843846321106,-0.04988325759768486,0.9995998740196228,0.5382371544837952,0.4444839358329773,0.06762946397066116,0.7511631846427917,0.4610355496406555,0.46909692883491516,-0.12780159711837769,0.9843143820762634,0.5508549809455872,0.46059274673461914,-0.07419397681951523,0.9666852951049805,0.4975033402442932,0.4243759214878082,-0.24974940717220306,0.9923194050788879,0.5537392497062683,0.463626503944397,-0.10198504477739334,0.950548529624939,0.5074356198310852,0.4183509051799774,-0.2802777588367462,0.9860643148422241,0.5519060492515564,0.4555242359638214,-0.11394409835338593,0.9529524445533752,0.5083454251289368,0.4076154828071594,-0.2807007431983948,0.985322892665863,0.5495566725730896,0.45389917492866516,-0.0827503576874733,0.9388417601585388,0.5063900351524353,0.40816131234169006,-0.2502475380897522,0.9773778915405273,0.5291411280632019,0.5540069341659546,0.04035622999072075,0.9986386299133301,0.49597805738449097,0.5603737235069275,-0.040342602878808975,0.9981516599655151,0.5291805863380432,0.7006096243858337,0.047525759786367416,0.9176308512687683,0.49876323342323303,0.7080939412117004,-0.04049123078584671,0.9651880860328674,0.5252069234848022,0.8236925005912781,0.1717219054698944,0.9291512966156006,0.49995115399360657,0.839364230632782,0.06569556891918182,0.9565463066101074,0.5196430087089539,0.8343989849090576,0.17874959111213684,0.8756353259086609,0.49715641140937805,0.8518943190574646,0.07175023853778839,0.7574461698532104,0.5364218950271606,0.8713065981864929,0.09973160177469254,0.9334363341331482,0.514266312122345,0.8834800720214844,-0.026997948065400124,0.9421937465667725
10100.000000000005,0.5257171988487244,0.3058777153491974,-0.150763139128685,0.9998826384544373,0.5267370343208313,0.2926996052265167,-0.13307222723960876,0.9998591542243958,0.5284349918365479,0.29268309473991394,-0.13310261070728302,0.9998201727867126,0.5299674868583679,0.2925851047039032,-0.1330946832895279,0.9998269081115723,0.5207598805427551,0.2917625904083252,-0.1445608139038086,0.9997997283935547,0.5177039504051208,0.2912420630455017,-0.1445625126361847,0.9997552633285522,0.5146663784980774,0.290794312953949,-0.14458005130290985,0.9997469186782837,0.5265247821807861,0.2963535189628601,-0.02576441690325737,0.9996387958526611,0.5057215094566345,0.29636645317077637,-0.07868032157421112,0.9997116923332214,0.5277764797210693,0.3182237148284912,-0.10934208333492279,0.9998233914375305,0.5205119848251343,0.3175179362297058,-0.12451467663049698,0.9998345971107483,0.5352351665496826,0.3674449324607849,0.06499070674180984,0.9998580813407898,0.4834232032299042,0.36903202533721924,-0.05118000507354736,0.9996309280395508,0.5424211621284485,0.4500064551830292,0.047331370413303375,0.7580804228782654,0.4611135721206665,0.46891647577285767,-0.1082712784409523,0.9855374097824097,0.5480220317840576,0.46025893092155457,-0.1198931634426117,0.9650542140007019,0.501332700252533,0.4328618049621582,-0.20381569862365723,0.9926568865776062,0.5469458699226379,0.46291616559028625,-0.1526997983455658,0.947338879108429,0.51132732629776,0.4298481047153473,-0.2320343554019928,0.9862882494926453,0.5454451441764832,0.45269912481307983,-0.16127926111221313,0.9496306777000427,0.5120015740394592,0.41678157448768616,-0.23260077834129333,0.9855010509490967,0.544329822063446,0.4504631757736206,-0.12782666087150574,0.9343217611312866,0.5100099444389343,0.4165562689304352,-0.2035321444272995,0.977509617805481,0.5291388630867004,0.5541888475418091,0.040489550679922104,0.9986205697059631,0.4958668351173401,0.5603839159011841,-0.040479615330696106,0.9981845617294312,0.5290573239326477,0.7006107568740845,0.047670211642980576,0.9194909334182739,0.49875110387802124,0.7081234455108643,-0.03957272693514824,0.9667385220527649,0.5251824259757996,0.8236879706382751,0.18112821877002716,0.9312170147895813,0.4998417794704437,0.8393658995628357,0.07680068165063858,0.9582282304763794,0.5195953249931335,0.8343104720115662,0.1892814189195633,0.8776056170463562,0.4970085322856903,0.85170578956604,0.08358637243509293,0.7633994817733765,0.5361347794532776,0.8717114329338074,0.10633666813373566,0.9353826642036438,0.5142598748207092,0.8836079239845276,-0.020362574607133865,0.9442168474197388
10133.33333333334,0.5256102085113525,0.30633458495140076,-0.14927108585834503,0.999887228012085,0.5265972018241882,0.29305943846702576,-0.13164983689785004,0.9998627305030823,0.5282827019691467,0.2930258512496948,-0.13168169558048248,0.9998238682746887,0.5298226475715637,0.292899489402771,-0.13167263567447662,0.9998282790184021,0.520654022693634,0.2920651435852051,-0.14346763491630554,0.9998089671134949,0.5176080465316772,0.29148396849632263,-0.14346829056739807,0.9997674226760864,0.514580488204956,0.29098787903785706,-0.1434849053621292,0.9997614622116089,0.5265207886695862,0.2966262102127075,-0.024883504956960678,0.9996367692947388,0.5056445598602295,0.29645076394081116,-0.07927786558866501,0.999732494354248,0.5276473164558411,0.31866323947906494,-0.10804274678230286,0.9998325109481812,0.5203567743301392,0.31792691349983215,-0.12362689524888992,0.9998469948768616,0.5352774858474731,0.3676159083843231,0.0646822452545166,0.9998546838760376,0.48340389132499695,0.36903178691864014,-0.052191171795129776,0.999660074710846,0.5441354513168335,0.4554489850997925,0.03958786278963089,0.7635200619697571,0.4611916244029999,0.46815750002861023,-0.09710494428873062,0.9866028428077698,0.545039176940918,0.4602246582508087,-0.13704246282577515,0.9626193046569824,0.5040428042411804,0.43830135464668274,-0.1804053783416748,0.9927735328674316,0.5426548719406128,0.4627245366573334,-0.1716390699148178,0.9430712461471558,0.5148946046829224,0.43860799074172974,-0.20735350251197815,0.9859966039657593,0.54121994972229,0.4506049156188965,-0.17950038611888885,0.945327877998352,0.5155336856842041,0.4248371124267578,-0.20879583060741425,0.9851221442222595,0.5404633283615112,0.4478302299976349,-0.1450875848531723,0.9285765290260315,0.5133301019668579,0.42372027039527893,-0.18015170097351074,0.9768086671829224,0.5290848612785339,0.5543080568313599,0.04159015789628029,0.998574435710907,0.49576535820961,0.5603631138801575,-0.041582122445106506,0.9981874823570251,0.5287781953811646,0.7006133198738098,0.04932188242673874,0.9199634790420532,0.4988216459751129,0.7080851793289185,-0.039265431463718414,0.9682008028030396,0.525156557559967,0.8237015604972839,0.1800425797700882,0.9326639175415039,0.499750554561615,0.8392883539199829,0.07746351510286331,0.9597561359405518,0.5195831060409546,0.8343245983123779,0.18773441016674042,0.8796036243438721,0.4968869388103485,0.8515245318412781,0.08406072109937668,0.7693845629692078,0.5361306667327881,0.8717180490493774,0.10472866147756577,0.9369902610778809,0.5142999291419983,0.8836067914962769,-0.020070036873221397,0.9460786581039429
10166.666666666673,0.5255663394927979,0.30656057596206665,-0.1460316777229309,0.9998853802680969,0.5265309810638428,0.2931981384754181,-0.12812434136867523,0.9998577237129211,0.5281915068626404,0.2931542992591858,-0.12815922498703003,0.9998141527175903,0.5297178030014038,0.29301023483276367,-0.1281551867723465,0.9998148679733276,0.5205967426300049,0.2921689748764038,-0.1403309553861618,0.9998109340667725,0.5175598859786987,0.29155316948890686,-0.1403340846300125,0.9997711181640625,0.5145348906517029,0.29102832078933716,-0.1403530389070511,0.999769926071167,0.5264561772346497,0.2967360019683838,-0.022726191207766533,0.9995854496955872,0.5056049227714539,0.2964441776275635,-0.07718416303396225,0.9997483491897583,0.5274520516395569,0.31883758306503296,-0.10469896346330643,0.9998261332511902,0.5201483368873596,0.3181861937046051,-0.12079910188913345,0.9998533725738525,0.5349399447441101,0.367605060338974,0.06923936307430267,0.9998149871826172,0.4835514724254608,0.3689813017845154,-0.05523131415247917,0.9996833205223083,0.5432392954826355,0.45468223094940186,0.045684728771448135,0.7376916408538818,0.4618643522262573,0.46631714701652527,-0.08746042847633362,0.9874298572540283,0.5407742857933044,0.4602256119251251,-0.12576530873775482,0.9420584440231323,0.5083016753196716,0.4435023069381714,-0.13902020454406738,0.9921262860298157,0.5383400321006775,0.46282824873924255,-0.15941479802131653,0.919396162033081,0.5220984220504761,0.447869211435318,-0.16241158545017242,0.9838747382164001,0.5379622578620911,0.45062708854675293,-0.16872726380825043,0.9221517443656921,0.5230610966682434,0.43511155247688293,-0.16541066765785217,0.9828161597251892,0.5372227430343628,0.44793856143951416,-0.13495579361915588,0.9022731184959412,0.5193236470222473,0.4316491186618805,-0.1386212408542633,0.9734212160110474,0.5290215611457825,0.5530633330345154,0.043717510998249054,0.9983900785446167,0.4957675039768219,0.5580242872238159,-0.043688610196113586,0.9980937838554382,0.5284179449081421,0.6995206475257874,0.049784284085035324,0.9177138805389404,0.4990747570991516,0.7063942551612854,-0.04261369630694389,0.9691036939620972,0.5248211026191711,0.8237015008926392,0.16830922663211823,0.9329254627227783,0.4997308850288391,0.8392666578292847,0.06340266764163971,0.960903525352478,0.5191643238067627,0.8343827128410339,0.17354178428649902,0.8799850940704346,0.49678319692611694,0.8516641855239868,0.06841473281383514,0.7738581895828247,0.5360648036003113,0.8718326687812805,0.08837788552045822,0.9376614689826965,0.5144909024238586,0.8836503624916077,-0.03587471321225166,0.9474323987960815
10200.000000000007,0.5254940986633301,0.3067920506000519,-0.14402849972248077,0.9998874664306641,0.5264917016029358,0.2933844029903412,-0.12633974850177765,0.9998597502708435,0.5281341671943665,0.29333436489105225,-0.12637630105018616,0.9998162388801575,0.5296477675437927,0.2931734025478363,-0.12637554109096527,0.9998158812522888,0.5205446481704712,0.2922978401184082,-0.13835114240646362,0.9998160600662231,0.51751309633255,0.2916363775730133,-0.1383538693189621,0.9997777938842773,0.5144789218902588,0.29107213020324707,-0.13837000727653503,0.9997792840003967,0.5264265537261963,0.29687124490737915,-0.021130835637450218,0.9995812773704529,0.5055781006813049,0.29644203186035156,-0.07563639432191849,0.9997643232345581,0.5272446870803833,0.3190333843231201,-0.10298797488212585,0.9998325705528259,0.5199399590492249,0.31843703985214233,-0.11887390166521072,0.9998624324798584,0.534807026386261,0.36767247319221497,0.07098369300365448,0.9998094439506531,0.48355594277381897,0.3689888119697571,-0.052922844886779785,0.9997047781944275,0.5426529049873352,0.45458176732063293,0.03795213624835014,0.7300900816917419,0.4634011685848236,0.4663046598434448,-0.07040011137723923,0.9878924489021301,0.5396955013275146,0.4609714150428772,-0.14820341765880585,0.9311159253120422,0.5078582167625427,0.44863009452819824,-0.11352650821208954,0.9904894232749939,0.5353334546089172,0.4631330668926239,-0.18576404452323914,0.905383288860321,0.5209903120994568,0.45279619097709656,-0.13711194694042206,0.9797701835632324,0.5354689955711365,0.450573205947876,-0.19470925629138947,0.9085758328437805,0.5229510068893433,0.4392660856246948,-0.14181342720985413,0.9784107208251953,0.5354400277137756,0.4480436146259308,-0.1577046662569046,0.8862520456314087,0.5187259316444397,0.43618524074554443,-0.11388134956359863,0.9672892689704895,0.5287677645683289,0.5527660846710205,0.04496145620942116,0.9983416199684143,0.49560222029685974,0.557311475276947,-0.04491129145026207,0.9980678558349609,0.5279926061630249,0.6996369361877441,0.04992559179663658,0.9174615740776062,0.49903109669685364,0.7063709497451782,-0.0428650863468647,0.9704886078834534,0.5247544050216675,0.8238263130187988,0.17154106497764587,0.9343585968017578,0.49946537613868713,0.8393742442131042,0.06606187671422958,0.9626083970069885,0.5191177129745483,0.8345972895622253,0.17757956683635712,0.8815985918045044,0.49641185998916626,0.8521590828895569,0.07130274921655655,0.7801994681358337,0.5360462665557861,0.8719649314880371,0.08963846415281296,0.9392428994178772,0.5145028233528137,0.8842306137084961,-0.03403686732053757,0.94948810338974
10233.333333333341,0.5254415273666382,0.3070540726184845,-0.14321941137313843,0.9998879432678223,0.526459813117981,0.2936030924320221,-0.12537620961666107,0.9998598098754883,0.5280790328979492,0.29355311393737793,-0.1254143863916397,0.9998148083686829,0.5295732021331787,0.29338496923446655,-0.12541495263576508,0.9998131394386292,0.5205224752426147,0.29243940114974976,-0.13813365995883942,0.9998198747634888,0.5174926519393921,0.2917270064353943,-0.13813970983028412,0.9997828006744385,0.5144460201263428,0.291118323802948,-0.13815666735172272,0.999787449836731,0.526348352432251,0.2970183193683624,-0.020951582118868828,0.9995647668838501,0.505527675151825,0.2964343726634979,-0.07773949950933456,0.9997789859771729,0.527030885219574,0.31928297877311707,-0.10198540985584259,0.9998359084129333,0.5197550058364868,0.31869399547576904,-0.1186390221118927,0.9998698830604553,0.5344353318214417,0.36770445108413696,0.07303806394338608,0.999794065952301,0.48355013132095337,0.3691199719905853,-0.05672108381986618,0.9997251629829407,0.5423039197921753,0.454303115606308,0.03796498849987984,0.7150885462760925,0.4655524492263794,0.4663650691509247,-0.06515386700630188,0.9883120059967041,0.539050817489624,0.4614625573158264,-0.1506769359111786,0.913882851600647,0.5099915266036987,0.45210978388786316,-0.08977501094341278,0.9888250827789307,0.5348263382911682,0.4639413058757782,-0.18836164474487305,0.8852304220199585,0.5238767862319946,0.45745351910591125,-0.11097893118858337,0.9757100939750671,0.5349572896957397,0.45065826177597046,-0.1971951127052307,0.88905930519104,0.5256175398826599,0.44451093673706055,-0.11724897474050522,0.9741201996803284,0.53487229347229,0.4481716454029083,-0.16043928265571594,0.8644564747810364,0.5211113095283508,0.44099777936935425,-0.0901966392993927,0.9613885283470154,0.528719961643219,0.5527719855308533,0.046348657459020615,0.9982534050941467,0.4955972731113434,0.5573378205299377,-0.04628444090485573,0.9980193376541138,0.5278183221817017,0.7002635598182678,0.05198981985449791,0.9157347679138184,0.49898481369018555,0.7067650556564331,-0.0429573617875576,0.971571683883667,0.5245400667190552,0.8239619135856628,0.1737721860408783,0.9346017241477966,0.49933069944381714,0.8397760391235352,0.06690208613872528,0.9638949632644653,0.518828809261322,0.8347069025039673,0.18008078634738922,0.8827739357948303,0.4961789846420288,0.8529971241950989,0.07222409546375275,0.7855639457702637,0.5360202193260193,0.8719950318336487,0.09232977032661438,0.9400301575660706,0.5146529078483582,0.8850163817405701,-0.033069003373384476,0.9510669112205505
10266.666666666675,0.5253854990005493,0.30716875195503235,-0.1433017998933792,0.9998878836631775,0.5264222621917725,0.2936744689941406,-0.12500999867916107,0.999858558177948,0.5280295610427856,0.29364076256752014,-0.1250477284193039,0.9998113512992859,0.5295135378837585,0.29348477721214294,-0.1250464767217636,0.9998079538345337,0.5204685926437378,0.2924662232398987,-0.13831719756126404,0.9998228549957275,0.5174319744110107,0.291739284992218,-0.13832548260688782,0.9997871518135071,0.5143550038337708,0.29112115502357483,-0.13834591209888458,0.9997947216033936,0.5262738466262817,0.29716962575912476,-0.020646627992391586,0.9995384812355042,0.5054295659065247,0.2964218556880951,-0.078581303358078,0.9997913837432861,0.5268480181694031,0.3194423317909241,-0.10176929086446762,0.999835729598999,0.5196073651313782,0.318863183259964,-0.11926022171974182,0.9998756051063538,0.5340399146080017,0.3679502606391907,0.07285884767770767,0.9997707605361938,0.4835478961467743,0.36950159072875977,-0.0598110631108284,0.9997419118881226,0.5422552227973938,0.45410391688346863,0.0386628657579422,0.6986437439918518,0.46705853939056396,0.4669458270072937,-0.07123056054115295,0.9887568950653076,0.5389570593833923,0.4617868661880493,-0.14352139830589294,0.8982733488082886,0.5123161673545837,0.4522375464439392,-0.09587522596120834,0.9876989722251892,0.5354002118110657,0.46450507640838623,-0.17992781102657318,0.8671471476554871,0.526456892490387,0.4577156603336334,-0.11656881868839264,0.9727743864059448,0.5353723168373108,0.45071929693222046,-0.18871399760246277,0.871565043926239,0.5281708836555481,0.44588035345077515,-0.12238289415836334,0.9710022807121277,0.5351904630661011,0.4482804238796234,-0.1530776172876358,0.8449132442474365,0.5239225029945374,0.44215527176856995,-0.09603232890367508,0.9570185542106628,0.5287458300590515,0.5528736710548401,0.04683282598853111,0.9981599450111389,0.4956200420856476,0.557456374168396,-0.046776000410318375,0.9979672431945801,0.5278200507164001,0.7007870674133301,0.05215538293123245,0.9138462543487549,0.49897921085357666,0.707099974155426,-0.042946215718984604,0.9722981452941895,0.5245135426521301,0.8242833018302917,0.17415691912174225,0.9345229268074036,0.49920889735221863,0.8398940563201904,0.0686592385172844,0.9647660851478577,0.5188190937042236,0.8349838256835938,0.18059514462947845,0.883507251739502,0.4959465563297272,0.8532840013504028,0.07426133751869202,0.7891355752944946,0.5360097885131836,0.872386634349823,0.09392135590314865,0.9405801296234131,0.5147587060928345,0.8854369521141052,-0.030955079942941666,0.952213704586029
10300.00000000001,0.5252718329429626,0.3071288764476776,-0.14896754920482635,0.9998903870582581,0.5262998938560486,0.2935982048511505,-0.1297556310892105,0.999860942363739,0.5279223918914795,0.2935776710510254,-0.12979203462600708,0.9998132586479187,0.5294221639633179,0.29343369603157043,-0.12978294491767883,0.9998080134391785,0.5203014016151428,0.29240837693214417,-0.14315666258335114,0.9998288750648499,0.5172581076622009,0.2917008101940155,-0.14316526055335999,0.9997948408126831,0.5141221284866333,0.29108425974845886,-0.1431894600391388,0.9998040795326233,0.5262224674224854,0.29717209935188293,-0.021035203710198402,0.999525785446167,0.5052433609962463,0.2964015603065491,-0.0805763527750969,0.9998047947883606,0.5267126560211182,0.3194454610347748,-0.10668526589870453,0.9998364448547363,0.51947420835495,0.3188740909099579,-0.12412972003221512,0.9998813271522522,0.5339715480804443,0.367954283952713,0.07264785468578339,0.9997514486312866,0.4836280643939972,0.36998462677001953,-0.06440309435129166,0.999758243560791,0.5408902764320374,0.45389968156814575,0.04110417887568474,0.6784505248069763,0.4672767221927643,0.4674689769744873,-0.07878229767084122,0.9892197251319885,0.5393405556678772,0.46273940801620483,-0.13654230535030365,0.8841958045959473,0.5127176642417908,0.4520329535007477,-0.10819407552480698,0.9869188070297241,0.5367510914802551,0.4647755026817322,-0.17132486402988434,0.8517924547195435,0.5274044275283813,0.4570345878601074,-0.1291390359401703,0.97052401304245,0.5367204546928406,0.4508254826068878,-0.18118354678153992,0.8567319512367249,0.5287770628929138,0.44509807229042053,-0.13426603376865387,0.9686009287834167,0.5361820459365845,0.44842731952667236,-0.14637251198291779,0.8283004760742188,0.5244844555854797,0.44115591049194336,-0.10817873477935791,0.9536882638931274,0.5287379026412964,0.5529895424842834,0.04847223684191704,0.9980990290641785,0.49563127756118774,0.5574967861175537,-0.04843779280781746,0.997945249080658,0.5278130769729614,0.7011989951133728,0.05914406105875969,0.9107695817947388,0.4989889860153198,0.7071488499641418,-0.04231233894824982,0.9729626178741455,0.5243825316429138,0.8245148658752441,0.17721794545650482,0.9344474077224731,0.4991045296192169,0.8398948311805725,0.06979544460773468,0.9655140042304993,0.5182330012321472,0.8350839018821716,0.18325112760066986,0.8842013478279114,0.49567872285842896,0.8533311486244202,0.0755394846200943,0.7921459078788757,0.535976231098175,0.8728835582733154,0.09860394895076752,0.9410790205001831,0.514805018901825,0.8854866623878479,-0.028421172872185707,0.9533095955848694
10333.333333333343,0.5252595543861389,0.30706512928009033,-0.1495523303747177,0.9998932480812073,0.5262565016746521,0.2935270369052887,-0.1302528977394104,0.9998636841773987,0.5278725028038025,0.29352039098739624,-0.1302885264158249,0.9998161196708679,0.5293617844581604,0.293390154838562,-0.1302783042192459,0.9998091459274292,0.5202581882476807,0.29233598709106445,-0.14374074339866638,0.9998348355293274,0.517213761806488,0.2916436195373535,-0.14374984800815582,0.9998027086257935,0.5140668749809265,0.29101917147636414,-0.14377473294734955,0.9998131990432739,0.5260990858078003,0.2971743643283844,-0.020783888176083565,0.9995206594467163,0.5051820874214172,0.29632875323295593,-0.08125779777765274,0.9998174905776978,0.5266581773757935,0.31944283843040466,-0.10730525851249695,0.9998388290405273,0.5194579362869263,0.318869024515152,-0.12483980506658554,0.9998871684074402,0.5338773727416992,0.3679753541946411,0.0721830427646637,0.9997377991676331,0.4836120307445526,0.3703387677669525,-0.0653807669878006,0.9997735619544983,0.5394918322563171,0.45352014899253845,0.04292428120970726,0.6603367924690247,0.4677909016609192,0.4679521322250366,-0.08055151253938675,0.9897228479385376,0.5398365259170532,0.4636021554470062,-0.13096541166305542,0.8724088668823242,0.5132898688316345,0.45276403427124023,-0.11022268235683441,0.9865497946739197,0.5379393696784973,0.4652247130870819,-0.1652033030986786,0.8393898010253906,0.5278863310813904,0.4575539827346802,-0.1313869208097458,0.969307005405426,0.5377315282821655,0.4514393210411072,-0.17601513862609863,0.8448567986488342,0.5290316939353943,0.44482874870300293,-0.13671757280826569,0.9673082828521729,0.5369711518287659,0.4492124915122986,-0.14105704426765442,0.8150386810302734,0.5245885252952576,0.44097253680229187,-0.11030779033899307,0.9518432021141052,0.528747022151947,0.5532746315002441,0.048367537558078766,0.998059093952179,0.49563637375831604,0.5577380061149597,-0.04833531752228737,0.9979391098022461,0.5278149843215942,0.7012892961502075,0.058351341634988785,0.910392701625824,0.49892616271972656,0.7075762152671814,-0.041748806834220886,0.9738500118255615,0.5243991017341614,0.8245070576667786,0.17758797109127045,0.9353604316711426,0.49882858991622925,0.8399277329444885,0.0711914524435997,0.9664424061775208,0.5183624625205994,0.8350849151611328,0.18373605608940125,0.8855260610580444,0.495216429233551,0.8534627556800842,0.077068991959095,0.7953468561172485,0.5359744429588318,0.8730939626693726,0.09969604015350342,0.9421817064285278,0.5148518681526184,0.8856231570243835,-0.026479599997401237,0.9545462727546692
10366.666666666677,0.525209903717041,0.30704376101493835,-0.14838138222694397,0.9998966455459595,0.5262352228164673,0.29351451992988586,-0.12925179302692413,0.9998675584793091,0.5278553366661072,0.2935165464878082,-0.12928828597068787,0.9998208284378052,0.5293457508087158,0.2933903932571411,-0.12928065657615662,0.9998129606246948,0.5201989412307739,0.29230520129203796,-0.14249266684055328,0.999841034412384,0.5171532034873962,0.2916177213191986,-0.14250047504901886,0.999810516834259,0.5139861702919006,0.2909867763519287,-0.1425231546163559,0.9998218417167664,0.5260965824127197,0.29723116755485535,-0.02032877877354622,0.9995256066322327,0.5051078200340271,0.2962959110736847,-0.0804581567645073,0.9998289942741394,0.5265939235687256,0.3194524645805359,-0.10631021112203598,0.9998438358306885,0.519388735294342,0.3188686966896057,-0.12353602796792984,0.999893307685852,0.5338770747184753,0.3684629797935486,0.0721692368388176,0.9997351765632629,0.4836190938949585,0.37056127190589905,-0.06252311170101166,0.9997871518135071,0.539452850818634,0.453558087348938,0.041454605758190155,0.6547912955284119,0.4682958424091339,0.46823790669441223,-0.07927527278661728,0.9901241064071655,0.5402107238769531,0.46371516585350037,-0.13673163950443268,0.8692690134048462,0.5138979554176331,0.4533020555973053,-0.1135408878326416,0.9861983060836792,0.538550615310669,0.46519243717193604,-0.17209218442440033,0.8354188203811646,0.5283441543579102,0.45794275403022766,-0.1353282481431961,0.9681945443153381,0.5383163094520569,0.4514392614364624,-0.18188117444515228,0.8411167860031128,0.5295095443725586,0.44503819942474365,-0.14048263430595398,0.9661247134208679,0.5374659299850464,0.44925457239151,-0.14649929106235504,0.8103198409080505,0.5249492526054382,0.4412304759025574,-0.11372477561235428,0.9501755833625793,0.5287665128707886,0.5537821054458618,0.04812431335449219,0.9980436563491821,0.49565747380256653,0.5582934021949768,-0.04809261113405228,0.9979400038719177,0.5277902483940125,0.7017514705657959,0.05710925534367561,0.9092667102813721,0.49891385436058044,0.7080975770950317,-0.041119638830423355,0.9743809103965759,0.5243829488754272,0.8245065212249756,0.17928996682167053,0.9352304339408875,0.4987386167049408,0.8399294018745422,0.07438395917415619,0.9668357372283936,0.5181111693382263,0.8350633382797241,0.18593937158584595,0.8854236006736755,0.495186448097229,0.8534810543060303,0.08066193014383316,0.7964857816696167,0.5359404683113098,0.8730654120445251,0.10263319313526154,0.9423757195472717,0.5148585438728333,0.8856226801872253,-0.022257141768932343,0.9551049470901489
10400.000000000011,0.5251330137252808,0.30688366293907166,-0.14766058325767517,0.9999000430107117,0.526210367679596,0.2933870553970337,-0.12864316999912262,0.9998714327812195,0.5278460383415222,0.29342469573020935,-0.1286802440881729,0.9998257756233215,0.5293421149253845,0.2933328449726105,-0.1286739706993103,0.9998175501823425,0.5201206803321838,0.2921406030654907,-0.14186085760593414,0.9998465776443481,0.517074704170227,0.29148030281066895,-0.14186875522136688,0.999817430973053,0.5138845443725586,0.290833979845047,-0.1418902575969696,0.999829113483429,0.526121199131012,0.2972336411476135,-0.020121131092309952,0.9995325207710266,0.5050305724143982,0.29615530371665955,-0.07742726057767868,0.999838650226593,0.5265474915504456,0.31942376494407654,-0.1057029739022255,0.9998496174812317,0.5193023085594177,0.3188123404979706,-0.12279869616031647,0.9998989105224609,0.5339942574501038,0.36881059408187866,0.07135474681854248,0.9997373223304749,0.4837853014469147,0.37053367495536804,-0.062430549412965775,0.9997987747192383,0.5394976735115051,0.45410653948783875,0.036365192383527756,0.655545711517334,0.4687042534351349,0.46819987893104553,-0.08179210126399994,0.9903387427330017,0.5402669906616211,0.4640640914440155,-0.14655204117298126,0.8704924583435059,0.5135349035263062,0.45277929306030273,-0.12863194942474365,0.9857258200645447,0.5389853715896606,0.4650961756706238,-0.18304678797721863,0.8365079164505005,0.5277537107467651,0.45648396015167236,-0.15188033878803253,0.9670595526695251,0.5386912822723389,0.4513988792896271,-0.19286225736141205,0.8422988057136536,0.5285244584083557,0.44274505972862244,-0.15612424910068512,0.9649127125740051,0.5377175807952881,0.44928795099258423,-0.15626807510852814,0.811011016368866,0.5242835283279419,0.43953976035118103,-0.12893471121788025,0.9484267830848694,0.5290194749832153,0.5539572834968567,0.04813669994473457,0.9980611801147461,0.49597272276878357,0.558512270450592,-0.04811108484864235,0.9979569315910339,0.5277882814407349,0.7019956707954407,0.05634544789791107,0.9069139957427979,0.49922025203704834,0.7080950736999512,-0.04107070714235306,0.9747716188430786,0.5243358016014099,0.824539303779602,0.18056511878967285,0.9344121813774109,0.49844837188720703,0.839809238910675,0.07547391206026077,0.9670701026916504,0.5178067088127136,0.8350728750228882,0.1875549703836441,0.8849687576293945,0.49459925293922424,0.8534614443778992,0.08191843330860138,0.7971233129501343,0.5358969569206238,0.8730632066726685,0.10495033115148544,0.9421457052230835,0.5148475766181946,0.8854853510856628,-0.020634735003113747,0.9554561376571655
10433.333333333345,0.5250800251960754,0.3067218065261841,-0.1474471241235733,0.999904990196228,0.5262020826339722,0.2932935655117035,-0.12814226746559143,0.9998774528503418,0.5278448462486267,0.29337066411972046,-0.1281788945198059,0.999833881855011,0.529341459274292,0.2933107018470764,-0.1281716376543045,0.9998258948326111,0.5200814008712769,0.2919410765171051,-0.14098861813545227,0.9998540282249451,0.5170359015464783,0.29127421975135803,-0.14099286496639252,0.9998263120651245,0.5138355493545532,0.29057177901268005,-0.14100804924964905,0.9998378157615662,0.5261505246162415,0.29724448919296265,-0.01950300857424736,0.9995511174201965,0.5049554109573364,0.29581478238105774,-0.07591953128576279,0.9998486042022705,0.5264890789985657,0.3193722665309906,-0.10565850883722305,0.9998583197593689,0.5192046761512756,0.31869426369667053,-0.1224469244480133,0.9999054074287415,0.5342780947685242,0.36925551295280457,0.07079247385263443,0.9997480511665344,0.48378339409828186,0.37052997946739197,-0.06014377996325493,0.9998102188110352,0.5403459668159485,0.4563009440898895,0.035375598818063736,0.6652792692184448,0.46915286779403687,0.46819257736206055,-0.08081982284784317,0.9904158115386963,0.5412251949310303,0.464773029088974,-0.14883391559123993,0.8751725554466248,0.5131217241287231,0.45278024673461914,-0.13214509189128876,0.9851322770118713,0.5392767190933228,0.4649145305156708,-0.18595078587532043,0.8411635756492615,0.5270942449569702,0.4553779065608978,-0.15617169439792633,0.9657667279243469,0.5388485789299011,0.4512118697166443,-0.19564954936504364,0.8469074964523315,0.5276539325714111,0.44110724329948425,-0.16084885597229004,0.9635201096534729,0.5380240678787231,0.4493143856525421,-0.1584119200706482,0.8156067132949829,0.5236867070198059,0.4384884834289551,-0.13274703919887543,0.9464119076728821,0.5291941165924072,0.5539064407348633,0.04812363162636757,0.9981073141098022,0.4960959851741791,0.5584825277328491,-0.04810122027993202,0.9979943037033081,0.5277952551841736,0.7020053863525391,0.05597108229994774,0.9046099185943604,0.499444842338562,0.7079413533210754,-0.04102427884936333,0.9749988913536072,0.5242248177528381,0.8245449662208557,0.18031232059001923,0.933638334274292,0.49840328097343445,0.8393515348434448,0.07609032094478607,0.9671657085418701,0.5174695253372192,0.8350731730461121,0.18727874755859375,0.8845424652099609,0.4944247603416443,0.8531329035758972,0.08254586905241013,0.7972393035888672,0.5358408689498901,0.8730433583259583,0.10458604246377945,0.9418784379959106,0.5148197412490845,0.8843382596969604,-0.019960137084126472,0.9556735157966614
10466.666666666679,0.525086522102356,0.3065037727355957,-0.1461859494447708,0.9999092221260071,0.5262067317962646,0.2931770384311676,-0.12689030170440674,0.9998825788497925,0.5278462767601013,0.293291300535202,-0.12692458927631378,0.9998403787612915,0.5293400287628174,0.29326480627059937,-0.1269182562828064,0.9998326897621155,0.5200908184051514,0.2917138338088989,-0.1402054876089096,0.9998610019683838,0.5170493125915527,0.2910107672214508,-0.14021036028862,0.9998346567153931,0.5138556957244873,0.29023945331573486,-0.1402234435081482,0.9998462796211243,0.5261298418045044,0.29724615812301636,-0.018745753914117813,0.9995664358139038,0.5049576163291931,0.2952827215194702,-0.0762019082903862,0.9998582601547241,0.5264813899993896,0.3192330002784729,-0.10471322387456894,0.999866247177124,0.519207775592804,0.3184855580329895,-0.12216253578662872,0.9999115467071533,0.5343965291976929,0.3692641854286194,0.07078292965888977,0.9997565746307373,0.4837419092655182,0.37050655484199524,-0.05989474803209305,0.9998220205307007,0.540948212146759,0.4563893675804138,0.03727918118238449,0.6727529764175415,0.4693242013454437,0.46809089183807373,-0.08093927055597305,0.9906895160675049,0.5421702861785889,0.46474596858024597,-0.1436450332403183,0.8781538605690002,0.5131855607032776,0.4533570110797882,-0.1271640658378601,0.9849864840507507,0.5394662618637085,0.4641134440898895,-0.18019019067287445,0.84380042552948,0.5270447134971619,0.45563215017318726,-0.15103748440742493,0.9653491377830505,0.5390016436576843,0.4502074122428894,-0.19018085300922394,0.8495754599571228,0.5277125835418701,0.4410414695739746,-0.15613685548305511,0.9630666375160217,0.5382711887359619,0.44881343841552734,-0.15331639349460602,0.8181474804878235,0.5238498449325562,0.43882128596305847,-0.1277136355638504,0.9456542730331421,0.5294684767723083,0.5540428757667542,0.0481552891433239,0.9981454014778137,0.49623310565948486,0.5585915446281433,-0.048133496195077896,0.998035728931427,0.5277973413467407,0.7021490335464478,0.055813953280448914,0.9031659960746765,0.4994626045227051,0.7080239653587341,-0.04086776450276375,0.9752364158630371,0.5241729021072388,0.824547529220581,0.18265822529792786,0.9327123165130615,0.49837958812713623,0.8393348455429077,0.07760926336050034,0.967295229434967,0.5172832012176514,0.8350712060928345,0.19000773131847382,0.8839516639709473,0.49442246556282043,0.8531304001808167,0.08424367755651474,0.7976014614105225,0.53569096326828,0.8729930520057678,0.10803187638521194,0.9414588212966919,0.5147889852523804,0.8842645287513733,-0.017722614109516144,0.9558846950531006
10500.000000000013,0.5253044366836548,0.30618688464164734,-0.14598651230335236,0.9999117851257324,0.5262901782989502,0.2929399013519287,-0.12683099508285522,0.9998855590820312,0.5278788805007935,0.2930631935596466,-0.12686584889888763,0.9998440146446228,0.5293408632278442,0.29305341839790344,-0.12685993313789368,0.9998363852500916,0.5202807188034058,0.2914612889289856,-0.14042963087558746,0.9998658299446106,0.5172678232192993,0.29070714116096497,-0.14043524861335754,0.9998404383659363,0.5141174793243408,0.28988128900527954,-0.14045238494873047,0.9998523592948914,0.5260115265846252,0.2970479726791382,-0.01914711855351925,0.9995728135108948,0.5051326155662537,0.2946343421936035,-0.08173076063394547,0.9998660683631897,0.526516854763031,0.3189297020435333,-0.10457833111286163,0.9998723268508911,0.5193337798118591,0.3181684911251068,-0.12245510518550873,0.9999165534973145,0.5345301032066345,0.36897656321525574,0.07007835805416107,0.9997623562812805,0.48373836278915405,0.3704998791217804,-0.06514837592840195,0.9998325109481812,0.541648805141449,0.45666033029556274,0.03826715424656868,0.677681565284729,0.4692135155200958,0.4681900441646576,-0.08204398304224014,0.9908871650695801,0.5428763628005981,0.4646758437156677,-0.14441318809986115,0.8797942399978638,0.5127368569374084,0.4532702565193176,-0.12854987382888794,0.9847115278244019,0.5396611094474792,0.46324673295021057,-0.18106652796268463,0.8449044823646545,0.526576817035675,0.45527637004852295,-0.15226204693317413,0.9647075533866882,0.5391003489494324,0.44893479347229004,-0.1912301629781723,0.85077965259552,0.5272825956344604,0.44046083092689514,-0.15750043094158173,0.9623688459396362,0.5385950207710266,0.4478518068790436,-0.15424206852912903,0.8189950585365295,0.523464560508728,0.43830597400665283,-0.12908262014389038,0.9444898366928101,0.5296346545219421,0.5541456937789917,0.04888719320297241,0.9981711506843567,0.49626123905181885,0.5586247444152832,-0.048872217535972595,0.9980754256248474,0.5277984142303467,0.7021669745445251,0.06195097044110298,0.9021735191345215,0.49946829676628113,0.7080016136169434,-0.04084496945142746,0.9756307601928711,0.5242038369178772,0.8245505690574646,0.19245083630084991,0.9324893355369568,0.4983762204647064,0.8393176198005676,0.07713521271944046,0.9676843881607056,0.517288863658905,0.8350359797477722,0.20005255937576294,0.884331226348877,0.4944339692592621,0.8531216382980347,0.08366308361291885,0.7993117570877075,0.5356959700584412,0.8727802038192749,0.11846017092466354,0.9415675401687622,0.5147985219955444,0.8841280341148376,-0.018471458926796913,0.9564536213874817
10533.333333333347,0.525519847869873,0.3057425022125244,-0.15102870762348175,0.9999148845672607,0.5263465642929077,0.29251235723495483,-0.13201269507408142,0.9998891949653625,0.5279039144515991,0.2926276922225952,-0.13204701244831085,0.9998485445976257,0.5293422937393188,0.29261356592178345,-0.1320379078388214,0.9998407363891602,0.5204010605812073,0.2911546230316162,-0.14578083157539368,0.9998713135719299,0.5174143314361572,0.2904188632965088,-0.1457870453596115,0.9998471140861511,0.5142930746078491,0.28961753845214844,-0.1458110511302948,0.999859094619751,0.525976836681366,0.29663652181625366,-0.023899413645267487,0.9995816946029663,0.5053264498710632,0.2943117618560791,-0.08683662861585617,0.9998738765716553,0.5266540050506592,0.3185550570487976,-0.10956967622041702,0.9998781681060791,0.5195443034172058,0.3178902566432953,-0.1276496797800064,0.999921441078186,0.5347509980201721,0.36866942048072815,0.06594934314489365,0.999765932559967,0.48382264375686646,0.37049540877342224,-0.06785666942596436,0.999841570854187,0.541785478591919,0.45654499530792236,0.03762117773294449,0.6815502047538757,0.46917253732681274,0.46874529123306274,-0.08765895664691925,0.9910886287689209,0.5434171557426453,0.4643694758415222,-0.1446668654680252,0.881179928779602,0.51246178150177,0.45284631848335266,-0.13344649970531464,0.9844794869422913,0.5398010015487671,0.46230918169021606,-0.1807280033826828,0.8456546068191528,0.5262080430984497,0.45459046959877014,-0.15692564845085144,0.9640383720397949,0.5391678214073181,0.4479442834854126,-0.19062215089797974,0.8515706062316895,0.5269443392753601,0.43996375799179077,-0.16228142380714417,0.9616141319274902,0.5389066338539124,0.4469113349914551,-0.15429182350635529,0.8192306160926819,0.523163914680481,0.43778735399246216,-0.13387911021709442,0.9432591795921326,0.5298099517822266,0.5544247627258301,0.048874352127313614,0.9981911182403564,0.4963006377220154,0.558820903301239,-0.04886322095990181,0.9981073141098022,0.5279674530029297,0.702119767665863,0.06494414061307907,0.9028339385986328,0.4994831681251526,0.7077502012252808,-0.038916829973459244,0.9762325882911682,0.5243240594863892,0.8245508670806885,0.19620393216609955,0.9335085153579712,0.49832776188850403,0.8391631841659546,0.0797886922955513,0.9683340191841125,0.517383873462677,0.8350026607513428,0.20371657609939575,0.8854672312736511,0.49444320797920227,0.8530195951461792,0.08630742132663727,0.8017920255661011,0.5356947779655457,0.8727428317070007,0.12036369740962982,0.9425731301307678,0.5147635340690613,0.8840914964675903,-0.01689770445227623,0.9573937654495239
10566.66666666668,0.5255792140960693,0.3054541051387787,-0.15550923347473145,0.9999170899391174,0.5263478755950928,0.2921385169029236,-0.13706019520759583,0.9998908042907715,0.527903139591217,0.2922319173812866,-0.13709381222724915,0.999850332736969,0.5293328762054443,0.29219725728034973,-0.13707931339740753,0.9998419880867004,0.5204094052314758,0.2909053862094879,-0.15044377744197845,0.999875009059906,0.5174306631088257,0.2902137339115143,-0.15044935047626495,0.9998517036437988,0.5143149495124817,0.28944745659828186,-0.15047955513000488,0.999863862991333,0.5259324312210083,0.2962006628513336,-0.02982097491621971,0.9995812773704529,0.5053830146789551,0.29416102170944214,-0.09102480858564377,0.9998795390129089,0.5267477631568909,0.3183019757270813,-0.11424939334392548,0.999882161617279,0.5196326375007629,0.31771084666252136,-0.1318489909172058,0.999925434589386,0.5347747802734375,0.3679105043411255,0.060395434498786926,0.9997689723968506,0.48388728499412537,0.37060052156448364,-0.0699559897184372,0.9998503923416138,0.5424804091453552,0.45634666085243225,0.03336084261536598,0.6895001530647278,0.4690467119216919,0.46971768140792847,-0.09790457785129547,0.9914922714233398,0.543983519077301,0.4626343548297882,-0.15077227354049683,0.8852903246879578,0.5123818516731262,0.45266205072402954,-0.15969453752040863,0.9850781559944153,0.5401419997215271,0.46049579977989197,-0.18665070831775665,0.84966641664505,0.5264114141464233,0.4540500044822693,-0.18479496240615845,0.9651956558227539,0.5395537614822388,0.4464910626411438,-0.19594214856624603,0.8554489016532898,0.5268362164497375,0.4395900368690491,-0.188528910279274,0.9627991914749146,0.5393156409263611,0.44462230801582336,-0.15998435020446777,0.8230507969856262,0.5230475664138794,0.43746477365493774,-0.15975695848464966,0.9446946978569031,0.529895544052124,0.5544471144676208,0.048806775361299515,0.9981829524040222,0.4963013231754303,0.5588670969009399,-0.04880540445446968,0.998110830783844,0.5280987024307251,0.7014070749282837,0.0633137971162796,0.9030163884162903,0.4995328187942505,0.7070764303207397,-0.038212697952985764,0.9766063690185547,0.5243462920188904,0.8245782852172852,0.19213347136974335,0.9339494705200195,0.49832719564437866,0.8391127586364746,0.08127628266811371,0.9687909483909607,0.517427921295166,0.8350239992141724,0.1994844526052475,0.8867690563201904,0.4944613575935364,0.8529502153396606,0.08786839991807938,0.8042829036712646,0.535693347454071,0.8727399706840515,0.11655076593160629,0.9433065056800842,0.5147584080696106,0.8840631246566772,-0.015661774203181267,0.9581097364425659
10600.000000000015,0.5258253812789917,0.30511191487312317,-0.16144536435604095,0.999921977519989,0.5264005064964294,0.29177379608154297,-0.14312413334846497,0.9998965263366699,0.5279219746589661,0.29185447096824646,-0.1431560218334198,0.999858021736145,0.5293325781822205,0.2917989194393158,-0.14313849806785583,0.9998498558998108,0.5205431580543518,0.29065486788749695,-0.15632952749729156,0.9998822808265686,0.5176048278808594,0.2899928689002991,-0.15633344650268555,0.999860405921936,0.5145042538642883,0.28926971554756165,-0.15635395050048828,0.9998719096183777,0.5258265733718872,0.2957581579685211,-0.03586812689900398,0.9996012449264526,0.5055907368659973,0.2940622568130493,-0.09629438817501068,0.9998871684074402,0.5269420146942139,0.31791290640830994,-0.12017996609210968,0.9998897314071655,0.5198991298675537,0.31741565465927124,-0.13752968609333038,0.9999306797981262,0.5347505211830139,0.366458535194397,0.05521119758486748,0.9997809529304504,0.4839450716972351,0.3707682490348816,-0.0721762403845787,0.9998599290847778,0.5439680814743042,0.4553260803222656,0.028365759178996086,0.7067316770553589,0.46901437640190125,0.471499502658844,-0.1016043946146965,0.9919090270996094,0.5458053946495056,0.4596419036388397,-0.15949811041355133,0.8928518891334534,0.512417197227478,0.4530625641345978,-0.17216652631759644,0.9858986139297485,0.5408369898796082,0.45771080255508423,-0.1962544023990631,0.8581620454788208,0.5262085795402527,0.4537079930305481,-0.19832974672317505,0.9669423699378967,0.5402371883392334,0.44357046484947205,-0.2052876502275467,0.8636332750320435,0.5265376567840576,0.4394245147705078,-0.20242752134799957,0.964633047580719,0.5403944253921509,0.44174015522003174,-0.1684349626302719,0.832160472869873,0.5227979421615601,0.43718060851097107,-0.17252324521541595,0.9471215605735779,0.5299527645111084,0.5541355013847351,0.048760849982500076,0.9982050061225891,0.4965161383152008,0.5587740540504456,-0.048754893243312836,0.9981412291526794,0.5282891392707825,0.7001984715461731,0.06290476024150848,0.9027072787284851,0.5000929236412048,0.7066683173179626,-0.037675581872463226,0.9769150018692017,0.5243058800697327,0.824579656124115,0.1920083910226822,0.9337765574455261,0.4986425042152405,0.8390754461288452,0.08052225410938263,0.9690935611724854,0.5174200534820557,0.8350210785865784,0.19936251640319824,0.8876768946647644,0.4948633313179016,0.8528731465339661,0.08699440211057663,0.8070557713508606,0.5356830954551697,0.872434139251709,0.11741416901350021,0.9435982704162598,0.514756441116333,0.8837662935256958,-0.016085660085082054,0.958666205406189
10633.333333333348,0.5260153412818909,0.30462804436683655,-0.15806667506694794,0.9999246001243591,0.5264356732368469,0.29133328795433044,-0.13963741064071655,0.9998989701271057,0.5279305577278137,0.29140815138816833,-0.13967052102088928,0.9998608827590942,0.5293304324150085,0.29133543372154236,-0.1396586149930954,0.9998520612716675,0.5206674933433533,0.2903097867965698,-0.15289154648780823,0.9998865127563477,0.517767071723938,0.2896571457386017,-0.15289688110351562,0.9998654723167419,0.5146800875663757,0.2889489233493805,-0.15291763842105865,0.9998769164085388,0.5257140398025513,0.2952236533164978,-0.032069746404886246,0.9996076822280884,0.505711019039154,0.29382961988449097,-0.09310589730739594,0.9998921155929565,0.5270601511001587,0.31734931468963623,-0.11672063916921616,0.9998939037322998,0.520101010799408,0.3169504702091217,-0.13410250842571259,0.9999343156814575,0.5346296429634094,0.3641243577003479,0.05786295607686043,0.9997867941856384,0.48399683833122253,0.37126243114471436,-0.06913164258003235,0.9998670816421509,0.5440467596054077,0.4511834979057312,0.030439486727118492,0.719538152217865,0.4689745008945465,0.4728524386882782,-0.09872712194919586,0.992361307144165,0.5467514395713806,0.4529757499694824,-0.15494972467422485,0.8988696336746216,0.512742280960083,0.45276597142219543,-0.16885168850421906,0.9868364930152893,0.542774498462677,0.4534444808959961,-0.1912672072649002,0.8647968173027039,0.5261737108230591,0.45314425230026245,-0.19475312530994415,0.9689735770225525,0.5417833924293518,0.44037988781929016,-0.20012007653713226,0.8699860572814941,0.5264138579368591,0.4393007755279541,-0.19778898358345032,0.9667778015136719,0.5414941310882568,0.437947154045105,-0.16381452977657318,0.8393071293830872,0.522706151008606,0.4370085299015045,-0.16870808601379395,0.950075626373291,0.5298729538917542,0.5540985465049744,0.04701447859406471,0.9981833100318909,0.4965123236179352,0.5587927103042603,-0.04701844975352287,0.9981194138526917,0.5282854437828064,0.700104296207428,0.05475835129618645,0.9009337425231934,0.5000901818275452,0.7070443034172058,-0.03740081936120987,0.9763295650482178,0.5242014527320862,0.8245822191238403,0.18976590037345886,0.931129515171051,0.4988902509212494,0.8390915393829346,0.08256925642490387,0.9681194424629211,0.5173632502555847,0.835021436214447,0.1981339305639267,0.8858808279037476,0.49534308910369873,0.8528723120689392,0.08934608846902847,0.8061782121658325,0.5356533527374268,0.8719286322593689,0.11591134965419769,0.9418524503707886,0.5147264003753662,0.883425772190094,-0.012820517644286156,0.9576390385627747
10666.666666666682,0.5262018442153931,0.3044922649860382,-0.1566261202096939,0.9999276399612427,0.5265496373176575,0.29121753573417664,-0.13833023607730865,0.9999030232429504,0.5280147790908813,0.2913024425506592,-0.13835732638835907,0.999866247177124,0.5293723344802856,0.29123440384864807,-0.13834179937839508,0.9998573660850525,0.5207833051681519,0.29020941257476807,-0.1515212059020996,0.9998912215232849,0.5179017782211304,0.2895734906196594,-0.15152710676193237,0.999871015548706,0.5147987008094788,0.2888888716697693,-0.1515510529279709,0.9998821020126343,0.5257201194763184,0.2951541244983673,-0.031215164810419083,0.9996234774589539,0.5058077573776245,0.293809175491333,-0.09187305718660355,0.9998974204063416,0.5272608995437622,0.3172423839569092,-0.11568371206521988,0.9998985528945923,0.5203092098236084,0.3168559670448303,-0.1331152319908142,0.9999374151229858,0.5346258878707886,0.36306852102279663,0.06192997843027115,0.9997965693473816,0.4843239188194275,0.3717040419578552,-0.0664549171924591,0.9998705387115479,0.5439115762710571,0.44674545526504517,0.039704859256744385,0.7277827858924866,0.46941307187080383,0.47361695766448975,-0.09831932187080383,0.9924598932266235,0.548254132270813,0.4509548842906952,-0.14260448515415192,0.9043982028961182,0.5095922946929932,0.45614567399024963,-0.1658494770526886,0.9873823523521423,0.5461986064910889,0.4532398581504822,-0.17862410843372345,0.8713716268539429,0.5220184326171875,0.4538746178150177,-0.19184789061546326,0.9703042507171631,0.5450400114059448,0.4404430687427521,-0.18887390196323395,0.876367449760437,0.5211551189422607,0.44014135003089905,-0.19753946363925934,0.968226969242096,0.5439450144767761,0.43774038553237915,-0.15200498700141907,0.846580982208252,0.518281877040863,0.43829798698425293,-0.16699567437171936,0.9521191716194153,0.5298721194267273,0.5540880560874939,0.04660751298069954,0.9982072114944458,0.4967579245567322,0.5588510036468506,-0.04660714790225029,0.9981165528297424,0.5282673835754395,0.7001124024391174,0.05241991952061653,0.8998383283615112,0.5000869631767273,0.7075222134590149,-0.03746815398335457,0.9753722548484802,0.5239834189414978,0.8245323896408081,0.18529653549194336,0.929182767868042,0.4991300404071808,0.8390708565711975,0.08186805993318558,0.9668862819671631,0.5171728134155273,0.8349980115890503,0.19342337548732758,0.8844366073608398,0.49578043818473816,0.8528696894645691,0.08861745148897171,0.8035920262336731,0.5356509685516357,0.8710365295410156,0.11351431906223297,0.9402713775634766,0.5147734880447388,0.8831416368484497,-0.013176018372178078,0.9563537836074829
10700.000000000016,0.5262361168861389,0.30444371700286865,-0.1395433247089386,0.9999326467514038,0.5266149640083313,0.29116734862327576,-0.12021689116954803,0.9999099969863892,0.5280889868736267,0.2912631630897522,-0.12026779353618622,0.9998759031295776,0.5294318795204163,0.2912047207355499,-0.12027459591627121,0.9998677968978882,0.5208114981651306,0.29015639424324036,-0.1331218183040619,0.9998984932899475,0.517927348613739,0.2895330488681793,-0.13311101496219635,0.9998794198036194,0.5148076415061951,0.28886306285858154,-0.13310495018959045,0.9998895525932312,0.5258118510246277,0.29515814781188965,-0.009597149677574635,0.9996515512466431,0.5058314800262451,0.2938077449798584,-0.06888171285390854,0.999904215335846,0.5273517370223999,0.31724315881729126,-0.09724872559309006,0.9999058842658997,0.5203545689582825,0.31685522198677063,-0.11416937410831451,0.9999417066574097,0.5343281626701355,0.36243680119514465,0.08032210171222687,0.9998125433921814,0.4854270815849304,0.371646523475647,-0.04669640213251114,0.9998746514320374,0.5432002544403076,0.4430011212825775,0.05059868469834328,0.7419993281364441,0.47011858224868774,0.472883939743042,-0.09175987541675568,0.9923920035362244,0.5494222640991211,0.4487570524215698,-0.1379106342792511,0.9122355580329895,0.5037167072296143,0.4630873203277588,-0.18407553434371948,0.9879335165023804,0.5490172505378723,0.4516688287258148,-0.17632807791233063,0.8814583420753479,0.5151643753051758,0.461542010307312,-0.21492600440979004,0.9717944860458374,0.5472200512886047,0.4394954442977905,-0.18789535760879517,0.8861261010169983,0.5159267783164978,0.44913068413734436,-0.22251959145069122,0.9698708653450012,0.5457494854927063,0.43701428174972534,-0.14813151955604553,0.8581815361976624,0.5139971375465393,0.44703248143196106,-0.1870807707309723,0.9544873237609863,0.5298741459846497,0.5518825650215149,0.04665793478488922,0.9982917904853821,0.4975327253341675,0.5573047399520874,-0.0466526634991169,0.9981709122657776,0.5282772183418274,0.6984120011329651,0.049994826316833496,0.9002406597137451,0.50123530626297,0.7055646181106567,-0.04276154935359955,0.9749804735183716,0.5239331126213074,0.8241811394691467,0.16973944008350372,0.9289473295211792,0.4998548626899719,0.8383470773696899,0.06509637087583542,0.9667869806289673,0.5171653032302856,0.8349156975746155,0.17627538740634918,0.8854470252990723,0.496391236782074,0.8524235486984253,0.07069242745637894,0.8044668436050415,0.5356765389442444,0.8694144487380981,0.09748601913452148,0.9399752616882324,0.5148578882217407,0.8823076486587524,-0.029322119429707527,0.9561850428581238
10733.33333333335,0.5263917446136475,0.30431586503982544,-0.12064468115568161,0.9999363422393799,0.5267488956451416,0.2911277115345001,-0.101589135825634,0.9999154210090637,0.5281836986541748,0.29123783111572266,-0.10164421051740646,0.9998834729194641,0.5294808149337769,0.29119277000427246,-0.10166242718696594,0.9998763203620911,0.5210274457931519,0.29009807109832764,-0.1157536655664444,0.9999037981033325,0.5181701183319092,0.28947415947914124,-0.11574339866638184,0.9998854398727417,0.515074610710144,0.2888169586658478,-0.11573316901922226,0.9998947978019714,0.525811493396759,0.2951692044734955,0.006464136764407158,0.9996746182441711,0.5061647891998291,0.2938075661659241,-0.05834459513425827,0.9999092221260071,0.5274764895439148,0.31723079085350037,-0.07918452471494675,0.9999119639396667,0.5206103324890137,0.3168222904205322,-0.09777525812387466,0.9999450445175171,0.5337775349617004,0.36254122853279114,0.09367610514163971,0.9998259544372559,0.48654481768608093,0.3714580535888672,-0.04243167117238045,0.9998778700828552,0.5425606369972229,0.44308048486709595,0.054832108318805695,0.75238037109375,0.47175464034080505,0.4672853350639343,-0.08958569914102554,0.9920762777328491,0.5499513745307922,0.4470680058002472,-0.13625884056091309,0.9186833500862122,0.5008922815322876,0.4702470898628235,-0.18498049676418304,0.9882092475891113,0.5504895448684692,0.4504571557044983,-0.1752423793077469,0.8896663784980774,0.5089783072471619,0.47269153594970703,-0.21651826798915863,0.9728537797927856,0.5484836101531982,0.43857091665267944,-0.18652363121509552,0.894103467464447,0.5115423202514648,0.46163859963417053,-0.22459886968135834,0.9710765480995178,0.5467325448989868,0.43638962507247925,-0.14651209115982056,0.8675695657730103,0.5109248757362366,0.4586859345436096,-0.1884644627571106,0.9561967849731445,0.5298165678977966,0.5509530901908875,0.04771604761481285,0.9983665347099304,0.4977227449417114,0.5558598637580872,-0.047693148255348206,0.9982118010520935,0.5282759070396423,0.6980631351470947,0.05021160840988159,0.9000587463378906,0.5016401410102844,0.704200029373169,-0.04596751555800438,0.9746479988098145,0.524089515209198,0.8241719007492065,0.16132332384586334,0.9280211329460144,0.5002283453941345,0.837957501411438,0.05604198947548866,0.9667438268661499,0.5173660516738892,0.8348981738090515,0.1671053022146225,0.8858102560043335,0.4967092275619507,0.8523404002189636,0.061097465455532074,0.8058054447174072,0.5359267592430115,0.8691989183425903,0.09032826870679855,0.9394423365592957,0.5149458646774292,0.8822153210639954,-0.036501411348581314,0.9561278820037842
10766.666666666684,0.5266923308372498,0.30415862798690796,-0.1300073266029358,0.9999410510063171,0.526975691318512,0.29102808237075806,-0.11116447299718857,0.9999218583106995,0.5283470153808594,0.29115501046180725,-0.11120924353599548,0.9998922944068909,0.5295785069465637,0.29112839698791504,-0.11121278256177902,0.9998857378959656,0.5213308334350586,0.29000124335289,-0.12427203357219696,0.999910831451416,0.5184908509254456,0.2893870174884796,-0.12427444010972977,0.9998935461044312,0.5153984427452087,0.28875160217285156,-0.12428558617830276,0.9999021291732788,0.5258111357688904,0.29517072439193726,-0.002879155334085226,0.999699056148529,0.5064275860786438,0.2938033640384674,-0.06136361137032509,0.9999160170555115,0.5276869535446167,0.31718698143959045,-0.08867468684911728,0.9999186992645264,0.5209895968437195,0.31677740812301636,-0.10603366047143936,0.9999492168426514,0.5333852767944336,0.36267536878585815,0.08794470131397247,0.9998394250869751,0.48685553669929504,0.37145158648490906,-0.045212872326374054,0.999884843826294,0.5414701104164124,0.4437710642814636,0.05254310369491577,0.7623376250267029,0.4716188609600067,0.4665844142436981,-0.08961248397827148,0.992067813873291,0.5503451824188232,0.44720232486724854,-0.14709216356277466,0.9250167012214661,0.49574437737464905,0.48221898078918457,-0.18904325366020203,0.9887169003486633,0.5511778593063354,0.45031842589378357,-0.1880941092967987,0.8979238271713257,0.5040748715400696,0.4905102252960205,-0.2209896743297577,0.9742683172225952,0.5489391088485718,0.43864303827285767,-0.20014585554599762,0.9021289944648743,0.5073524713516235,0.47713160514831543,-0.23127585649490356,0.972655177116394,0.5470421314239502,0.4364422559738159,-0.15813446044921875,0.8770972490310669,0.5058366060256958,0.4725239872932434,-0.1932627111673355,0.9584819674491882,0.5296446084976196,0.550894021987915,0.04949752986431122,0.9984466433525085,0.49785998463630676,0.5553997755050659,-0.04948433116078377,0.9982712864875793,0.5280587077140808,0.6981247067451477,0.054408345371484756,0.8993855714797974,0.5021464824676514,0.704285740852356,-0.045247625559568405,0.974181056022644,0.5240254402160645,0.8245104551315308,0.16733044385910034,0.9276107549667358,0.5007916688919067,0.8379987478256226,0.06135808303952217,0.9667598009109497,0.5173100233078003,0.8352412581443787,0.173648402094841,0.8873530030250549,0.4971497654914856,0.8523243069648743,0.06696819514036179,0.8079281449317932,0.5359262228012085,0.8692110776901245,0.09460730105638504,0.9395163655281067,0.5149796009063721,0.8820834755897522,-0.03200381621718407,0.9563371539115906
10800.000000000018,0.5268041491508484,0.3039473593235016,-0.13266323506832123,0.999945878982544,0.5270788073539734,0.2909037470817566,-0.1136755645275116,0.99992835521698,0.5284207463264465,0.29104411602020264,-0.11372874677181244,0.9999012351036072,0.5296205878257751,0.29103121161460876,-0.11374102532863617,0.9998952746391296,0.5214898586273193,0.28989386558532715,-0.12746377289295197,0.9999180436134338,0.5186706185340881,0.289283812046051,-0.1274591088294983,0.9999020099639893,0.5155998468399048,0.2886650562286377,-0.1274583786725998,0.9999098181724548,0.5258166193962097,0.29512718319892883,-0.003630350111052394,0.9997246265411377,0.506621241569519,0.29375261068344116,-0.06642219424247742,0.9999229311943054,0.5277517437934875,0.3170786499977112,-0.09045775979757309,0.9999256134033203,0.5211408734321594,0.31665220856666565,-0.10872243344783783,0.9999535083770752,0.5331863164901733,0.36270439624786377,0.08904208242893219,0.9998525977134705,0.486935019493103,0.371391236782074,-0.047519125044345856,0.9998922944068909,0.5408744215965271,0.4442267417907715,0.05393179506063461,0.7730763554573059,0.47154945135116577,0.46227651834487915,-0.09054521471261978,0.9921708106994629,0.5502015948295593,0.44799694418907166,-0.1462620198726654,0.9309993982315063,0.4888877868652344,0.48749738931655884,-0.20786745846271515,0.9893122315406799,0.5508559346199036,0.45070895552635193,-0.18636532127857208,0.9057663083076477,0.49596935510635376,0.4983133375644684,-0.24263601005077362,0.9758161902427673,0.548739492893219,0.43888771533966064,-0.198746457695961,0.9097393751144409,0.4985913932323456,0.48522496223449707,-0.2536621689796448,0.9743626117706299,0.5469728112220764,0.4367610216140747,-0.157105952501297,0.8861620426177979,0.49743762612342834,0.4802277088165283,-0.21309731900691986,0.960982620716095,0.5296415686607361,0.5505982637405396,0.0495498888194561,0.9985300898551941,0.4978742003440857,0.5547981262207031,-0.049532726407051086,0.9983466863632202,0.52806156873703,0.6981099843978882,0.05427134037017822,0.9023728370666504,0.5021304488182068,0.7041723728179932,-0.04602612182497978,0.974601149559021,0.5240126848220825,0.8246973752975464,0.16448570787906647,0.9291709661483765,0.5012972950935364,0.8381009101867676,0.057682085782289505,0.9676233530044556,0.5172967910766602,0.8354715704917908,0.17024275660514832,0.8894617557525635,0.498175710439682,0.8524436354637146,0.06279695779085159,0.8114849328994751,0.5359299182891846,0.8695940375328064,0.09200230985879898,0.9409604072570801,0.5151658654212952,0.8821049928665161,-0.03605075553059578,0.9574763178825378
10833.333333333352,0.5269457697868347,0.30386829376220703,-0.12952931225299835,0.9999500513076782,0.5272113680839539,0.29086899757385254,-0.11065134406089783,0.9999340772628784,0.5285177826881409,0.2910148799419403,-0.11071150749921799,0.9999091029167175,0.5296799540519714,0.2910100221633911,-0.1107330173254013,0.9999037384986877,0.5216723680496216,0.28986161947250366,-0.12482723593711853,0.9999243021011353,0.5188639760017395,0.2892515957355499,-0.12481645494699478,0.9999093413352966,0.5158057808876038,0.2886389493942261,-0.12480418384075165,0.9999164938926697,0.5258198380470276,0.2951255738735199,-0.0007955402252264321,0.9997471570968628,0.506791889667511,0.2937312424182892,-0.06582812964916229,0.9999289512634277,0.5278207063674927,0.31704965233802795,-0.08727004379034042,0.9999316334724426,0.521286129951477,0.3165968060493469,-0.10601162910461426,0.9999572038650513,0.5329111814498901,0.3627120554447174,0.09018034487962723,0.9998642802238464,0.4870929718017578,0.37138664722442627,-0.045515332370996475,0.9998985528945923,0.5404893159866333,0.4444027841091156,0.05480942875146866,0.7801123261451721,0.4715085029602051,0.4607110619544983,-0.08866371214389801,0.9921326041221619,0.550101637840271,0.44849884510040283,-0.1461445838212967,0.9359431266784668,0.4848310351371765,0.48893076181411743,-0.2024710774421692,0.9896439909934998,0.5504364371299744,0.45101091265678406,-0.18520408868789673,0.9122953414916992,0.49196121096611023,0.5012884140014648,-0.23660118877887726,0.9768704175949097,0.5484194159507751,0.43904024362564087,-0.19772443175315857,0.9161010980606079,0.494792103767395,0.4884571135044098,-0.2478104531764984,0.9755600690841675,0.546770453453064,0.4368670880794525,-0.15639884769916534,0.8936667442321777,0.49369028210639954,0.4831768572330475,-0.20775744318962097,0.9627483487129211,0.5296391248703003,0.549480676651001,0.0495305061340332,0.9986087083816528,0.497985303401947,0.5534453392028809,-0.049510374665260315,0.9984184503555298,0.5280616879463196,0.6976692080497742,0.0523252859711647,0.904301106929779,0.5023388862609863,0.7034052610397339,-0.04804661124944687,0.9749095439910889,0.5239430665969849,0.82474285364151,0.15767477452754974,0.9301372170448303,0.5016605854034424,0.8380721211433411,0.05156589671969414,0.9683065414428711,0.5172242522239685,0.8357012867927551,0.16297689080238342,0.8908926844596863,0.4986320436000824,0.8524227142333984,0.0563342347741127,0.8137960433959961,0.5359262228012085,0.8698647618293762,0.08538661152124405,0.9418398141860962,0.5153720378875732,0.8818899989128113,-0.04180298373103142,0.9582786560058594
10866.666666666686,0.5269933342933655,0.3037738800048828,-0.12796218693256378,0.9999538660049438,0.5272753834724426,0.2908153235912323,-0.10897281765937805,0.9999392628669739,0.5285664796829224,0.29096847772598267,-0.1090351790189743,0.9999162554740906,0.5297108292579651,0.29097476601600647,-0.10906055569648743,0.9999114871025085,0.5217434763908386,0.2898024022579193,-0.12307044118642807,0.9999300241470337,0.5189335942268372,0.2891918420791626,-0.12305890023708344,0.9999160766601562,0.5158740282058716,0.288587361574173,-0.123042531311512,0.9999226331710815,0.5258240699768066,0.29511451721191406,0.0006312410696409643,0.9997678399085999,0.5068700909614563,0.2936900556087494,-0.06416869908571243,0.9999344348907471,0.5278356075286865,0.3169930577278137,-0.08585026860237122,0.9999371767044067,0.5213226079940796,0.3165145516395569,-0.10442805290222168,0.9999606013298035,0.5328202843666077,0.3626578152179718,0.09096933901309967,0.9998753070831299,0.48708465695381165,0.37138038873672485,-0.04378683865070343,0.9999043345451355,0.5404036045074463,0.4432310163974762,0.060906946659088135,0.7880213260650635,0.4715941548347473,0.4599175751209259,-0.08367319405078888,0.9921577572822571,0.5500854849815369,0.4486162066459656,-0.13266806304454803,0.9406036734580994,0.48290032148361206,0.49080273509025574,-0.1960780769586563,0.9900075793266296,0.550342857837677,0.45143842697143555,-0.1724325269460678,0.9184273481369019,0.4889521896839142,0.5036283135414124,-0.22975540161132812,0.9779300093650818,0.5483054518699646,0.43988296389579773,-0.18734505772590637,0.9220669865608215,0.491868793964386,0.4908798336982727,-0.24169683456420898,0.9767552614212036,0.5467488169670105,0.43777620792388916,-0.14423108100891113,0.9007570147514343,0.4911379814147949,0.4854176938533783,-0.20152516663074493,0.9645368456840515,0.5296387076377869,0.5485242009162903,0.049576301127672195,0.9986849427223206,0.4980626404285431,0.552310585975647,-0.04955235496163368,0.9984894394874573,0.5280621647834778,0.6974572539329529,0.048891570419073105,0.9053589701652527,0.5023547410964966,0.7028886079788208,-0.05067622661590576,0.9748300313949585,0.5237472653388977,0.825385332107544,0.15260909497737885,0.9303195476531982,0.5017120242118835,0.838003933429718,0.047786030918359756,0.9685189723968506,0.5169510841369629,0.8365172743797302,0.15774358808994293,0.891412079334259,0.49878108501434326,0.8522166609764099,0.05248413234949112,0.8142319321632385,0.5357857942581177,0.871029257774353,0.08071672916412354,0.9419979453086853,0.5154144763946533,0.8815506100654602,-0.04489511996507645,0.9585316181182861
10900.00000000002,0.5270963907241821,0.3036988079547882,-0.11914103478193283,0.999957263469696,0.5273616313934326,0.2907958924770355,-0.10028788447380066,0.9999439716339111,0.528626561164856,0.2909541130065918,-0.10035543888807297,0.9999227523803711,0.5297453999519348,0.29096701741218567,-0.10038857161998749,0.999918520450592,0.5218645930290222,0.28977465629577637,-0.11420837044715881,0.9999351501464844,0.5190579295158386,0.28916555643081665,-0.11419935524463654,0.9999221563339233,0.5159962177276611,0.28856444358825684,-0.11418318748474121,0.9999281167984009,0.5258247256278992,0.295114129781723,0.008397003635764122,0.999786913394928,0.5069664716720581,0.29368454217910767,-0.05571901053190231,0.9999393224716187,0.5278872847557068,0.3169226050376892,-0.07735347747802734,0.9999420642852783,0.5214337706565857,0.31645768880844116,-0.09572909772396088,0.9999635219573975,0.5328186750411987,0.3626668453216553,0.09526500850915909,0.9998851418495178,0.48707085847854614,0.3713729977607727,-0.037580620497465134,0.9999083876609802,0.5403216481208801,0.44054919481277466,0.06457402557134628,0.7937431931495667,0.4719525873661041,0.4575107991695404,-0.08452747762203217,0.9919448494911194,0.5501019954681396,0.4488687515258789,-0.12272505462169647,0.9446721076965332,0.47983667254447937,0.4885699152946472,-0.2128882259130478,0.9902389645576477,0.5505120754241943,0.45224711298942566,-0.16159960627555847,0.923862636089325,0.48488864302635193,0.50238037109375,-0.2488531619310379,0.9788207411766052,0.5484461188316345,0.4414505958557129,-0.17705203592777252,0.9273585677146912,0.4881102740764618,0.49007517099380493,-0.2608693540096283,0.9777757525444031,0.5469399094581604,0.43944400548934937,-0.13444791734218597,0.9070623517036438,0.48785728216171265,0.48441484570503235,-0.21918150782585144,0.966074526309967,0.5295976400375366,0.5482586622238159,0.049530696123838425,0.998757004737854,0.49797502160072327,0.5517348647117615,-0.04950067773461342,0.9985566139221191,0.5280619859695435,0.6971356272697449,0.046015843749046326,0.9076128602027893,0.5020028948783875,0.7027239799499512,-0.05256277322769165,0.9750486612319946,0.5233458280563354,0.8253827691078186,0.14594228565692902,0.9312461018562317,0.5016809701919556,0.8379901647567749,0.04133717343211174,0.9690456986427307,0.5165736675262451,0.8365715742111206,0.15074799954891205,0.8925326466560364,0.4987433850765228,0.8521784543991089,0.045595500618219376,0.815004825592041,0.5357750654220581,0.8711361885070801,0.07461204379796982,0.9427406787872314,0.5154966711997986,0.8810891509056091,-0.051230527460575104,0.9590468406677246
10933.333333333354,0.5270946621894836,0.30370211601257324,-0.11979711800813675,0.9999600052833557,0.527365505695343,0.29083409905433655,-0.10120242089033127,0.9999477863311768,0.5286291241645813,0.2909942865371704,-0.1012689396739006,0.9999281167984009,0.5297480821609497,0.2910250127315521,-0.10130046308040619,0.99992436170578,0.5218661427497864,0.28979581594467163,-0.11478425562381744,0.9999392628669739,0.5190579891204834,0.28920412063598633,-0.11477825790643692,0.9999269843101501,0.5159950852394104,0.28861895203590393,-0.11476471275091171,0.9999325275421143,0.5258477926254272,0.29523780941963196,0.006985565181821585,0.9998031854629517,0.506966233253479,0.2938053607940674,-0.05556399002671242,0.9999433159828186,0.5278871059417725,0.3169288635253906,-0.07818689942359924,0.9999463558197021,0.5214301347732544,0.3164668083190918,-0.09610900282859802,0.999966025352478,0.5328611135482788,0.3630891442298889,0.09318410605192184,0.9998936057090759,0.4866536259651184,0.37151598930358887,-0.035784486681222916,0.9999122023582458,0.5403920412063599,0.4407510459423065,0.06107809394598007,0.7998499870300293,0.47189566493034363,0.4575709402561188,-0.08396028727293015,0.9917884469032288,0.5500727891921997,0.45027080178260803,-0.12776243686676025,0.9480886459350586,0.478613018989563,0.48755884170532227,-0.21090446412563324,0.9903892278671265,0.5503490567207336,0.453888863325119,-0.16623695194721222,0.9283746480941772,0.48346197605133057,0.5020222663879395,-0.24693089723587036,0.9794950485229492,0.5483331084251404,0.44371548295021057,-0.17905518412590027,0.9317678213119507,0.487051784992218,0.4905529320240021,-0.2585335671901703,0.9785658121109009,0.5468509793281555,0.4418705701828003,-0.1388998180627823,0.9122463464736938,0.4869077503681183,0.4847491681575775,-0.2170058935880661,0.9672659635543823,0.5295665860176086,0.5483248233795166,0.04893048480153084,0.9988104104995728,0.4977998435497284,0.5518549084663391,-0.048887528479099274,0.9986055493354797,0.5280548930168152,0.6971859931945801,0.045343585312366486,0.910173237323761,0.5013002157211304,0.7034302353858948,-0.05149116367101669,0.975405216217041,0.5231034159660339,0.8253724575042725,0.1509893238544464,0.9322699308395386,0.5016170144081116,0.8381735682487488,0.0465206615626812,0.9695613980293274,0.5165642499923706,0.8365823030471802,0.1564207226037979,0.8933619260787964,0.4987245500087738,0.8521850109100342,0.05119217932224274,0.8158687353134155,0.5357424020767212,0.8712577819824219,0.07898993045091629,0.9434779286384583,0.5155055522918701,0.8810933232307434,-0.0469469279050827,0.9595284461975098
10966.666666666688,0.5270804166793823,0.3037033677101135,-0.10133211314678192,0.9999617338180542,0.5273596048355103,0.2909325063228607,-0.08308770507574081,0.9999504685401917,0.5286180377006531,0.2911112606525421,-0.08315936475992203,0.9999319911003113,0.5297331213951111,0.2911795973777771,-0.08319934457540512,0.999928891658783,0.5218661427497864,0.28984472155570984,-0.09649205207824707,0.999941885471344,0.5190584659576416,0.28927579522132874,-0.09648700058460236,0.9999300241470337,0.515995979309082,0.28870412707328796,-0.09647589176893234,0.9999353289604187,0.525847852230072,0.2955469489097595,0.02279902622103691,0.9998165369033813,0.5069690942764282,0.29405248165130615,-0.039049431681632996,0.9999457001686096,0.5278719663619995,0.31693151593208313,-0.06054968386888504,0.9999495148658752,0.5214266777038574,0.3164696991443634,-0.07828770577907562,0.9999676942825317,0.5329028367996216,0.3634101450443268,0.10206425935029984,0.9999009370803833,0.48619529604911804,0.3715870976448059,-0.02175263501703739,0.9999136328697205,0.5399295091629028,0.44098961353302,0.06628633290529251,0.8024591207504272,0.47204989194869995,0.45427197217941284,-0.08446046710014343,0.9914871454238892,0.5496604442596436,0.45103442668914795,-0.11790326982736588,0.9510817527770996,0.4760621190071106,0.4857437014579773,-0.22893370687961578,0.9906790256500244,0.5504301190376282,0.45496615767478943,-0.15643715858459473,0.9324432611465454,0.48044392466545105,0.49968600273132324,-0.2676956057548523,0.9804208278656006,0.5483978390693665,0.44555309414863586,-0.17148107290267944,0.935749888420105,0.4840455949306488,0.48841971158981323,-0.27779296040534973,0.9796008467674255,0.5467928647994995,0.44373583793640137,-0.1295737624168396,0.9169714450836182,0.4840640127658844,0.48280081152915955,-0.2352030724287033,0.9687992334365845,0.5294149518013,0.54831862449646,0.0465179868042469,0.9988700151443481,0.4974012076854706,0.5517089366912842,-0.04644942656159401,0.9986594319343567,0.5280372500419617,0.6970750689506531,0.033741097897291183,0.913554847240448,0.5010198950767517,0.7034534215927124,-0.054610561579465866,0.9755022525787354,0.5229876041412354,0.8253952264785767,0.14216241240501404,0.9335092306137085,0.5016021132469177,0.8382247090339661,0.04268665611743927,0.9700684547424316,0.5165631771087646,0.8367106914520264,0.1479596495628357,0.8935567140579224,0.4991937577724457,0.8521745204925537,0.04725392907857895,0.8158058524131775,0.5355573296546936,0.8715343475341797,0.06985641270875931,0.9442316889762878,0.5154263377189636,0.8810397386550903,-0.05124889686703682,0.9600135684013367
11000.000000000022,0.527048647403717,0.303701251745224,-0.09090360254049301,0.9999628663063049,0.5273295640945435,0.29097920656204224,-0.07296086847782135,0.9999524354934692,0.5285769104957581,0.2911653518676758,-0.07303273677825928,0.9999350309371948,0.5296865105628967,0.2912503182888031,-0.07307538390159607,0.9999327063560486,0.5218599438667297,0.2898642122745514,-0.08590951561927795,0.9999433755874634,0.519058346748352,0.2893119156360626,-0.08590579032897949,0.9999316334724426,0.5159980058670044,0.28875207901000977,-0.08589683473110199,0.9999367594718933,0.525837779045105,0.2956838309764862,0.031000081449747086,0.9998285174369812,0.5069978833198547,0.29415491223335266,-0.028576605021953583,0.9999468922615051,0.5278339982032776,0.3169245719909668,-0.05084051936864853,0.9999523162841797,0.5214197635650635,0.31645873188972473,-0.0679541826248169,0.999968945980072,0.5332423448562622,0.363850861787796,0.10465221852064133,0.9999079704284668,0.48597222566604614,0.3713717758655548,-0.01168681588023901,0.9999139308929443,0.5399421453475952,0.44121378660202026,0.06449779868125916,0.8079078197479248,0.47284767031669617,0.4492538869380951,-0.07698597759008408,0.9911087155342102,0.5493170022964478,0.4515606164932251,-0.12071428447961807,0.9540859460830688,0.47543349862098694,0.48467281460762024,-0.21902188658714294,0.9908715486526489,0.5503431558609009,0.4560166895389557,-0.15987320244312286,0.9364725351333618,0.47958433628082275,0.49834883213043213,-0.2571929097175598,0.9811502695083618,0.5483669638633728,0.4465733766555786,-0.1749858409166336,0.9396671056747437,0.4827805757522583,0.48782816529273987,-0.2674083411693573,0.9804315567016602,0.5467610955238342,0.44457319378852844,-0.1324135661125183,0.9216548800468445,0.48283860087394714,0.4824151396751404,-0.22528798878192902,0.9700402021408081,0.5293362140655518,0.5478780269622803,0.04341359809041023,0.9989303350448608,0.4968383014202118,0.5509034395217896,-0.043322786688804626,0.9987177848815918,0.5280762910842896,0.6965610384941101,0.024393530562520027,0.9177655577659607,0.5006875395774841,0.7030079364776611,-0.05614970624446869,0.9759969115257263,0.5230115652084351,0.8254326581954956,0.1353394091129303,0.9353742003440857,0.5017698407173157,0.8382911682128906,0.041231539100408554,0.9709293246269226,0.5167482495307922,0.8368144035339355,0.1414196640253067,0.8938628435134888,0.4999237358570099,0.8521767258644104,0.045680392533540726,0.8167670369148254,0.535545289516449,0.8717243075370789,0.061651669442653656,0.9454211592674255,0.5154260993003845,0.8810346722602844,-0.053709372878074646,0.9608942270278931
11033.333333333356,0.526980459690094,0.3036995530128479,-0.09190888702869415,0.9999637007713318,0.527303159236908,0.2910252809524536,-0.07410259544849396,0.9999539256095886,0.5285474061965942,0.2912220060825348,-0.07417133450508118,0.9999373555183411,0.5296587347984314,0.29133138060569763,-0.07421378046274185,0.9999357461929321,0.5218425989151001,0.2898752987384796,-0.08663249760866165,0.9999443292617798,0.5190492868423462,0.28932860493659973,-0.0866280347108841,0.9999326467514038,0.5159929394721985,0.28877022862434387,-0.08661917597055435,0.9999375939369202,0.525837242603302,0.29582369327545166,0.02945338375866413,0.9998388290405273,0.507003664970398,0.2941768169403076,-0.028276054188609123,0.9999476075172424,0.5277277231216431,0.31692326068878174,-0.052041277289390564,0.9999548196792603,0.5213426351547241,0.3164448142051697,-0.06863032281398773,0.999970018863678,0.5335031747817993,0.3642755150794983,0.10332569479942322,0.999914288520813,0.4857420027256012,0.37106189131736755,-0.011297403834760189,0.9999143481254578,0.5412098169326782,0.4419173300266266,0.06333839148283005,0.8159846663475037,0.473178505897522,0.44479265809059143,-0.07654694467782974,0.990829586982727,0.5490097403526306,0.45165032148361206,-0.11944751441478729,0.9571565985679626,0.47519752383232117,0.48420897126197815,-0.22072230279445648,0.9910842180252075,0.5498644113540649,0.45632120966911316,-0.15849773585796356,0.9404752254486084,0.47910967469215393,0.49763867259025574,-0.25938791036605835,0.9818530082702637,0.5475471615791321,0.44651567935943604,-0.17317530512809753,0.94352126121521,0.4825448989868164,0.48767733573913574,-0.26969966292381287,0.9812188148498535,0.546087384223938,0.4444875419139862,-0.1306704580783844,0.926298201084137,0.48259565234184265,0.4821777939796448,-0.22722916305065155,0.9712185263633728,0.5291664600372314,0.5475338101387024,0.04226740822196007,0.99898362159729,0.4963359534740448,0.5504651665687561,-0.042179737240076065,0.9987701773643494,0.5281261205673218,0.6959062814712524,0.024038875475525856,0.9212134480476379,0.5002298355102539,0.7026587128639221,-0.05609256401658058,0.9763293862342834,0.5229788422584534,0.8256921768188477,0.13412146270275116,0.9365034699440002,0.5017515420913696,0.8383747339248657,0.041204001754522324,0.9715119004249573,0.5167494416236877,0.8372145295143127,0.1401161551475525,0.8929932117462158,0.5000907182693481,0.8522009253501892,0.04561670869588852,0.8164889216423035,0.5352266430854797,0.8721809387207031,0.06038058549165726,0.9460112452507019,0.5150603652000427,0.8809612989425659,-0.05365351215004921,0.9614472985267639
11066.66666666669,0.5270611643791199,0.3036905527114868,-0.09532427042722702,0.9999653697013855,0.5273322463035583,0.29102563858032227,-0.07734931260347366,0.9999562501907349,0.5285564661026001,0.29122117161750793,-0.0774131789803505,0.9999406933784485,0.5296589732170105,0.29133039712905884,-0.07745175063610077,0.999939501285553,0.5219599604606628,0.28987476229667664,-0.0904364064335823,0.9999467730522156,0.5191913843154907,0.2893284857273102,-0.09043173491954803,0.9999355673789978,0.5161615014076233,0.288769394159317,-0.09042312204837799,0.9999402165412903,0.5257960557937622,0.2958245873451233,0.027138808742165565,0.9998499751091003,0.5072484612464905,0.294165700674057,-0.03302030637860298,0.9999499917030334,0.5277438759803772,0.31690898537635803,-0.05501899495720863,0.999957799911499,0.5214495658874512,0.3164227604866028,-0.07233203947544098,0.9999716877937317,0.5336493253707886,0.36428865790367126,0.10515940934419632,0.9999206066131592,0.48574116826057434,0.3698698580265045,-0.017787467688322067,0.999917209148407,0.542664110660553,0.44218942523002625,0.06742391735315323,0.8253506422042847,0.47313159704208374,0.44081056118011475,-0.08002981543540955,0.9909654855728149,0.5490520000457764,0.45170268416404724,-0.11195320636034012,0.9602959752082825,0.4747545123100281,0.48331230878829956,-0.22686190903186798,0.9915031790733337,0.5496780872344971,0.4565821886062622,-0.15004949271678925,0.9445301294326782,0.4786399304866791,0.4968789517879486,-0.26558342576026917,0.9828078150749207,0.5470466613769531,0.44648924469947815,-0.16416391730308533,0.9474027752876282,0.48216867446899414,0.48714643716812134,-0.27540186047554016,0.9822403192520142,0.5458475947380066,0.4444199502468109,-0.1227215826511383,0.9310275316238403,0.48217612504959106,0.4815850257873535,-0.23299428820610046,0.9727288484573364,0.5290120840072632,0.5472286939620972,0.042707908898591995,0.999035656452179,0.4961532950401306,0.550064742565155,-0.042629968374967575,0.9988246560096741,0.5281945466995239,0.6955124735832214,0.028323812410235405,0.9239559769630432,0.5002338886260986,0.7021597623825073,-0.0569981224834919,0.9765957593917847,0.5229297280311584,0.8262735605239868,0.13607272505760193,0.9374881982803345,0.5018464922904968,0.8384014368057251,0.038377344608306885,0.9720481038093567,0.5166208148002625,0.8379330635070801,0.14177347719669342,0.8927908539772034,0.5003193020820618,0.8522186279296875,0.042637523263692856,0.8170769214630127,0.5347992777824402,0.8730902671813965,0.06314599514007568,0.9466837644577026,0.5148407220840454,0.8808956146240234,-0.0557624027132988,0.9620874524116516
11100.000000000024,0.5271785259246826,0.3036741614341736,-0.09361591190099716,0.9999666213989258,0.5273674726486206,0.29102247953414917,-0.07580016553401947,0.9999580383300781,0.5285638570785522,0.29121163487434387,-0.0758620947599411,0.9999432563781738,0.5296573042869568,0.2913159430027008,-0.07589875161647797,0.9999424815177917,0.5221046209335327,0.28986847400665283,-0.08950677514076233,0.9999485611915588,0.5193639993667603,0.2893213629722595,-0.08950390666723251,0.9999377727508545,0.5163558721542358,0.2887536883354187,-0.08949852734804153,0.9999421834945679,0.5256548523902893,0.29578569531440735,0.028060555458068848,0.9998589158058167,0.5074437260627747,0.29410430788993835,-0.03470941260457039,0.9999518394470215,0.527769148349762,0.31688112020492554,-0.05344896391034126,0.9999602437019348,0.5216094255447388,0.3163820207118988,-0.07155980914831161,0.9999729990959167,0.5336487293243408,0.36421874165534973,0.1077025905251503,0.9999261498451233,0.4857558310031891,0.368758887052536,-0.02124757133424282,0.9999204277992249,0.5428536534309387,0.44207727909088135,0.07001777738332748,0.8319460153579712,0.47310373187065125,0.43840861320495605,-0.08407597243785858,0.9911828637123108,0.5491129159927368,0.45164307951927185,-0.11137156188488007,0.9629538059234619,0.47428324818611145,0.48189300298690796,-0.2257314771413803,0.9919559955596924,0.5496511459350586,0.4565691649913788,-0.14943967759609222,0.9479843974113464,0.47820594906806946,0.4963272511959076,-0.2639268636703491,0.9838023781776428,0.5469627380371094,0.4464220106601715,-0.16358408331871033,0.9507197737693787,0.48200082778930664,0.4864673614501953,-0.27363672852516174,0.9832938313484192,0.5458300709724426,0.4442428946495056,-0.12228958308696747,0.9350581765174866,0.4819885492324829,0.4809488356113434,-0.23161444067955017,0.9742826819419861,0.5289319753646851,0.5471424460411072,0.04359639436006546,0.9990801215171814,0.49613121151924133,0.549924910068512,-0.043520115315914154,0.9988716244697571,0.5282496809959412,0.6950770020484924,0.030529435724020004,0.9260590076446533,0.5002374053001404,0.7016531825065613,-0.05841462314128876,0.9767564535140991,0.5230817198753357,0.8263463973999023,0.13772617280483246,0.9380538463592529,0.5018361210823059,0.8384041786193848,0.03701700270175934,0.9723454117774963,0.5169875621795654,0.8381149172782898,0.14342282712459564,0.8927069902420044,0.500285804271698,0.8522174954414368,0.04140765964984894,0.8167786002159119,0.5347986817359924,0.8733056783676147,0.06587989628314972,0.9470928311347961,0.5148134827613831,0.8808197379112244,-0.05616219714283943,0.9624716639518738
11133.333333333358,0.5271549820899963,0.30367204546928406,-0.09768102318048477,0.9999685287475586,0.5273715853691101,0.2910213768482208,-0.07945533096790314,0.9999606609344482,0.5285764932632446,0.2912091016769409,-0.07951593399047852,0.9999468326568604,0.5296798348426819,0.29131314158439636,-0.07955121248960495,0.9999462962150574,0.5220826268196106,0.2898591160774231,-0.09258656203746796,0.9999513626098633,0.519311785697937,0.28931155800819397,-0.09258249402046204,0.9999411702156067,0.5162703990936279,0.28874024748802185,-0.09257230907678604,0.9999452233314514,0.5257418751716614,0.29578375816345215,0.026667950674891472,0.9998694062232971,0.5073931813240051,0.2940986156463623,-0.033053573220968246,0.9999545216560364,0.5277693271636963,0.3168838322162628,-0.05678655952215195,0.9999629259109497,0.5215789079666138,0.3163784146308899,-0.07410936802625656,0.9999745488166809,0.5336767435073853,0.36422237753868103,0.10779812932014465,0.9999315738677979,0.4857671558856964,0.3686090111732483,-0.02178066410124302,0.9999228715896606,0.5428321361541748,0.4421011507511139,0.06986594200134277,0.8395373821258545,0.4741743505001068,0.43611493706703186,-0.09150764346122742,0.991307258605957,0.5493385195732117,0.45143550634384155,-0.11425260454416275,0.9657675623893738,0.4745413064956665,0.4792863130569458,-0.23402675986289978,0.992347776889801,0.5499005913734436,0.4561443626880646,-0.152798131108284,0.9517049193382263,0.4783024787902832,0.495219886302948,-0.2723703980445862,0.9846794605255127,0.5471944808959961,0.445707231760025,-0.16741997003555298,0.9542633891105652,0.482165664434433,0.4862110912799835,-0.28178220987319946,0.9842289686203003,0.5460360646247864,0.44349929690361023,-0.12571388483047485,0.9394766688346863,0.48221978545188904,0.4808855950832367,-0.23993553221225739,0.9756910800933838,0.5289204716682434,0.5472631454467773,0.04369433596730232,0.9991264343261719,0.49609172344207764,0.550075352191925,-0.04362218454480171,0.9989182353019714,0.528260350227356,0.6951004862785339,0.031849123537540436,0.9281755685806274,0.5001993179321289,0.7016760110855103,-0.05768737569451332,0.9771028757095337,0.5232999324798584,0.8262403011322021,0.14008310437202454,0.9386146068572998,0.5018283724784851,0.8384403586387634,0.038485053926706314,0.9726633429527283,0.517383337020874,0.837957501411438,0.14586946368217468,0.8922820687294006,0.5002749562263489,0.8522152900695801,0.04309038817882538,0.8160249590873718,0.5347949266433716,0.8731945157051086,0.06714094430208206,0.9475446343421936,0.5148161053657532,0.8807899355888367,-0.054148927330970764,0.9628881812095642
11166.666666666692,0.527035653591156,0.30367109179496765,-0.10651928931474686,0.9999709129333496,0.5273721814155579,0.2910192012786865,-0.08774962276220322,0.9999637603759766,0.5285884141921997,0.2912072241306305,-0.08780394494533539,0.9999510049819946,0.5297206044197083,0.2913120985031128,-0.0878382995724678,0.9999505877494812,0.5219686031341553,0.28984206914901733,-0.0999525710940361,0.9999549984931946,0.5191119313240051,0.2892904579639435,-0.09994582086801529,0.9999455809593201,0.5159959197044373,0.28871268033981323,-0.0999220758676529,0.9999492168426514,0.5259718894958496,0.2957880198955536,0.022357335314154625,0.9998803734779358,0.5072112083435059,0.29407620429992676,-0.034400440752506256,0.9999579191207886,0.5277561545372009,0.31689801812171936,-0.06433544307947159,0.9999659061431885,0.5214211344718933,0.31637683510780334,-0.08059338480234146,0.9999764561653137,0.5336834192276001,0.3645292818546295,0.10604079067707062,0.9999368786811829,0.48574504256248474,0.3686281442642212,-0.022527169436216354,0.9999265670776367,0.5429142713546753,0.44240137934684753,0.06913483887910843,0.8494793772697449,0.47409942746162415,0.43825602531433105,-0.09691765904426575,0.9914659857749939,0.5499640703201294,0.4513396918773651,-0.11654532700777054,0.9686425924301147,0.47439321875572205,0.477736234664917,-0.24463555216789246,0.992739200592041,0.5500324368476868,0.4552583396434784,-0.15507374703884125,0.9555519819259644,0.47834500670433044,0.4929518401622772,-0.28329524397850037,0.985543429851532,0.5473753809928894,0.44412684440612793,-0.16896118223667145,0.9579184055328369,0.4820510149002075,0.48397567868232727,-0.29354798793792725,0.9851435422897339,0.546333372592926,0.4421258270740509,-0.12760695815086365,0.9441118240356445,0.4820595383644104,0.4790806472301483,-0.2509006857872009,0.9770682454109192,0.52892005443573,0.5481459498405457,0.045254454016685486,0.9991685152053833,0.4960942268371582,0.5510950684547424,-0.04519778490066528,0.9989659190177917,0.5282668471336365,0.6952368021011353,0.03979123383760452,0.9293724894523621,0.5000940561294556,0.7017552852630615,-0.05758923664689064,0.9774401187896729,0.523381769657135,0.8260023593902588,0.14702163636684418,0.93861985206604,0.501497209072113,0.838444709777832,0.039770033210515976,0.9729249477386475,0.5175203680992126,0.8375998139381409,0.15294237434864044,0.892979085445404,0.49968424439430237,0.8522176742553711,0.04442421719431877,0.8161178827285767,0.534795880317688,0.8728874325752258,0.07981183379888535,0.9476771354675293,0.514786958694458,0.8807192444801331,-0.05342479050159454,0.9630890488624573
11200.000000000025,0.526918351650238,0.3036748170852661,-0.11032043397426605,0.999972939491272,0.5273600816726685,0.29101020097732544,-0.09112002700567245,0.9999664425849915,0.5285897850990295,0.29119792580604553,-0.09117577224969864,0.9999545812606812,0.5297304391860962,0.29130369424819946,-0.09120909124612808,0.9999542832374573,0.521830677986145,0.28983041644096375,-0.10321984440088272,0.9999580979347229,0.5189029574394226,0.2892816662788391,-0.10321440547704697,0.9999493360519409,0.5157353281974792,0.28870636224746704,-0.10319353640079498,0.9999525547027588,0.5260794758796692,0.2957937717437744,0.020509429275989532,0.9998897314071655,0.5070432424545288,0.2940766513347626,-0.036028746515512466,0.9999607801437378,0.5277414917945862,0.31695204973220825,-0.06788559257984161,0.999968409538269,0.5212950110435486,0.3164012134075165,-0.08398143947124481,0.9999780654907227,0.5336568355560303,0.3645831048488617,0.1055675745010376,0.9999412298202515,0.4856906831264496,0.36877527832984924,-0.02497747540473938,0.9999291300773621,0.5428028702735901,0.44287076592445374,0.058806490153074265,0.8557109832763672,0.474032998085022,0.43905314803123474,-0.10245223343372345,0.9914642572402954,0.5503395199775696,0.45118606090545654,-0.13035453855991364,0.9710174202919006,0.47416311502456665,0.476557195186615,-0.24918048083782196,0.9930390119552612,0.5506805181503296,0.4543171525001526,-0.16910897195339203,0.9587357640266418,0.4783950746059418,0.4896446466445923,-0.2875344157218933,0.9862516522407532,0.5482527613639832,0.4429500699043274,-0.18130792677402496,0.9609524607658386,0.48165637254714966,0.47942692041397095,-0.2973810136318207,0.9859001636505127,0.5470739006996155,0.44112586975097656,-0.14066758751869202,0.9479242563247681,0.48162642121315,0.4750695824623108,-0.2552955746650696,0.9782073497772217,0.528935432434082,0.5496020317077637,0.04598550498485565,0.9992049336433411,0.49607861042022705,0.5527454018592834,-0.045940835028886795,0.999005138874054,0.5283347368240356,0.6962754726409912,0.04097108542919159,0.9303507804870605,0.5001328587532043,0.7021118998527527,-0.05745609477162361,0.9777169823646545,0.5241243839263916,0.8260272741317749,0.1509827822446823,0.9387649893760681,0.5013761520385742,0.838708221912384,0.040698278695344925,0.973163902759552,0.5184977650642395,0.837622880935669,0.1572679728269577,0.8935948610305786,0.49922022223472595,0.852378785610199,0.045772336423397064,0.8158533573150635,0.5351095795631409,0.872823178768158,0.08481533825397491,0.9478923678398132,0.5148394107818604,0.8811426162719727,-0.05000268667936325,0.9633283019065857
11233.33333333336,0.5269126892089844,0.3036753237247467,-0.1198400929570198,0.9999746680259705,0.5273614525794983,0.29096829891204834,-0.10119126737117767,0.9999687075614929,0.5286087989807129,0.29114198684692383,-0.10125669091939926,0.9999576807022095,0.5297674536705017,0.29123392701148987,-0.1012895256280899,0.9999574422836304,0.5217996835708618,0.2898089587688446,-0.11375301331281662,0.9999606013298035,0.5188425779342651,0.2892693877220154,-0.11374547332525253,0.9999522566795349,0.5156626105308533,0.28870049118995667,-0.11372506618499756,0.9999551177024841,0.5261977314949036,0.29576629400253296,0.009377673268318176,0.9998977780342102,0.506994366645813,0.29407981038093567,-0.04884380102157593,0.999963104724884,0.5277954936027527,0.3169693946838379,-0.07745902240276337,0.9999706149101257,0.5212939381599426,0.3164310157299042,-0.0941525250673294,0.9999794960021973,0.5336777567863464,0.36461395025253296,0.0973101407289505,0.9999452233314514,0.48555788397789,0.3690755367279053,-0.028258461505174637,0.9999318718910217,0.5421329140663147,0.4459823668003082,0.05662386864423752,0.8595770001411438,0.4737400412559509,0.44345536828041077,-0.09685894846916199,0.9914199709892273,0.5503178238868713,0.45120325684547424,-0.13891735672950745,0.9729014039039612,0.47382551431655884,0.4738709628582001,-0.2395552098751068,0.9932160377502441,0.5513337254524231,0.45380276441574097,-0.17960485816001892,0.9613133072853088,0.4784066379070282,0.4856276214122772,-0.2770479917526245,0.9867433309555054,0.5493271946907043,0.4423806667327881,-0.1939307153224945,0.9634368419647217,0.4817262589931488,0.47368696331977844,-0.287086546421051,0.986443042755127,0.5476997494697571,0.4407258629798889,-0.15036140382289886,0.9510132670402527,0.481621652841568,0.4695947468280792,-0.24529621005058289,0.9790286421775818,0.5290015339851379,0.5497248768806458,0.046583570539951324,0.99922776222229,0.4960877001285553,0.5528987050056458,-0.046543002128601074,0.9990272521972656,0.5285677909851074,0.6968297362327576,0.04579252749681473,0.9311621189117432,0.5004939436912537,0.7021793127059937,-0.05548079311847687,0.9780392050743103,0.5247057676315308,0.8260279297828674,0.15840965509414673,0.9393349885940552,0.5013125538825989,0.8387297987937927,0.0447896271944046,0.9734459519386292,0.5191680192947388,0.8376217484474182,0.16471171379089355,0.8946398496627808,0.498869925737381,0.8523797988891602,0.0499151237308979,0.8166285753250122,0.5354258418083191,0.872663140296936,0.08901867270469666,0.9483044743537903,0.5152025818824768,0.8811696767807007,-0.04825425520539284,0.9635650515556335
11266.666666666693,0.5268221497535706,0.303680419921875,-0.11934280395507812,0.9999760389328003,0.5273401737213135,0.29088324308395386,-0.10061313956975937,0.999970555305481,0.5286102890968323,0.291034996509552,-0.10067964345216751,0.9999603033065796,0.5297874808311462,0.29110345244407654,-0.10071321576833725,0.9999601244926453,0.5216704607009888,0.2897903323173523,-0.11307978630065918,0.9999625086784363,0.5186660885810852,0.2892666459083557,-0.11307260394096375,0.9999545216560364,0.5154739022254944,0.28870218992233276,-0.11305350810289383,0.9999570250511169,0.526458203792572,0.29574909806251526,0.009874957613646984,0.9999045729637146,0.5068640112876892,0.29420164227485657,-0.04825400933623314,0.9999648928642273,0.5278226137161255,0.31704896688461304,-0.0769205093383789,0.9999722242355347,0.521239697933197,0.3165545165538788,-0.09347941726446152,0.9999804496765137,0.5337777733802795,0.36488038301467896,0.09723975509405136,0.9999479651451111,0.48553207516670227,0.3692503273487091,-0.028280876576900482,0.9999323487281799,0.5434678196907043,0.45326176285743713,0.05625507980585098,0.857618510723114,0.4745110869407654,0.4441784918308258,-0.09594307839870453,0.9910603165626526,0.5501765608787537,0.4520927667617798,-0.1371779441833496,0.9741252660751343,0.47402992844581604,0.47193393111228943,-0.23600299656391144,0.9932032823562622,0.5519551038742065,0.4535735249519348,-0.17713287472724915,0.9630874991416931,0.47872987389564514,0.4812021851539612,-0.27348753809928894,0.9869444966316223,0.5504281520843506,0.44223296642303467,-0.19149433076381683,0.9651734828948975,0.48172834515571594,0.46854591369628906,-0.2831208407878876,0.9867006540298462,0.5481811761856079,0.44073158502578735,-0.1487310230731964,0.953126847743988,0.4816284775733948,0.46490055322647095,-0.24150817096233368,0.9794527888298035,0.5290472507476807,0.549875020980835,0.04677053913474083,0.99924635887146,0.496050626039505,0.553368866443634,-0.04672839492559433,0.9990391135215759,0.5286648273468018,0.6974160671234131,0.04533889517188072,0.9322444796562195,0.5005816221237183,0.7025351524353027,-0.05426693335175514,0.9784948825836182,0.5250014066696167,0.8261204361915588,0.15642325580120087,0.9404860138893127,0.5012890696525574,0.8391264081001282,0.04567984119057655,0.9739826321601868,0.5196241736412048,0.837780237197876,0.16256208717823029,0.8960914611816406,0.49879756569862366,0.8528264164924622,0.05075111240148544,0.8180676698684692,0.5356115102767944,0.8727044463157654,0.08654236793518066,0.9491785764694214,0.5153244137763977,0.8818053603172302,-0.04785901680588722,0.9641653895378113
11300.000000000027,0.5267942547798157,0.30369141697883606,-0.11822480708360672,0.9999772310256958,0.5273320078849792,0.2908220589160919,-0.09948106855154037,0.9999722838401794,0.5286142230033875,0.2909528613090515,-0.09954733401536942,0.9999626874923706,0.5298096537590027,0.2909979820251465,-0.09958057105541229,0.999962568283081,0.5215956568717957,0.28978419303894043,-0.11198195070028305,0.9999642968177795,0.5185591578483582,0.2892661392688751,-0.1119755432009697,0.9999566078186035,0.5153475403785706,0.2887166440486908,-0.1119576022028923,0.9999588131904602,0.5265842080116272,0.2957395911216736,0.010548770427703857,0.9999107718467712,0.5067142248153687,0.29437464475631714,-0.048053547739982605,0.999966561794281,0.5278707146644592,0.31713321805000305,-0.07597000896930695,0.9999736547470093,0.5212240815162659,0.31671613454818726,-0.09256098419427872,0.9999812841415405,0.5339205861091614,0.3650238811969757,0.09702662378549576,0.9999504089355469,0.48540809750556946,0.36960116028785706,-0.02820209041237831,0.9999323487281799,0.5408778786659241,0.45275142788887024,0.05583291873335838,0.8549274802207947,0.475151389837265,0.44558608531951904,-0.09512638300657272,0.9906767010688782,0.5501598715782166,0.45226630568504333,-0.13551440834999084,0.9752710461616516,0.474283367395401,0.46974635124206543,-0.23562096059322357,0.9932292699813843,0.5529903173446655,0.45313534140586853,-0.1750255674123764,0.9648039937019348,0.4787518084049225,0.47812026739120483,-0.2723831832408905,0.9872152805328369,0.5516559481620789,0.4418503940105438,-0.18923309445381165,0.9668466448783875,0.48153749108314514,0.4650222659111023,-0.28169772028923035,0.987028181552887,0.5490122437477112,0.44063127040863037,-0.14699213206768036,0.9552018642425537,0.48151537775993347,0.4613494575023651,-0.24015896022319794,0.9799889922142029,0.5290964245796204,0.5502708554267883,0.04677075892686844,0.9992652535438538,0.4959889054298401,0.5541948080062866,-0.04672838747501373,0.9990513324737549,0.5287327170372009,0.6976498365402222,0.04509139060974121,0.933325469493866,0.5005974769592285,0.7028742432594299,-0.05271371454000473,0.9788498282432556,0.525187611579895,0.8261421918869019,0.15544934570789337,0.9415366649627686,0.5010827779769897,0.8395830988883972,0.04688592627644539,0.9743869304656982,0.5198821425437927,0.8377865552902222,0.16151216626167297,0.8971599340438843,0.4984648823738098,0.8532971143722534,0.05197455734014511,0.8189321160316467,0.5356805324554443,0.8727884888648987,0.08545995503664017,0.9499397277832031,0.5153663754463196,0.8825279474258423,-0.04624439403414726,0.9645883440971375
11333.333333333361,0.5267926454544067,0.3036918342113495,-0.11742124706506729,0.9999785423278809,0.5273354649543762,0.29078081250190735,-0.09908296912908554,0.9999741315841675,0.5286429524421692,0.2908959984779358,-0.09914825856685638,0.9999651908874512,0.529868483543396,0.29092440009117126,-0.09917973726987839,0.9999650716781616,0.5215789675712585,0.2897813022136688,-0.1117301806807518,0.9999663829803467,0.5185325741767883,0.2892759442329407,-0.11172419041395187,0.9999591112136841,0.51531583070755,0.28876107931137085,-0.1117090955376625,0.9999610185623169,0.5267573595046997,0.2957357168197632,0.013308243826031685,0.9999170899391174,0.5066840052604675,0.29464709758758545,-0.04507623612880707,0.9999684691429138,0.5279527306556702,0.31715258955955505,-0.07586102187633514,0.9999751448631287,0.5212257504463196,0.3167891800403595,-0.09230312705039978,0.9999821782112122,0.5339362621307373,0.36506956815719604,0.10074282437562943,0.9999529123306274,0.48540398478507996,0.36964187026023865,-0.028125831857323647,0.999932587146759,0.5395506620407104,0.4530053734779358,0.057464368641376495,0.8526062369346619,0.4754317104816437,0.44572678208351135,-0.10245012491941452,0.9904390573501587,0.5502710342407227,0.4521912634372711,-0.13209202885627747,0.9765855073928833,0.47433364391326904,0.46889498829841614,-0.2507583200931549,0.9933927655220032,0.5541313886642456,0.4523670971393585,-0.17041832208633423,0.9667053818702698,0.478605717420578,0.4768829345703125,-0.2886219024658203,0.9876673817634583,0.5528357625007629,0.4413057565689087,-0.18468767404556274,0.968675971031189,0.48123568296432495,0.46389341354370117,-0.29905420541763306,0.9875206351280212,0.5499753355979919,0.44032615423202515,-0.14374838769435883,0.9574959874153137,0.4812493324279785,0.46026018261909485,-0.2570831775665283,0.9807427525520325,0.5290966033935547,0.550331175327301,0.047099195420742035,0.9992886185646057,0.4958901107311249,0.5543559193611145,-0.04705610126256943,0.9990707635879517,0.528742253780365,0.6976577639579773,0.04458032548427582,0.9345056414604187,0.5005987882614136,0.7029266357421875,-0.053240735083818436,0.9790937900543213,0.5253265500068665,0.8261922597885132,0.15409094095230103,0.9425362944602966,0.501030683517456,0.8399653434753418,0.04401204735040665,0.9747372269630432,0.520099937915802,0.8378311395645142,0.1598941534757614,0.898225724697113,0.4983704388141632,0.8536396622657776,0.04892345517873764,0.8194700479507446,0.5357237458229065,0.8728500008583069,0.08527078479528427,0.9506288170814514,0.515424370765686,0.8829476833343506,-0.04880586639046669,0.9649814963340759
11366.666666666695,0.5269595980644226,0.3036344647407532,-0.11317843943834305,0.9999792575836182,0.5274383425712585,0.29069769382476807,-0.09451460838317871,0.9999752640724182,0.5287579894065857,0.2908020615577698,-0.09458451718091965,0.9999668598175049,0.52997887134552,0.29082369804382324,-0.09462057799100876,0.9999668002128601,0.5216837525367737,0.2897404730319977,-0.10791747272014618,0.9999674558639526,0.5186562538146973,0.2892627716064453,-0.10791156440973282,0.9999603033065796,0.5154563784599304,0.2887602746486664,-0.10789741575717926,0.9999619722366333,0.5268306136131287,0.29570522904396057,0.01645984686911106,0.9999217391014099,0.5067946314811707,0.2947208285331726,-0.044615261256694794,0.9999694228172302,0.5281791090965271,0.31709036231040955,-0.0712674930691719,0.9999760985374451,0.5214086174964905,0.3167831301689148,-0.08890282362699509,0.9999826550483704,0.5340268611907959,0.36507442593574524,0.10120705515146255,0.9999552369117737,0.485347181558609,0.3697279989719391,-0.027565408498048782,0.9999314546585083,0.5388995409011841,0.4526381194591522,0.06091194227337837,0.8507316708564758,0.47539418935775757,0.4486883580684662,-0.10132128745317459,0.9899904131889343,0.5503717660903931,0.4520244896411896,-0.12554214894771576,0.9775916337966919,0.47444355487823486,0.4684930145740509,-0.24448484182357788,0.9934029579162598,0.5548458099365234,0.4518727660179138,-0.16408899426460266,0.9682161808013916,0.47871026396751404,0.47590479254722595,-0.2823348641395569,0.9879006147384644,0.5536068677902222,0.4407896101474762,-0.17884047329425812,0.9701484441757202,0.4811559021472931,0.46217411756515503,-0.29190072417259216,0.9878027439117432,0.5505708456039429,0.4396779239177704,-0.1373434066772461,0.9593552350997925,0.481189101934433,0.45806124806404114,-0.25025662779808044,0.9811809659004211,0.5291244387626648,0.5503900647163391,0.04710190370678902,0.9993078112602234,0.49579399824142456,0.5544937252998352,-0.04705819860100746,0.9990782141685486,0.5287769436836243,0.6976571083068848,0.04346329718828201,0.9355524182319641,0.5005810856819153,0.7029340863227844,-0.05335419252514839,0.979044497013092,0.5254128575325012,0.82619309425354,0.15391488373279572,0.9431803226470947,0.5006676316261292,0.8400065302848816,0.04433731734752655,0.9747563600540161,0.5202054381370544,0.837834358215332,0.15983374416828156,0.8989275693893433,0.4980250298976898,0.8536784052848816,0.049371760338544846,0.8188239336013794,0.5357652902603149,0.872927725315094,0.084998719394207,0.9509237408638,0.5154008269309998,0.8830492496490479,-0.048476532101631165,0.9648930430412292
11400.00000000003,0.5273662805557251,0.30361202359199524,-0.11218498647212982,0.9999798536300659,0.5276577472686768,0.29066285490989685,-0.09367672353982925,0.9999763369560242,0.528956949710846,0.2907555103302002,-0.09374941885471344,0.9999683499336243,0.5301459431648254,0.290769100189209,-0.09378564357757568,0.999968409538269,0.5219711065292358,0.28972724080085754,-0.10756565630435944,0.9999682903289795,0.5189796686172485,0.28926074504852295,-0.10756100714206696,0.9999611377716064,0.515783429145813,0.28876349329948425,-0.10754794627428055,0.999962568283081,0.5268771648406982,0.2956641614437103,0.016401726752519608,0.9999260902404785,0.5069897174835205,0.2947823405265808,-0.046782486140728,0.9999701380729675,0.5285577774047852,0.3170546591281891,-0.07040432095527649,0.9999770522117615,0.5218461751937866,0.31678441166877747,-0.08869677037000656,0.9999831318855286,0.5342556834220886,0.36542290449142456,0.10057689994573593,0.999957799911499,0.4852035343647003,0.37013158202171326,-0.027576347813010216,0.9999306797981262,0.5385961532592773,0.4552716016769409,0.06270172446966171,0.8503580093383789,0.4756941497325897,0.45334383845329285,-0.08569107204675674,0.9894450306892395,0.5504634976387024,0.4524550437927246,-0.12307363003492355,0.9785799384117126,0.47444912791252136,0.4683149456977844,-0.21282745897769928,0.9933212399482727,0.5556904673576355,0.45180386304855347,-0.16175894439220428,0.9696651101112366,0.4785425364971161,0.47423288226127625,-0.24773526191711426,0.9879733920097351,0.5543490052223206,0.4406697154045105,-0.17704148590564728,0.9715623259544373,0.48049214482307434,0.4599861204624176,-0.26163139939308167,0.9879277944564819,0.5510286092758179,0.43964582681655884,-0.1350523829460144,0.961158812046051,0.4806784987449646,0.45604652166366577,-0.2202184796333313,0.9814102053642273,0.5292218923568726,0.5505530834197998,0.047061264514923096,0.9993297457695007,0.49563488364219666,0.555191159248352,-0.047013115137815475,0.9990909099578857,0.5288074612617493,0.6977591514587402,0.04340485855937004,0.936781644821167,0.500516951084137,0.70355623960495,-0.05275200679898262,0.9791418313980103,0.5254591107368469,0.8264086246490479,0.1557193249464035,0.9440890550613403,0.5004388689994812,0.8404512405395508,0.05069743096828461,0.9750267267227173,0.5202940106391907,0.8382610082626343,0.16203226149082184,0.9002065658569336,0.49794498085975647,0.8542596101760864,0.056158944964408875,0.819769024848938,0.5358030796051025,0.8731194734573364,0.085809126496315,0.9514737725257874,0.5153177976608276,0.8832326531410217,-0.042762335389852524,0.9651613235473633
11433.333333333363,0.5277463793754578,0.30356520414352417,-0.1121140718460083,0.9999802708625793,0.5278928279876709,0.2906280755996704,-0.09366472065448761,0.9999771118164062,0.5291673541069031,0.29071521759033203,-0.09373760223388672,0.9999695420265198,0.5303241610527039,0.29072755575180054,-0.0937737375497818,0.9999696612358093,0.5222787857055664,0.289714515209198,-0.10758234560489655,0.9999686479568481,0.5193246006965637,0.2892591059207916,-0.10757789015769958,0.9999614357948303,0.5161152482032776,0.288767546415329,-0.10756507515907288,0.9999626278877258,0.526940643787384,0.29563114047050476,0.015849744901061058,0.9999297261238098,0.5072389841079712,0.2948320806026459,-0.049644019454717636,0.9999704360961914,0.5288949608802795,0.3170052766799927,-0.07038378715515137,0.9999778866767883,0.5222133994102478,0.31678155064582825,-0.08875314891338348,0.9999834895133972,0.5346495509147644,0.3658088147640228,0.09844551980495453,0.99996018409729,0.4850412607192993,0.3704041838645935,-0.02771998569369316,0.9999297857284546,0.5383443236351013,0.4577813148498535,0.06309689581394196,0.8506107926368713,0.47668731212615967,0.4630325734615326,-0.07752932608127594,0.9888957738876343,0.5505126118659973,0.45333969593048096,-0.12312908470630646,0.9794682264328003,0.4745100736618042,0.46776923537254333,-0.19904747605323792,0.9931918382644653,0.5562785267829895,0.4518131911754608,-0.1620008647441864,0.9709613919258118,0.4785471558570862,0.4738905727863312,-0.23323656618595123,0.9879447221755981,0.5549043416976929,0.4406239688396454,-0.17731457948684692,0.9728304147720337,0.4803580343723297,0.45976731181144714,-0.2475852370262146,0.9879481196403503,0.5513744950294495,0.4396471083164215,-0.1351355016231537,0.9627763032913208,0.48059898614883423,0.4555305540561676,-0.20650118589401245,0.9814856648445129,0.5293198823928833,0.5506243705749512,0.046750012785196304,0.999348521232605,0.4955120086669922,0.5554549694061279,-0.046691879630088806,0.9990987181663513,0.5288369059562683,0.6978124976158142,0.04210560396313667,0.9381687641143799,0.5004128813743591,0.7037772536277771,-0.05211130157113075,0.9792119264602661,0.5254943370819092,0.8264240026473999,0.15794716775417328,0.945114016532898,0.5003141760826111,0.8407118916511536,0.055914927273988724,0.9752691388130188,0.5203402042388916,0.838320791721344,0.16474077105522156,0.9011388421058655,0.49792003631591797,0.8545395731925964,0.06167307123541832,0.8205487728118896,0.5358136892318726,0.8732083439826965,0.0868743360042572,0.9520853757858276,0.5152772665023804,0.8835002779960632,-0.0383896678686142,0.9653978943824768
11466.666666666697,0.5280709862709045,0.30355721712112427,-0.11111464351415634,0.9999808073043823,0.5281446576118469,0.2906239330768585,-0.09296509623527527,0.9999780058860779,0.5293903350830078,0.29071134328842163,-0.09303697198629379,0.9999708533287048,0.5305127501487732,0.290723592042923,-0.09307216107845306,0.9999710321426392,0.5226113796234131,0.28971192240715027,-0.10732924938201904,0.9999693036079407,0.5196958184242249,0.28926968574523926,-0.10732579976320267,0.9999620914459229,0.5164668560028076,0.28879979252815247,-0.10731379687786102,0.999963104724884,0.5270206332206726,0.29562821984291077,0.015818385407328606,0.9999335408210754,0.5075450539588928,0.2949240207672119,-0.05086842551827431,0.9999710917472839,0.5291418433189392,0.31699153780937195,-0.06955340504646301,0.9999788999557495,0.5225229859352112,0.31678566336631775,-0.08855700492858887,0.9999840259552002,0.5348781943321228,0.3661677837371826,0.0981353297829628,0.999962568283081,0.4848719835281372,0.370656818151474,-0.02773790992796421,0.9999299645423889,0.5382404923439026,0.4596605896949768,0.06386976689100266,0.8515117168426514,0.47671377658843994,0.46096426248550415,-0.07221189886331558,0.9884824752807617,0.5508232712745667,0.4536797106266022,-0.12344986945390701,0.9803426861763,0.47454649209976196,0.46737614274024963,-0.1889989972114563,0.9931433796882629,0.5568244457244873,0.4518173933029175,-0.16241352260112762,0.9722170233726501,0.47850510478019714,0.47356146574020386,-0.22240830957889557,0.9880115389823914,0.555534303188324,0.44059640169143677,-0.1775258332490921,0.9740546345710754,0.48027780652046204,0.45955225825309753,-0.23715069890022278,0.9880577325820923,0.5519489645957947,0.43964895606040955,-0.13541622459888458,0.964353621006012,0.4805283546447754,0.45527786016464233,-0.19646215438842773,0.9816843867301941,0.5294116735458374,0.5507321953773499,0.046290814876556396,0.9993696808815002,0.49540919065475464,0.5557746887207031,-0.04622313007712364,0.9991132616996765,0.528931736946106,0.6978796720504761,0.040654439479112625,0.9397770166397095,0.500113844871521,0.70417320728302,-0.05159373953938484,0.9793065786361694,0.5255377888679504,0.826431393623352,0.15926235914230347,0.9461861848831177,0.5001002550125122,0.8407945036888123,0.05893753468990326,0.9755131602287292,0.5204193592071533,0.8383548259735107,0.16633979976177216,0.9020392894744873,0.4979060888290405,0.8546024560928345,0.06487410515546799,0.8210968375205994,0.5358121395111084,0.8734267354011536,0.0875118225812912,0.9527170062065125,0.5149258375167847,0.8836413621902466,-0.03585880622267723,0.9656584858894348
11500.000000000031,0.5283342599868774,0.3034421503543854,-0.11071475595235825,0.9999813437461853,0.5283687710762024,0.2904677391052246,-0.09268590807914734,0.9999788999557495,0.5295946002006531,0.2905399203300476,-0.09275811165571213,0.9999721050262451,0.5306896567344666,0.29054591059684753,-0.09279347211122513,0.9999723434448242,0.5228670239448547,0.28964781761169434,-0.1071840450167656,0.999970018863678,0.5199732780456543,0.2892415523529053,-0.107181116938591,0.9999628067016602,0.5167215466499329,0.2887951135635376,-0.10716941207647324,0.9999637007713318,0.5271081924438477,0.2954730987548828,0.01579568162560463,0.9999371767044067,0.5077672600746155,0.29492977261543274,-0.050929367542266846,0.9999717473983765,0.529360830783844,0.3168535530567169,-0.06914497911930084,0.9999797940254211,0.5227628350257874,0.31674760580062866,-0.08837749809026718,0.9999845623970032,0.5350207090377808,0.36617541313171387,0.09755059331655502,0.999964714050293,0.48470500111579895,0.3707365393638611,-0.02700146846473217,0.9999296069145203,0.5379326343536377,0.4599948823451996,0.06403938680887222,0.8519725203514099,0.47658655047416687,0.45990097522735596,-0.07326050847768784,0.988078236579895,0.5514028072357178,0.4536743462085724,-0.1235361248254776,0.981201171875,0.4744623303413391,0.46666309237480164,-0.19688160717487335,0.9931538701057434,0.5577399134635925,0.45175257325172424,-0.16262345016002655,0.9734820127487183,0.47839653491973877,0.47260427474975586,-0.2311156839132309,0.9881730079650879,0.5565900206565857,0.44055500626564026,-0.17762289941310883,0.9752817749977112,0.4801561236381531,0.4580617845058441,-0.2454940676689148,0.9882577657699585,0.5529645085334778,0.4396212697029114,-0.13556957244873047,0.9659558534622192,0.48035478591918945,0.4543684720993042,-0.20435842871665955,0.9820123314857483,0.5294362306594849,0.5507632493972778,0.045348577201366425,0.9993906021118164,0.49533239006996155,0.5559864044189453,-0.045271433889865875,0.9991285800933838,0.5290207862854004,0.6978520154953003,0.03800223395228386,0.9412664771080017,0.4998927712440491,0.7042909860610962,-0.051208145916461945,0.9792503714561462,0.5256263613700867,0.8264002203941345,0.15927274525165558,0.9469578862190247,0.49993225932121277,0.8408287763595581,0.0600568987429142,0.9755833745002747,0.5205816030502319,0.8382769823074341,0.16653576493263245,0.9023543000221252,0.49789345264434814,0.8545990586280823,0.0660850927233696,0.8208202719688416,0.5358121395111084,0.8735172748565674,0.0877208337187767,0.9530647397041321,0.5147914886474609,0.8837115168571472,-0.03469662740826607,0.9656607508659363
11533.333333333365,0.528538167476654,0.3034350574016571,-0.10876979678869247,0.9999818801879883,0.5285694599151611,0.29046282172203064,-0.09107355028390884,0.9999796748161316,0.5297754406929016,0.2905351221561432,-0.09114626795053482,0.9999732375144958,0.5308465957641602,0.2905420958995819,-0.09118307381868362,0.9999735355377197,0.5231161117553711,0.2896448075771332,-0.10590097308158875,0.9999706149101257,0.5202548503875732,0.289240300655365,-0.10589703172445297,0.9999632835388184,0.5169893503189087,0.2887970507144928,-0.1058863177895546,0.9999639987945557,0.5271714925765991,0.29546332359313965,0.016086207702755928,0.9999404549598694,0.5079788565635681,0.29493245482444763,-0.051154423505067825,0.9999720454216003,0.5294815301895142,0.31682685017585754,-0.06749125570058823,0.9999806880950928,0.5229220986366272,0.3167385160923004,-0.08722875267267227,0.9999850392341614,0.5350822806358337,0.3663003742694855,0.09742032736539841,0.9999670386314392,0.48455557227134705,0.370771199464798,-0.025658540427684784,0.9999293088912964,0.5378822684288025,0.4607390761375427,0.06806112080812454,0.8548606634140015,0.476444274187088,0.4599558711051941,-0.07170726358890533,0.9875223636627197,0.5523519515991211,0.45292583107948303,-0.11777952313423157,0.9822369813919067,0.47426357865333557,0.46563202142715454,-0.19935879111289978,0.9931696057319641,0.5588762164115906,0.45112162828445435,-0.1568005532026291,0.9749316573143005,0.47826507687568665,0.47046777606010437,-0.2338527888059616,0.9883396625518799,0.5576608777046204,0.4398009181022644,-0.1731090396642685,0.9766697883605957,0.4799029529094696,0.4560234546661377,-0.24844248592853546,0.988456130027771,0.5541449785232544,0.4388751983642578,-0.13009342551231384,0.9677677154541016,0.4801067113876343,0.4525812268257141,-0.20704089105129242,0.9823142290115356,0.5294795632362366,0.5506163239479065,0.04505548253655434,0.9994102120399475,0.49532756209373474,0.5559704899787903,-0.04497871920466423,0.9991400241851807,0.5291218161582947,0.6978246569633484,0.03679656982421875,0.9424662590026855,0.49988284707069397,0.7042917609214783,-0.0512184239923954,0.9789146780967712,0.5256670117378235,0.8263999223709106,0.15866521000862122,0.947563648223877,0.4998847246170044,0.8408293724060059,0.05950934812426567,0.9754604697227478,0.520642876625061,0.8382769823074341,0.16576120257377625,0.9026501774787903,0.49790388345718384,0.8545700311660767,0.06550095975399017,0.8200333118438721,0.535812497138977,0.873706579208374,0.0873943567276001,0.9532710909843445,0.514616072177887,0.8835945129394531,-0.03513099253177643,0.9654419422149658
11566.666666666699,0.5287961959838867,0.30343055725097656,-0.10895247012376785,0.9999822974205017,0.5288023352622986,0.290458083152771,-0.09111353754997253,0.9999802708625793,0.5299695730209351,0.29052993655204773,-0.09118714183568954,0.9999741315841675,0.5310009717941284,0.29053789377212524,-0.09122443199157715,0.9999744892120361,0.5234265923500061,0.28964120149612427,-0.10624822229146957,0.9999709725379944,0.520599365234375,0.2892400920391083,-0.10624396800994873,0.9999634623527527,0.5173305869102478,0.2887991666793823,-0.10623485594987869,0.9999639987945557,0.5272113680839539,0.29545503854751587,0.01515835989266634,0.999943196773529,0.5082183480262756,0.29493120312690735,-0.054384950548410416,0.9999720454216003,0.5296141505241394,0.31678900122642517,-0.06758584827184677,0.9999814629554749,0.5231221318244934,0.31671997904777527,-0.08755482733249664,0.99998539686203,0.53517746925354,0.3663049638271332,0.09601263701915741,0.9999692440032959,0.4844527542591095,0.370853066444397,-0.025766711682081223,0.9999290704727173,0.537844717502594,0.4611603915691376,0.06972109526395798,0.8582382798194885,0.47640663385391235,0.460537314414978,-0.07064984738826752,0.9869445562362671,0.5530449748039246,0.4522381126880646,-0.11629565805196762,0.9832019805908203,0.4740007221698761,0.4652906060218811,-0.1995711624622345,0.9931883215904236,0.5596050024032593,0.45057591795921326,-0.15513788163661957,0.9762682318687439,0.4780327379703522,0.469571053981781,-0.23391832411289215,0.9884974956512451,0.5583519339561462,0.4391375780105591,-0.17174145579338074,0.9779483079910278,0.4796043634414673,0.45481249690055847,-0.2490045428276062,0.9886435866355896,0.5548681020736694,0.43820175528526306,-0.12861841917037964,0.9694327116012573,0.4797917604446411,0.45154932141304016,-0.20747612416744232,0.9825878739356995,0.529560387134552,0.5503904223442078,0.04480879753828049,0.9994258880615234,0.49532461166381836,0.5559293031692505,-0.04473603889346123,0.9991445541381836,0.5292378067970276,0.6978156566619873,0.03547753021121025,0.9434748888015747,0.4998821020126343,0.7043030858039856,-0.05134941637516022,0.9783427119255066,0.5257022976875305,0.8264058232307434,0.1584552377462387,0.9479721188545227,0.499761164188385,0.840813934803009,0.06049259006977081,0.9751732349395752,0.5206915736198425,0.838286817073822,0.1656377911567688,0.9026003479957581,0.49788543581962585,0.8544198274612427,0.06665395945310593,0.8189250230789185,0.5357750654220581,0.8739699721336365,0.08709622919559479,0.953341543674469,0.5144218802452087,0.8836117386817932,-0.03436124697327614,0.9650771617889404
11600.000000000033,0.5291210412979126,0.3034502863883972,-0.10912739485502243,0.9999827146530151,0.5291211009025574,0.29049602150917053,-0.09176149219274521,0.9999808073043823,0.5302400588989258,0.2905651926994324,-0.0918344110250473,0.9999749064445496,0.531222939491272,0.29057666659355164,-0.09187006950378418,0.9999753832817078,0.5238431096076965,0.289671391248703,-0.1072208508849144,0.9999712705612183,0.5210362076759338,0.2892680764198303,-0.10721566528081894,0.999963641166687,0.51776522397995,0.2888278663158417,-0.10720750689506531,0.9999639987945557,0.5272683501243591,0.2954540550708771,0.013370517641305923,0.9999457597732544,0.5085073709487915,0.29493218660354614,-0.057442303746938705,0.9999720454216003,0.5297778248786926,0.3167867064476013,-0.06798738986253738,0.9999822378158569,0.5233753323554993,0.3167211711406708,-0.08844740688800812,0.9999858140945435,0.5353036522865295,0.366353303194046,0.09368147701025009,0.999971330165863,0.48442474007606506,0.37094810605049133,-0.025876818224787712,0.9999294281005859,0.5378643870353699,0.4612962305545807,0.06879507750272751,0.8626416325569153,0.47635138034820557,0.4616245627403259,-0.0684603601694107,0.9864305257797241,0.5535556077957153,0.4513516128063202,-0.11725212633609772,0.9841030836105347,0.4738844633102417,0.465115487575531,-0.19474497437477112,0.9932206273078918,0.5598981380462646,0.4496966004371643,-0.15626509487628937,0.977482795715332,0.4779389202594757,0.46895065903663635,-0.2283623218536377,0.9886494278907776,0.5586567521095276,0.4382065236568451,-0.1725340634584427,0.9791021943092346,0.479462593793869,0.4537920653820038,-0.243891179561615,0.9888216853141785,0.5552173852920532,0.43731892108917236,-0.12950864434242249,0.9709377884864807,0.4796118438243866,0.4508022964000702,-0.2027420699596405,0.9828433990478516,0.5295713543891907,0.5503230094909668,0.044349875301122665,0.9994421005249023,0.4953170716762543,0.5559214949607849,-0.04428556188941002,0.9991494417190552,0.529264509677887,0.6978075504302979,0.033841006457805634,0.9446450471878052,0.49987906217575073,0.7044025659561157,-0.05136124789714813,0.9777801632881165,0.5257470011711121,0.8261055946350098,0.15865294635295868,0.9485560655593872,0.49965742230415344,0.840782880783081,0.06298855692148209,0.9749056100845337,0.5208044052124023,0.838005542755127,0.16609658300876617,0.9025366902351379,0.49784547090530396,0.8543336987495422,0.06943371891975403,0.8179489970207214,0.5357547998428345,0.8739703297615051,0.0868632048368454,0.9535824656486511,0.5144231915473938,0.8836196660995483,-0.03206537291407585,0.9647985696792603
11633.333333333367,0.5293770432472229,0.30348435044288635,-0.11655538529157639,0.999983012676239,0.529363751411438,0.2905687093734741,-0.09931746870279312,0.999981164932251,0.5304518342018127,0.29063907265663147,-0.09938789904117584,0.9999754428863525,0.5314033627510071,0.29065993428230286,-0.09941805899143219,0.9999759793281555,0.5241613984107971,0.2897242605686188,-0.11480758339166641,0.9999714493751526,0.5213826298713684,0.28931310772895813,-0.1148022934794426,0.999963641166687,0.5181374549865723,0.2888724207878113,-0.11479777842760086,0.9999638199806213,0.5273347496986389,0.2954786419868469,0.006814983207732439,0.9999475479125977,0.5088340640068054,0.2949362099170685,-0.06439957767724991,0.9999718070030212,0.5299341082572937,0.31678494811058044,-0.07500682026147842,0.9999827742576599,0.5236012935638428,0.31672096252441406,-0.09560306370258331,0.9999860525131226,0.5354790091514587,0.3663904070854187,0.08979477733373642,0.9999729990959167,0.4844205975532532,0.3710683286190033,-0.031123986467719078,0.9999293684959412,0.5379000902175903,0.46162277460098267,0.06775042414665222,0.8659133911132812,0.47631528973579407,0.4625110626220703,-0.06873640418052673,0.9861000776290894,0.5537287592887878,0.4511803090572357,-0.12164782732725143,0.9848431944847107,0.47390216588974,0.464662104845047,-0.19640928506851196,0.9932652115821838,0.5600656270980835,0.4492940306663513,-0.1604282557964325,0.9784752726554871,0.47796136140823364,0.46806785464286804,-0.2288091778755188,0.9887942671775818,0.558838963508606,0.4376494288444519,-0.17673887312412262,0.9800513982772827,0.4794999957084656,0.45253872871398926,-0.246588334441185,0.9889836311340332,0.5553420186042786,0.43684038519859314,-0.13385967910289764,0.972153902053833,0.4796384871006012,0.44977712631225586,-0.20525306463241577,0.9830556511878967,0.5296227931976318,0.5503078103065491,0.044382642954587936,0.9994481801986694,0.49532508850097656,0.5559163689613342,-0.044317472726106644,0.9991421103477478,0.5293347835540771,0.697795033454895,0.03433661535382271,0.9456678032875061,0.4998909831047058,0.7044726610183716,-0.051379263401031494,0.9775307178497314,0.5258398652076721,0.8257324695587158,0.16013282537460327,0.9493531584739685,0.4994806945323944,0.84076988697052,0.06324105709791183,0.9749209880828857,0.520961344242096,0.8377146124839783,0.16761326789855957,0.9032435417175293,0.4976240396499634,0.8542967438697815,0.0695645809173584,0.8184768557548523,0.5357846021652222,0.8739631175994873,0.08709541708230972,0.9541290402412415,0.5144421458244324,0.8836745023727417,-0.032450564205646515,0.9648886322975159
11666.6666666667,0.5295157432556152,0.3035554885864258,-0.1161867007613182,0.9999831914901733,0.5295358896255493,0.29064884781837463,-0.09898052364587784,0.9999813437461853,0.5306136012077332,0.29072022438049316,-0.09905000030994415,0.9999757409095764,0.531550943851471,0.29074952006340027,-0.09907960146665573,0.9999763369560242,0.5243561267852783,0.28977862000465393,-0.11427228897809982,0.9999714493751526,0.5215821862220764,0.2893581986427307,-0.11426770687103271,0.9999634027481079,0.5183446407318115,0.28891459107398987,-0.11426299065351486,0.9999635219573975,0.527407705783844,0.295506089925766,0.006841138005256653,0.9999487996101379,0.5089786052703857,0.2949378788471222,-0.06380102783441544,0.9999714493751526,0.530011773109436,0.3168048858642578,-0.07474430650472641,0.9999831914901733,0.5237001180648804,0.31673356890678406,-0.09510033577680588,0.9999862313270569,0.5355592370033264,0.3664048910140991,0.08912703394889832,0.9999744296073914,0.48438888788223267,0.3711017072200775,-0.031183866783976555,0.9999294877052307,0.5379100441932678,0.4617416560649872,0.06676468998193741,0.8679754734039307,0.4762362837791443,0.462736576795578,-0.07068393379449844,0.985833466053009,0.5537115931510925,0.45086175203323364,-0.12422420084476471,0.9853906035423279,0.47389617562294006,0.46382594108581543,-0.1981506049633026,0.993318498134613,0.5601757168769836,0.44905543327331543,-0.16303111612796783,0.9792275428771973,0.4779539406299591,0.46733108162879944,-0.23149698972702026,0.9889460802078247,0.5589500665664673,0.4373396635055542,-0.17931288480758667,0.9807778596878052,0.479529470205307,0.45191240310668945,-0.24743284285068512,0.9891518354415894,0.5553268194198608,0.4364878833293915,-0.13643862307071686,0.9730862975120544,0.4796474575996399,0.44908514618873596,-0.2062726765871048,0.9832829833030701,0.5297197699546814,0.5503008961677551,0.04423720762133598,0.9994569420814514,0.4953341782093048,0.5559355616569519,-0.04417804628610611,0.9991426467895508,0.5293883681297302,0.6977689266204834,0.034177351742982864,0.9468744397163391,0.4998001754283905,0.7045544981956482,-0.05132238566875458,0.9774198532104492,0.5258850455284119,0.8253021836280823,0.1609295904636383,0.9502468705177307,0.49935182929039,0.840758740901947,0.06470490992069244,0.9750747084617615,0.5210379958152771,0.8372815847396851,0.1686268001794815,0.9040806293487549,0.49752387404441833,0.8542634844779968,0.07112862914800644,0.8192593455314636,0.5358378291130066,0.8738980293273926,0.08750847727060318,0.9547485709190369,0.5144485831260681,0.8837193846702576,-0.0312526673078537,0.9650977849960327
11700.000000000035,0.5296250581741333,0.3035860061645508,-0.11952938139438629,0.9999830722808838,0.5296249985694885,0.29069942235946655,-0.10264120250940323,0.999981164932251,0.5306936502456665,0.2907674014568329,-0.10270942002534866,0.9999756217002869,0.5316191911697388,0.29079747200012207,-0.10273359715938568,0.9999762177467346,0.5244726538658142,0.2898186147212982,-0.11785797029733658,0.9999710917472839,0.5216954946517944,0.2893972098827362,-0.117856465280056,0.9999627470970154,0.5184795260429382,0.2889600098133087,-0.11785817891359329,0.9999628663063049,0.5274215936660767,0.2955242991447449,0.0022804003674536943,0.999949038028717,0.5090771913528442,0.2949611246585846,-0.06804359704256058,0.9999706149101257,0.5300907492637634,0.316803902387619,-0.07838297635316849,0.9999833703041077,0.5237997770309448,0.3167317807674408,-0.09863154590129852,0.9999862313270569,0.535751223564148,0.36641010642051697,0.0841141864657402,0.9999755024909973,0.48426976799964905,0.37121111154556274,-0.032107867300510406,0.9999291896820068,0.537990927696228,0.46162480115890503,0.06297174841165543,0.8705199956893921,0.4758075773715973,0.46604081988334656,-0.06999482959508896,0.9856128692626953,0.5537382960319519,0.45033326745033264,-0.12929007411003113,0.9858855605125427,0.4737442433834076,0.4624917805194855,-0.19538503885269165,0.9934283494949341,0.560295820236206,0.44856205582618713,-0.16790050268173218,0.9798874855041504,0.47795137763023376,0.4654935300350189,-0.22803576290607452,0.989159882068634,0.5590638518333435,0.4366690218448639,-0.1837591826915741,0.9814101457595825,0.4794808328151703,0.44886714220046997,-0.24358855187892914,0.989373505115509,0.5553692579269409,0.43578457832336426,-0.1412401646375656,0.9738933444023132,0.47948887944221497,0.44615626335144043,-0.2031421661376953,0.98358553647995,0.529794454574585,0.5503156781196594,0.043626897037029266,0.9994534850120544,0.4953545331954956,0.5559897422790527,-0.04358147829771042,0.9991271495819092,0.529392421245575,0.6975665092468262,0.034428007900714874,0.9477173686027527,0.49976491928100586,0.7045843601226807,-0.04999559372663498,0.9769797325134277,0.5258840918540955,0.8250992894172668,0.16451549530029297,0.9506252408027649,0.49922075867652893,0.8407455682754517,0.06957294046878815,0.9748084545135498,0.5210359692573547,0.8370632529258728,0.1725941002368927,0.904138445854187,0.49741700291633606,0.854246973991394,0.0763155072927475,0.8187427520751953,0.535784900188446,0.8738663196563721,0.09081704914569855,0.954875111579895,0.514417290687561,0.8837173581123352,-0.026609797030687332,0.9647694826126099
11733.333333333369,0.5296517610549927,0.3035862147808075,-0.14068865776062012,0.9999827742576599,0.5296720266342163,0.29069051146507263,-0.12395939230918884,0.999980628490448,0.5307565927505493,0.2907566428184509,-0.12402559071779251,0.9999750256538391,0.5316979885101318,0.2907872796058655,-0.12403746694326401,0.9999753832817078,0.5244882702827454,0.28981298208236694,-0.13870851695537567,0.9999702572822571,0.5217056274414062,0.2893964648246765,-0.13870562613010406,0.9999616146087646,0.5184884071350098,0.2889630198478699,-0.13871313631534576,0.9999614953994751,0.527538001537323,0.2955087721347809,-0.01762332394719124,0.9999476671218872,0.5090859532356262,0.2949623763561249,-0.08596432954072952,0.9999691247940063,0.5301662087440491,0.3167947828769684,-0.09893804043531418,0.9999831318855286,0.5238412022590637,0.3167230486869812,-0.11855022609233856,0.9999859929084778,0.5359347462654114,0.366413414478302,0.06878813356161118,0.999975860118866,0.48415666818618774,0.37144872546195984,-0.04502242058515549,0.9999285936355591,0.5378626585006714,0.46295860409736633,0.051550474017858505,0.8708911538124084,0.47451797127723694,0.4715917408466339,-0.08170798420906067,0.9857000708580017,0.5536644458770752,0.45034143328666687,-0.1403927505016327,0.9862064123153687,0.4737516939640045,0.4594275951385498,-0.20894907414913177,0.9936223030090332,0.5602476000785828,0.44829660654067993,-0.17805959284305573,0.9802992343902588,0.47814762592315674,0.4601883292198181,-0.24031761288642883,0.9894562363624573,0.5590836405754089,0.43622109293937683,-0.1938500702381134,0.9818112254142761,0.479496568441391,0.4427405595779419,-0.25442877411842346,0.9896609783172607,0.5553057193756104,0.4354163706302643,-0.15215878188610077,0.9743799567222595,0.4795076251029968,0.4409843981266022,-0.21576820313930511,0.9839735627174377,0.5298439860343933,0.5507325530052185,0.043292172253131866,0.9994342923164368,0.4953719675540924,0.5566126704216003,-0.04326341301202774,0.9990923404693604,0.5293952822685242,0.697704553604126,0.03783904388546944,0.9484773874282837,0.49972933530807495,0.7055132389068604,-0.04585148021578789,0.9767950177192688,0.5258845686912537,0.8250008225440979,0.1744789034128189,0.9513412117958069,0.49908316135406494,0.8407503962516785,0.0779949203133583,0.9747061729431152,0.5210365056991577,0.8369366526603699,0.1828807145357132,0.9046591520309448,0.49734073877334595,0.8542415499687195,0.085060715675354,0.8192673325538635,0.5357615351676941,0.8738610148429871,0.10025892406702042,0.9554044008255005,0.5144098401069641,0.8838068246841431,-0.018759777769446373,0.9648113250732422
11766.666666666702,0.5295655727386475,0.3034149706363678,-0.15690726041793823,0.9999829530715942,0.5296510457992554,0.2902940809726715,-0.13895747065544128,0.9999806880950928,0.5307567119598389,0.2903487980365753,-0.13901883363723755,0.9999750852584839,0.5317271947860718,0.2903653085231781,-0.13903190195560455,0.9999751448631287,0.5242864489555359,0.2896038591861725,-0.15246789157390594,0.9999703168869019,0.5214419364929199,0.28927457332611084,-0.1524624228477478,0.9999617338180542,0.5181785821914673,0.288913756608963,-0.15246766805648804,0.999961256980896,0.5279290080070496,0.29519006609916687,-0.027641767635941505,0.9999472498893738,0.5089166760444641,0.2949635684490204,-0.0905483141541481,0.9999685287475586,0.5301982760429382,0.31671762466430664,-0.11359063535928726,0.9999826550483704,0.5238317847251892,0.31667956709861755,-0.13154613971710205,0.9999855160713196,0.5359736680984497,0.36647453904151917,0.06707849353551865,0.9999754428863525,0.48428404331207275,0.37145715951919556,-0.05460507050156593,0.9999250173568726,0.5376067757606506,0.46338382363319397,0.05378447845578194,0.8682171702384949,0.4747866094112396,0.47249817848205566,-0.10585480183362961,0.9855289459228516,0.5536440014839172,0.450649619102478,-0.11961254477500916,0.9864321947097778,0.47827351093292236,0.45230215787887573,-0.24154764413833618,0.9937085509300232,0.5602952837944031,0.4481009244918823,-0.1528240144252777,0.9805172681808472,0.48217451572418213,0.44910699129104614,-0.27398237586021423,0.9895695447921753,0.5591787695884705,0.43610069155693054,-0.16824524104595184,0.9820250272750854,0.48183974623680115,0.4332461357116699,-0.28640860319137573,0.9897585511207581,0.5553027391433716,0.4354388415813446,-0.13061851263046265,0.9745888710021973,0.4823908805847168,0.4323062002658844,-0.24800331890583038,0.9840918779373169,0.5298812389373779,0.5507816672325134,0.04430316016077995,0.9994070529937744,0.49551519751548767,0.5566474199295044,-0.044302720576524734,0.999048113822937,0.5294193625450134,0.6979259848594666,0.04834092780947685,0.9479376077651978,0.49980828166007996,0.7055973410606384,-0.04465576261281967,0.9764370322227478,0.5258707404136658,0.8249784708023071,0.17883364856243134,0.9515892863273621,0.49890825152397156,0.8407080769538879,0.07499151676893234,0.9742973446846008,0.5209962129592896,0.8368494510650635,0.1864221841096878,0.9053272604942322,0.4970669746398926,0.8541889786720276,0.08172723650932312,0.8185396790504456,0.5357540249824524,0.8738571405410767,0.10534069687128067,0.9556155204772949,0.5143905282020569,0.8835611939430237,-0.020830785855650902,0.9646251797676086
11800.000000000036,0.5292829275131226,0.30312973260879517,-0.1621222347021103,0.9999834299087524,0.5294966697692871,0.28981390595436096,-0.1440201848745346,0.9999812245368958,0.5307056903839111,0.28990089893341064,-0.14407506585121155,0.9999757409095764,0.531722903251648,0.28992968797683716,-0.14408525824546814,0.9999755620956421,0.5238579511642456,0.289257287979126,-0.15758872032165527,0.9999712705612183,0.520922064781189,0.2890011966228485,-0.15758536756038666,0.9999629855155945,0.5176694989204407,0.2887355387210846,-0.15758542716503143,0.999962329864502,0.5281665921211243,0.29500043392181396,-0.03272658959031105,0.9999480247497559,0.5086226463317871,0.2949417233467102,-0.09542116522789001,0.9999692440032959,0.5301977396011353,0.3165529668331146,-0.11894409358501434,0.9999826550483704,0.5237475633621216,0.31654730439186096,-0.1368723213672638,0.9999856352806091,0.5360530018806458,0.3665316700935364,0.0659104660153389,0.9999744892120361,0.4842754900455475,0.371695876121521,-0.06154460087418556,0.9999237656593323,0.5376160740852356,0.4633484482765198,0.05296315252780914,0.8661319017410278,0.4720168709754944,0.47511234879493713,-0.11365911364555359,0.9858471751213074,0.5539067387580872,0.45028236508369446,-0.12074283510446548,0.9864551424980164,0.48637691140174866,0.4414571225643158,-0.23736804723739624,0.9938423037528992,0.5604197382926941,0.44743961095809937,-0.15581777691841125,0.9802919030189514,0.4914719760417938,0.4371405839920044,-0.2685040235519409,0.9896262288093567,0.559424638748169,0.43530791997909546,-0.1703355610370636,0.9817960858345032,0.49166741967201233,0.42173126339912415,-0.27815625071525574,0.9897587895393372,0.5556803345680237,0.434727281332016,-0.13221926987171173,0.9741814136505127,0.49142807722091675,0.421654611825943,-0.24208977818489075,0.984025239944458,0.5298840403556824,0.5511987209320068,0.046858035027980804,0.9993807077407837,0.4958861172199249,0.5573350191116333,-0.04687909781932831,0.9990279078483582,0.5294336676597595,0.6986841559410095,0.06560731679201126,0.9462922811508179,0.5002295970916748,0.7058253288269043,-0.04167139157652855,0.9765554070472717,0.5258312821388245,0.8248535990715027,0.19956040382385254,0.9514073133468628,0.4989001154899597,0.8406153321266174,0.0748874768614769,0.9741671085357666,0.5209279656410217,0.8365887403488159,0.2075255662202835,0.9059459567070007,0.4969886541366577,0.8540635704994202,0.08143477886915207,0.8202313184738159,0.5357399582862854,0.873805582523346,0.128645658493042,0.9555495381355286,0.5143865346908569,0.8830223679542542,-0.02051779069006443,0.9647223353385925
11833.33333333337,0.5289415121078491,0.3025588393211365,-0.16498850286006927,0.9999842643737793,0.5293049216270447,0.2890393137931824,-0.14695343375205994,0.9999820590019226,0.5306262969970703,0.2891705334186554,-0.1470039188861847,0.9999768733978271,0.5317047238349915,0.28919902443885803,-0.14701063930988312,0.9999765157699585,0.523420512676239,0.2885497510433197,-0.1595015674829483,0.9999726414680481,0.5203821063041687,0.28832006454467773,-0.15949665009975433,0.9999647736549377,0.5171346664428711,0.28809791803359985,-0.15949566662311554,0.9999640583992004,0.5282753109931946,0.2943858504295349,-0.03522070124745369,0.9999501705169678,0.5080611109733582,0.29455333948135376,-0.09364393353462219,0.9999707341194153,0.530168890953064,0.3162444829940796,-0.12162864953279495,0.9999832510948181,0.5234737396240234,0.3161785900592804,-0.13828566670417786,0.9999862313270569,0.5363750457763672,0.3664596676826477,0.06379375606775284,0.9999744892120361,0.4840216040611267,0.37171852588653564,-0.05890067666769028,0.9999250173568726,0.5376372933387756,0.46279871463775635,0.05014735087752342,0.8686540126800537,0.46904343366622925,0.475718230009079,-0.11668522655963898,0.9865961670875549,0.5545729994773865,0.450566828250885,-0.12352436035871506,0.9868783354759216,0.49355337023735046,0.434524804353714,-0.24384576082229614,0.9941002726554871,0.5609694719314575,0.4473428726196289,-0.15656058490276337,0.9806199669837952,0.5023186802864075,0.42810308933258057,-0.2751595079898834,0.9898383617401123,0.5601058602333069,0.43511173129081726,-0.17215009033679962,0.9820652604103088,0.5022261142730713,0.41256579756736755,-0.28101077675819397,0.9899045825004578,0.5565202832221985,0.4347473680973053,-0.13327166438102722,0.9744554162025452,0.5004106163978577,0.4138638377189636,-0.2469085305929184,0.984172523021698,0.5299541354179382,0.5519393086433411,0.046974897384643555,0.9993690252304077,0.49614137411117554,0.5587314367294312,-0.04699590057134628,0.9990247488021851,0.5294379591941833,0.7013511657714844,0.06571371108293533,0.946014940738678,0.5002273917198181,0.7078362107276917,-0.03816181421279907,0.9771842360496521,0.52577805519104,0.8249673247337341,0.20655101537704468,0.9517545104026794,0.4987305700778961,0.8407183289527893,0.08113405853509903,0.9743311405181885,0.5208162665367126,0.836601972579956,0.2152366042137146,0.9067710638046265,0.49673905968666077,0.8540971279144287,0.08803090453147888,0.8219293355941772,0.5357027649879456,0.8741216063499451,0.1345181167125702,0.955883800983429,0.5143640637397766,0.883273184299469,-0.015541879460215569,0.9650927782058716
11866.666666666704,0.5289014577865601,0.3024635910987854,-0.1528446227312088,0.9999849200248718,0.5292826294898987,0.28899598121643066,-0.13513782620429993,0.9999827742576599,0.5306142568588257,0.28915026783943176,-0.1351911425590515,0.9999778270721436,0.5317016243934631,0.2891935408115387,-0.13520295917987823,0.9999773502349854,0.5233916640281677,0.2883757948875427,-0.14869830012321472,0.9999737739562988,0.5203618407249451,0.288028746843338,-0.14869289100170135,0.9999662637710571,0.5171190500259399,0.2876729667186737,-0.14869078993797302,0.9999655485153198,0.5282732844352722,0.2943156957626343,-0.026217777281999588,0.9999521374702454,0.5079853534698486,0.2939046323299408,-0.08971553295850754,0.9999721646308899,0.5301545262336731,0.31610190868377686,-0.11037472635507584,0.9999839663505554,0.5234167575836182,0.315845787525177,-0.12841349840164185,0.9999869465827942,0.5365141034126282,0.3669009506702423,0.06805837899446487,0.99997478723526,0.48249679803848267,0.37211278080940247,-0.0569566935300827,0.9999276995658875,0.5376421809196472,0.4629502296447754,0.05383732542395592,0.8708083033561707,0.4682592749595642,0.47474613785743713,-0.10844101756811142,0.9874613285064697,0.5552796125411987,0.45057210326194763,-0.11329807341098785,0.9872707724571228,0.49975088238716125,0.4293341040611267,-0.21357402205467224,0.9943789839744568,0.5627825856208801,0.44679394364356995,-0.14638139307498932,0.9809336066246033,0.5102909803390503,0.4190036952495575,-0.24047939479351044,0.9900760054588318,0.5622795224189758,0.4340919256210327,-0.1595924198627472,0.9823245406150818,0.5099104642868042,0.4068181812763214,-0.24303379654884338,0.9900690913200378,0.5583760738372803,0.4340701401233673,-0.12321989238262177,0.9747828245162964,0.5076751112937927,0.40925025939941406,-0.21381770074367523,0.9843617081642151,0.5299685001373291,0.5528002977371216,0.04692220687866211,0.9993666410446167,0.49613943696022034,0.5603967308998108,-0.04694273695349693,0.9990342259407043,0.5293692350387573,0.7032663822174072,0.06372631341218948,0.946618914604187,0.49934422969818115,0.710305392742157,-0.035481493920087814,0.9777289628982544,0.5256853699684143,0.825579047203064,0.209818497300148,0.9519851803779602,0.49858206510543823,0.8414703607559204,0.08721673488616943,0.9742369651794434,0.520758867263794,0.8369013667106628,0.21929024159908295,0.9070531725883484,0.4966679513454437,0.8545201420783997,0.09451202303171158,0.8223066926002502,0.5354599356651306,0.8743640184402466,0.13949613273143768,0.9559427499771118,0.5138468742370605,0.8833863139152527,-0.008805490098893642,0.9650859832763672
11900.000000000038,0.5288010239601135,0.3024466037750244,-0.1666141003370285,0.9999850988388062,0.5291405916213989,0.2890011668205261,-0.14953304827213287,0.9999828934669495,0.5304531455039978,0.28916117548942566,-0.14956827461719513,0.9999779462814331,0.5315310955047607,0.2892203629016876,-0.14956580102443695,0.9999771118164062,0.5233333110809326,0.28833508491516113,-0.16302771866321564,0.9999740719795227,0.520334780216217,0.2879261374473572,-0.16302551329135895,0.9999668002128601,0.5171130895614624,0.2874985337257385,-0.16303935647010803,0.9999659657478333,0.5279866456985474,0.294269859790802,-0.04110053554177284,0.9999520182609558,0.5079808831214905,0.2934986352920532,-0.10345533490180969,0.999972939491272,0.5299961566925049,0.3159264326095581,-0.12405828386545181,0.9999839663505554,0.5232691764831543,0.31554824113845825,-0.14192011952400208,0.9999871850013733,0.5373685956001282,0.36690405011177063,0.05952584743499756,0.9999738931655884,0.48218998312950134,0.3720283508300781,-0.07404246181249619,0.9999300837516785,0.5380338430404663,0.46299251914024353,0.052527960389852524,0.8693126440048218,0.46854934096336365,0.4740476906299591,-0.11867473274469376,0.9883701205253601,0.5567975640296936,0.4509558081626892,-0.11562064290046692,0.9872085452079773,0.5056198835372925,0.42639240622520447,-0.20483466982841492,0.9946674108505249,0.5653486251831055,0.4467637538909912,-0.14797455072402954,0.9805282354354858,0.5170520544052124,0.416670560836792,-0.2297092080116272,0.9903237223625183,0.564933180809021,0.43414443731307983,-0.16124217212200165,0.9818993806838989,0.5174989104270935,0.4056570529937744,-0.23172736167907715,0.9902421832084656,0.5605438351631165,0.43408912420272827,-0.1257738471031189,0.9742105603218079,0.5146847367286682,0.4077663719654083,-0.2045179158449173,0.98454749584198,0.5299704670906067,0.5547894835472107,0.04687238484621048,0.9993515014648438,0.4958917498588562,0.5614266395568848,-0.04689033329486847,0.9990376234054565,0.5293409824371338,0.7036502361297607,0.06563711166381836,0.9460558295249939,0.49900180101394653,0.7104191184043884,-0.03161169961094856,0.9782149791717529,0.5256549715995789,0.8256982564926147,0.21618956327438354,0.9515242576599121,0.49854740500450134,0.841634213924408,0.09498259425163269,0.9739574790000916,0.5203512907028198,0.836880624294281,0.22613053023815155,0.907088041305542,0.49659600853919983,0.8545428514480591,0.10292378067970276,0.8221055865287781,0.5352999567985535,0.8743767738342285,0.14728371798992157,0.9555776119232178,0.5137432217597961,0.8833692073822021,0.0005440636887215078,0.9650191068649292
11933.333333333372,0.5287362933158875,0.3025234043598175,-0.16110242903232574,0.9999852776527405,0.5290562510490417,0.28917697072029114,-0.14302214980125427,0.9999827742576599,0.530327558517456,0.28937143087387085,-0.14305776357650757,0.9999778270721436,0.5313588976860046,0.28946372866630554,-0.1430530846118927,0.9999767541885376,0.5233231782913208,0.288360595703125,-0.1566440612077713,0.9999743700027466,0.5203357934951782,0.2879277467727661,-0.15663869678974152,0.9999672770500183,0.5171205997467041,0.28747400641441345,-0.15664838254451752,0.9999663829803467,0.5275168418884277,0.29429197311401367,-0.03415999934077263,0.9999510049819946,0.5079801082611084,0.2932567596435547,-0.09736248105764389,0.9999733567237854,0.5297610759735107,0.3159243166446686,-0.11888153851032257,0.9999838471412659,0.5231245160102844,0.31543007493019104,-0.1369774043560028,0.9999873638153076,0.5373588800430298,0.3667473793029785,0.06127575784921646,0.9999734163284302,0.4819415807723999,0.37202218174934387,-0.06951328366994858,0.999931812286377,0.5384873747825623,0.4607771039009094,0.0532335601747036,0.8730383515357971,0.4688529968261719,0.4735631048679352,-0.12176093459129333,0.9892670512199402,0.559056282043457,0.45110079646110535,-0.1143047958612442,0.9876464009284973,0.5099110007286072,0.42771968245506287,-0.20856884121894836,0.9949648380279541,0.5678027272224426,0.4472888112068176,-0.14666755497455597,0.9808782339096069,0.5217930674552917,0.42173248529434204,-0.23350979387760162,0.9906116724014282,0.5667213797569275,0.4347301721572876,-0.16002178192138672,0.982202410697937,0.5228688716888428,0.40885648131370544,-0.2413768470287323,0.990463137626648,0.5624205470085144,0.4342944025993347,-0.1243370845913887,0.9745544791221619,0.5201463103294373,0.4104132354259491,-0.20968228578567505,0.9847890138626099,0.5298822522163391,0.5550714731216431,0.04680009186267853,0.9993125200271606,0.495840460062027,0.5613805055618286,-0.046817317605018616,0.9990094304084778,0.5292282104492188,0.7033771872520447,0.06167984381318092,0.944510817527771,0.4990546405315399,0.7103919982910156,-0.03427113965153694,0.9781298041343689,0.5254008173942566,0.8256665468215942,0.2052326202392578,0.9499642848968506,0.4990730881690979,0.8415035605430603,0.08912359178066254,0.9729655981063843,0.5194764137268066,0.8367850184440613,0.21435417234897614,0.9060779809951782,0.496816486120224,0.8543163537979126,0.09650129824876785,0.8202536702156067,0.535055935382843,0.873760461807251,0.13502149283885956,0.9542762637138367,0.5138360261917114,0.8830264806747437,-0.006093598436564207,0.9639698266983032
11966.666666666706,0.5287349820137024,0.3029470443725586,-0.1296144723892212,0.9999834299087524,0.5290590524673462,0.28992047905921936,-0.11118454486131668,0.9999801516532898,0.530325710773468,0.29011550545692444,-0.11121509224176407,0.9999746680259705,0.5313460230827332,0.2902196943759918,-0.11121240258216858,0.9999733567237854,0.5233963131904602,0.28873416781425476,-0.12526683509349823,0.9999706149101257,0.5205037593841553,0.2881554663181305,-0.12525884807109833,0.9999628663063049,0.5173322558403015,0.2875545024871826,-0.12527240812778473,0.9999620914459229,0.5274156332015991,0.29453831911087036,-0.0059424396604299545,0.9999434947967529,0.508109450340271,0.29317405819892883,-0.07097634673118591,0.9999701976776123,0.5295969843864441,0.3160141408443451,-0.08904781937599182,0.9999815821647644,0.5230956673622131,0.3154293894767761,-0.10768450796604156,0.9999859929084778,0.5369117259979248,0.3666422367095947,0.07586919516324997,0.9999716877937317,0.48197945952415466,0.37173840403556824,-0.056166745722293854,0.9999290108680725,0.538400411605835,0.4566611647605896,0.05989084392786026,0.8704289197921753,0.4701825976371765,0.4720267057418823,-0.11051495373249054,0.9899052977561951,0.5594050884246826,0.45030713081359863,-0.1046515628695488,0.9874420166015625,0.5152191519737244,0.42704740166664124,-0.1714961677789688,0.9950781464576721,0.5686184167861938,0.44743794202804565,-0.1375989019870758,0.980419397354126,0.5283134579658508,0.4244251549243927,-0.19570837914943695,0.9905083179473877,0.5679810047149658,0.4355033338069916,-0.15071170032024384,0.9817691445350647,0.5299012064933777,0.4122909605503082,-0.1964980959892273,0.9902768135070801,0.5633963942527771,0.4344160854816437,-0.11503005027770996,0.9739804267883301,0.5262383818626404,0.4131246507167816,-0.1705872118473053,0.9844334125518799,0.5296199917793274,0.5549980998039246,0.04354623705148697,0.9992714524269104,0.49542149901390076,0.5613319873809814,-0.043496258556842804,0.998948872089386,0.5291240215301514,0.7030776143074036,0.03496509790420532,0.943554699420929,0.4984138309955597,0.7101113796234131,-0.04080623388290405,0.9769915342330933,0.5254018902778625,0.825680136680603,0.16961748898029327,0.9481328129768372,0.499165415763855,0.8414626717567444,0.08128896355628967,0.9708307981491089,0.5197350978851318,0.8367966413497925,0.1778946965932846,0.90138840675354,0.4972344636917114,0.8542460799217224,0.08848103880882263,0.8118360638618469,0.5348233580589294,0.8737131953239441,0.09676746279001236,0.9521539807319641,0.5136985778808594,0.883010745048523,-0.014283154159784317,0.9616219997406006
12000.00000000004,0.5287388563156128,0.3029853403568268,-0.12554320693016052,0.9999833106994629,0.5290650725364685,0.2899896800518036,-0.10724487900733948,0.9999799728393555,0.5303252339363098,0.2901942729949951,-0.10728016495704651,0.9999745488166809,0.5313438773155212,0.29030391573905945,-0.10727839916944504,0.9999731183052063,0.5234450101852417,0.2887706756591797,-0.12221585959196091,0.9999698400497437,0.5205970406532288,0.28817400336265564,-0.12220707535743713,0.9999619126319885,0.5174396634101868,0.287557452917099,-0.12220878899097443,0.9999610185623169,0.5273590683937073,0.29457205533981323,-0.0007101521478034556,0.9999432563781738,0.5081663727760315,0.2931310832500458,-0.06940580904483795,0.9999698996543884,0.5295635461807251,0.31603261828422546,-0.08425763994455338,0.9999816417694092,0.5230879187583923,0.3154296576976776,-0.10397405922412872,0.9999859929084778,0.536745011806488,0.36664220690727234,0.08390334993600845,0.9999723434448242,0.4818595051765442,0.3718988001346588,-0.051764510571956635,0.9999291300773621,0.5379590392112732,0.45665448904037476,0.06306974589824677,0.8690699934959412,0.4736845791339874,0.4717618227005005,-0.08191743493080139,0.9903091788291931,0.5599110722541809,0.4503186345100403,-0.10889673978090286,0.9872374534606934,0.5191525816917419,0.42978355288505554,-0.12587890028953552,0.9950487613677979,0.5690916776657104,0.44760140776634216,-0.1421993523836136,0.9799680709838867,0.5353067517280579,0.4263046085834503,-0.1476685106754303,0.9901589751243591,0.5686661601066589,0.4356659948825836,-0.15605519711971283,0.9813516736030579,0.5311517715454102,0.41422566771507263,-0.15098491311073303,0.9898383617401123,0.5641892552375793,0.4344407618045807,-0.11933516710996628,0.9735081791877747,0.5280360579490662,0.41502225399017334,-0.12552514672279358,0.9837232232093811,0.5292676687240601,0.5541639924049377,0.04298744723200798,0.9992777109146118,0.4947490692138672,0.5593380331993103,-0.04291003942489624,0.9989389181137085,0.5288847088813782,0.70229172706604,0.029106169939041138,0.9433968663215637,0.4975045323371887,0.7085363864898682,-0.04508572071790695,0.9768028259277344,0.5255687832832336,0.8256991505622864,0.16867545247077942,0.9475815296173096,0.49916133284568787,0.8412813544273376,0.08092039078474045,0.9702513813972473,0.5203757286071777,0.8367753028869629,0.17736193537712097,0.8988979458808899,0.4972899258136749,0.8539829850196838,0.08798792958259583,0.8089341521263123,0.5348047614097595,0.8737069368362427,0.09397469460964203,0.9514526128768921,0.5136915445327759,0.8829899430274963,-0.015603684820234776,0.9612656235694885
12033.333333333374,0.5287875533103943,0.303013414144516,-0.12252772599458694,0.9999836087226868,0.5291036367416382,0.2900448441505432,-0.10454434901475906,0.9999803900718689,0.5303517580032349,0.2902582585811615,-0.1045764684677124,0.9999751448631287,0.5313650369644165,0.29037049412727356,-0.10457465052604675,0.9999736547470093,0.5235171914100647,0.28881263732910156,-0.11968530714511871,0.9999701380729675,0.520711362361908,0.28821319341659546,-0.11967777460813522,0.999962329864502,0.5175726413726807,0.28757938742637634,-0.11967451870441437,0.9999614357948303,0.527360737323761,0.29460322856903076,0.0009699623915366828,0.999944806098938,0.5082622170448303,0.29313308000564575,-0.06850883364677429,0.9999707341194153,0.5295810103416443,0.3160335421562195,-0.08159396052360535,0.9999822378158569,0.5231072902679443,0.31542935967445374,-0.10153036564588547,0.999986469745636,0.5367675423622131,0.36668530106544495,0.08638816326856613,0.9999731183052063,0.4815927743911743,0.3724784851074219,-0.05074432119727135,0.9999310374259949,0.5380957722663879,0.45675066113471985,0.06345068663358688,0.8700245022773743,0.47514840960502625,0.4715476930141449,-0.0791313573718071,0.9907997846603394,0.5620692372322083,0.4497828781604767,-0.11096417158842087,0.9872294664382935,0.5203239321708679,0.43130409717559814,-0.11901934444904327,0.995139479637146,0.5710515975952148,0.44760826230049133,-0.14483331143856049,0.9797382950782776,0.5370091199874878,0.4258514642715454,-0.13957245647907257,0.9900752902030945,0.5701389908790588,0.4357224404811859,-0.15812145173549652,0.9811264276504517,0.530779242515564,0.41481950879096985,-0.14225153625011444,0.989690899848938,0.5659822821617126,0.43446338176727295,-0.12151040136814117,0.9733327031135559,0.5279686450958252,0.4158283472061157,-0.11827795207500458,0.9834837913513184,0.5290325284004211,0.5541443228721619,0.042590562254190445,0.9992876648902893,0.4942275583744049,0.5592951774597168,-0.0424991175532341,0.9989449977874756,0.5286788940429688,0.7022066116333008,0.029823072254657745,0.9432033896446228,0.4966704249382019,0.7085291147232056,-0.04556143656373024,0.9766897559165955,0.5257508158683777,0.8259377479553223,0.17201612889766693,0.9466459155082703,0.49915093183517456,0.8413153290748596,0.08129838109016418,0.9695886969566345,0.5210896134376526,0.8367917537689209,0.18102052807807922,0.8959994316101074,0.49743595719337463,0.8539756536483765,0.08870656788349152,0.8055620789527893,0.5348044037818909,0.8736703395843506,0.09878648817539215,0.950410783290863,0.5135465860366821,0.8832178115844727,-0.015318012796342373,0.960753321647644
12066.666666666708,0.5291040539741516,0.30302220582962036,-0.1071554571390152,0.9999828934669495,0.5292837619781494,0.2900868058204651,-0.08986739814281464,0.9999797344207764,0.530458390712738,0.29032614827156067,-0.08990069478750229,0.9999745488166809,0.5314286351203918,0.29045671224594116,-0.08989668637514114,0.9999729990959167,0.5238789916038513,0.2888161242008209,-0.10670900344848633,0.9999684691429138,0.5212228298187256,0.2882193624973297,-0.10670838505029678,0.9999604225158691,0.5181551575660706,0.28758248686790466,-0.10670695453882217,0.999959409236908,0.5273089408874512,0.2947206497192383,0.011222044005990028,0.9999439716339111,0.5086954236030579,0.29313474893569946,-0.06475147604942322,0.9999701380729675,0.529728353023529,0.3160446286201477,-0.06773241609334946,0.9999821782112122,0.5233557224273682,0.3154327869415283,-0.08962004631757736,0.9999861717224121,0.5368005633354187,0.3675951063632965,0.09187933057546616,0.9999731183052063,0.4815449118614197,0.37271976470947266,-0.05076994374394417,0.9999316334724426,0.5387762784957886,0.4571587145328522,0.06087182089686394,0.8650630712509155,0.4795380234718323,0.4702439308166504,-0.06203385442495346,0.9910235404968262,0.5636619925498962,0.44979745149612427,-0.12700723111629486,0.9858779311180115,0.520289421081543,0.43154019117355347,-0.06481650471687317,0.9949709177017212,0.5726457834243774,0.4477042257785797,-0.16307762265205383,0.977603554725647,0.5368626117706299,0.4249742925167084,-0.080638088285923,0.9894722104072571,0.5718337297439575,0.43611618876457214,-0.17424020171165466,0.9791643619537354,0.528581976890564,0.41351518034935,-0.08582688868045807,0.9890096187591553,0.5677022337913513,0.4348474144935608,-0.1381056010723114,0.9711672067642212,0.5262064933776855,0.4152090549468994,-0.06433065235614777,0.9825021624565125,0.5289466381072998,0.5539727807044983,0.04252437502145767,0.9992867708206177,0.4941321015357971,0.5591648817062378,-0.04242098331451416,0.9989352822303772,0.528335452079773,0.702139139175415,0.029907049611210823,0.9428364038467407,0.4966092109680176,0.7086146473884583,-0.045885637402534485,0.9765780568122864,0.5257712006568909,0.8265299797058105,0.16530603170394897,0.9460394382476807,0.49930641055107117,0.8414865732192993,0.07935305684804916,0.9688516855239868,0.5212806463241577,0.8369408249855042,0.1736791580915451,0.8936479687690735,0.4977353811264038,0.8540596961975098,0.08663758635520935,0.802092969417572,0.5347791314125061,0.873658299446106,0.09187888354063034,0.9497749209403992,0.5135209560394287,0.8833531737327576,-0.016249079257249832,0.9603782892227173
12100.000000000042,0.5294740200042725,0.3030301630496979,-0.09232695400714874,0.9999814033508301,0.5294737219810486,0.29013288021087646,-0.07544350624084473,0.9999785423278809,0.530572772026062,0.2903748154640198,-0.07547679543495178,0.9999733567237854,0.5314971208572388,0.2904945909976959,-0.07547866553068161,0.9999719262123108,0.5243111252784729,0.28883785009384155,-0.09284468740224838,0.9999657869338989,0.5217621922492981,0.2882554531097412,-0.09284985810518265,0.999957263469696,0.5187784433364868,0.28760862350463867,-0.09285866469144821,0.9999561309814453,0.5272693037986755,0.2947191298007965,0.024137647822499275,0.9999421238899231,0.5091148614883423,0.2931409776210785,-0.054713450372219086,0.9999690651893616,0.5299445986747742,0.31604260206222534,-0.05321710184216499,0.9999815225601196,0.5237188935279846,0.31543269753456116,-0.07583484798669815,0.9999852180480957,0.5368050932884216,0.3678184747695923,0.10452035069465637,0.9999724626541138,0.4815903604030609,0.3723193407058716,-0.05071002617478371,0.9999310970306396,0.5390070676803589,0.4569951295852661,0.06310982257127762,0.8571611046791077,0.4856060743331909,0.46459487080574036,-0.06763382256031036,0.991080105304718,0.5656830072402954,0.44875872135162354,-0.12621615827083588,0.9844416975975037,0.5254799723625183,0.4285848140716553,-0.0650067925453186,0.9947168827056885,0.5745970606803894,0.4474761486053467,-0.16237109899520874,0.975459635257721,0.5397827625274658,0.41940441727638245,-0.08013999462127686,0.9887968301773071,0.5736920833587646,0.4361240565776825,-0.16938450932502747,0.977162778377533,0.5306435227394104,0.4090023338794708,-0.08516918867826462,0.9882597327232361,0.5695251226425171,0.43485894799232483,-0.13701960444450378,0.9689590930938721,0.5293519496917725,0.41208669543266296,-0.0644768550992012,0.9814451932907104,0.5288608074188232,0.5538438558578491,0.04351687431335449,0.9992876052856445,0.49407193064689636,0.5591431260108948,-0.04337741434574127,0.9989330768585205,0.5280139446258545,0.7020171284675598,0.032004643231630325,0.9420073628425598,0.4965812563896179,0.7086232304573059,-0.04747065156698227,0.9764248728752136,0.525780200958252,0.826930046081543,0.16236445307731628,0.9449710249900818,0.4993530809879303,0.8417763113975525,0.07188379764556885,0.9681845903396606,0.5213991403579712,0.8370627760887146,0.17036591470241547,0.8918522000312805,0.4978548586368561,0.8542723059654236,0.0787448137998581,0.7985915541648865,0.5347468852996826,0.8736607432365417,0.09159000962972641,0.948756217956543,0.513506293296814,0.8835138082504272,-0.021626798436045647,0.9599517583847046
12133.333333333376,0.5299721956253052,0.303030788898468,-0.09824100881814957,0.9999780654907227,0.529681384563446,0.2901354134082794,-0.08168984204530716,0.9999751448631287,0.5306727886199951,0.290376752614975,-0.0817238837480545,0.9999697208404541,0.5315382480621338,0.29048672318458557,-0.08172359317541122,0.9999679923057556,0.5248726606369019,0.2888426184654236,-0.09925266355276108,0.9999596476554871,0.5224059224128723,0.288268119096756,-0.0992596447467804,0.9999504089355469,0.5195380449295044,0.287619411945343,-0.0992763563990593,0.9999489784240723,0.5271217823028564,0.2945767939090729,0.017739513888955116,0.9999348521232605,0.5096632242202759,0.2931425869464874,-0.06046461686491966,0.999966025352478,0.5302549004554749,0.31601983308792114,-0.05906547233462334,0.9999793171882629,0.5242847800254822,0.31543058156967163,-0.08181192725896835,0.9999830722808838,0.5369874835014343,0.36783236265182495,0.10162847489118576,0.9999703168869019,0.4816066026687622,0.3722259998321533,-0.05806967243552208,0.999930202960968,0.5390663743019104,0.45701321959495544,0.06514157354831696,0.8431397676467896,0.4859585165977478,0.46377378702163696,-0.07041692733764648,0.9912938475608826,0.5662354826927185,0.4487674832344055,-0.12006556987762451,0.9816807508468628,0.5270541906356812,0.4280461370944977,-0.05520844832062721,0.9945216178894043,0.5759199857711792,0.4479365050792694,-0.15416841208934784,0.9716206789016724,0.5434077978134155,0.4169440269470215,-0.06880482286214828,0.9881590008735657,0.5754434466362,0.43763718008995056,-0.1632753163576126,0.9736015200614929,0.5333624482154846,0.40811893343925476,-0.07333321124315262,0.9875323176383972,0.5711970925331116,0.43590274453163147,-0.13140270113945007,0.9649938941001892,0.5305419564247131,0.4110023081302643,-0.05401144549250603,0.9803777933120728,0.5288641452789307,0.5538715124130249,0.044358015060424805,0.9992645978927612,0.4940367639064789,0.5591939687728882,-0.044192370027303696,0.9989095330238342,0.5279800295829773,0.7020025849342346,0.033028703182935715,0.9410545229911804,0.49657124280929565,0.7087259292602539,-0.04740142449736595,0.9764823913574219,0.5257814526557922,0.8269482254981995,0.16651760041713715,0.9441053867340088,0.499351441860199,0.8419985175132751,0.07279057055711746,0.9677296876907349,0.521456241607666,0.8370565176010132,0.17462314665317535,0.8907771706581116,0.497881144285202,0.854485809803009,0.07971331477165222,0.7966322302818298,0.5347448587417603,0.8736175894737244,0.09538314491510391,0.9479618072509766,0.5134821534156799,0.8837024569511414,-0.021282125264406204,0.9597595930099487
12166.66666666671,0.5305656790733337,0.3030642569065094,-0.0877799540758133,0.9999783039093018,0.5299469828605652,0.2901833653450012,-0.07075371593236923,0.9999755620956421,0.5308076739311218,0.2904139459133148,-0.07077610492706299,0.9999701976776123,0.5315927267074585,0.2905077338218689,-0.07077369838953018,0.9999685883522034,0.5255277156829834,0.28886085748672485,-0.08882378041744232,0.9999602437019348,0.5231268405914307,0.288282185792923,-0.08882423490285873,0.999951183795929,0.5203597545623779,0.2876293361186981,-0.08883178979158401,0.9999498724937439,0.5268929600715637,0.2945619523525238,0.026890380308032036,0.999936044216156,0.5104210376739502,0.2931583821773529,-0.05475958064198494,0.999967098236084,0.5306097269058228,0.3160688877105713,-0.04953845962882042,0.9999796748161316,0.5249348282814026,0.3154655992984772,-0.07301733642816544,0.9999833106994629,0.5363612771034241,0.36822453141212463,0.10771839320659637,0.9999697208404541,0.481641560792923,0.3721715807914734,-0.05770878121256828,0.9999323487281799,0.5394338965415955,0.456982284784317,0.0662514790892601,0.843548059463501,0.48601600527763367,0.4628669023513794,-0.07101073861122131,0.9917445778846741,0.5683994889259338,0.4454898238182068,-0.11060424894094467,0.9815838932991028,0.5295246839523315,0.4281162619590759,-0.044515084475278854,0.9946110844612122,0.5760273337364197,0.44560879468917847,-0.14324483275413513,0.9709889888763428,0.5397499799728394,0.41802072525024414,-0.05608949810266495,0.9880716800689697,0.5745193958282471,0.43348604440689087,-0.149595707654953,0.9729191660881042,0.5361868739128113,0.408183217048645,-0.05850458890199661,0.987377405166626,0.5707575678825378,0.43142959475517273,-0.11981800198554993,0.9643417596817017,0.5333331823348999,0.4108394384384155,-0.04199793189764023,0.9801406860351562,0.52886563539505,0.554354190826416,0.04612082988023758,0.9992638826370239,0.494089275598526,0.5599570274353027,-0.045964594930410385,0.9989193081855774,0.527916431427002,0.7020060420036316,0.03886382281780243,0.9387069940567017,0.49659764766693115,0.7099477648735046,-0.04649021849036217,0.976070761680603,0.5257737040519714,0.8271528482437134,0.1682433933019638,0.9413694143295288,0.4994750916957855,0.8430712819099426,0.07267152518033981,0.9665617346763611,0.521445095539093,0.8371426463127136,0.17646072804927826,0.8889011740684509,0.49789080023765564,0.8554859757423401,0.07968731224536896,0.7932108640670776,0.5347453355789185,0.8733806014060974,0.10356458276510239,0.945756733417511,0.5136470198631287,0.8844783306121826,-0.0193988885730505,0.9586347341537476
12200.000000000044,0.5309587121009827,0.3030558228492737,-0.09720312058925629,0.9999791383743286,0.5300678014755249,0.29010462760925293,-0.07677791267633438,0.9999765157699585,0.5308704376220703,0.2902963161468506,-0.07673363387584686,0.9999712705612183,0.5316213369369507,0.2903174161911011,-0.07668979465961456,0.9999696016311646,0.5257816314697266,0.2888006567955017,-0.1005573496222496,0.9999620318412781,0.523383617401123,0.28823933005332947,-0.10055559128522873,0.9999534487724304,0.5206173062324524,0.28759196400642395,-0.100554920732975,0.9999521970748901,0.526760995388031,0.29416581988334656,0.02580161578953266,0.9999375939369202,0.5105907320976257,0.2931590974330902,-0.06901022791862488,0.999968945980072,0.5309159755706787,0.3160819113254547,-0.05742806941270828,0.9999801516532898,0.5253427028656006,0.3154847025871277,-0.08614762127399445,0.9999839067459106,0.5354451537132263,0.3684038519859314,0.10302595049142838,0.9999682307243347,0.48173803091049194,0.3721363842487335,-0.07433195412158966,0.9999356865882874,0.5386389493942261,0.4572405517101288,0.07250653207302094,0.8365614414215088,0.4848856031894684,0.4633459448814392,-0.08179707825183868,0.9923161864280701,0.568525493144989,0.446951299905777,-0.10087838023900986,0.9809874296188354,0.5295207500457764,0.42858973145484924,-0.06282766908407211,0.9948409795761108,0.5770278573036194,0.4461956024169922,-0.1324743777513504,0.9697524905204773,0.5404233932495117,0.4192636013031006,-0.07549592107534409,0.9883240461349487,0.5759273767471313,0.4345042407512665,-0.14141729474067688,0.9717140793800354,0.5387150645256042,0.4087337851524353,-0.07783202826976776,0.9875954389572144,0.5722299814224243,0.4325246512889862,-0.11087337136268616,0.9629414081573486,0.5351106524467468,0.41132858395576477,-0.06015881150960922,0.9804295897483826,0.5287842750549316,0.5546079277992249,0.050914183259010315,0.9992433190345764,0.49412816762924194,0.560124397277832,-0.05079203099012375,0.9989248514175415,0.5278981924057007,0.7020730376243591,0.06051267683506012,0.9348358511924744,0.4967139959335327,0.7105133533477783,-0.04495197907090187,0.9761468172073364,0.525553822517395,0.8271514177322388,0.18887846171855927,0.9389331936836243,0.4994833767414093,0.843406617641449,0.07169274985790253,0.9661219120025635,0.5201128125190735,0.8371358513832092,0.19687840342521667,0.8888106346130371,0.4978281855583191,0.8558892607688904,0.07849480956792831,0.7944326996803284,0.5347617864608765,0.8727179765701294,0.12649890780448914,0.9442633986473083,0.5138757228851318,0.8847174644470215,-0.01934489980340004,0.9584034085273743
12233.333333333378,0.5312073826789856,0.30295008420944214,-0.11317367106676102,0.9999797940254211,0.5301750302314758,0.28985539078712463,-0.0931248664855957,0.9999772310256958,0.5309448838233948,0.2899777591228485,-0.09310945123434067,0.9999720454216003,0.5316765904426575,0.2898861765861511,-0.09308094531297684,0.9999702572822571,0.5259358286857605,0.28861284255981445,-0.11430292576551437,0.9999635219573975,0.5235310196876526,0.28807520866394043,-0.1143016666173935,0.9999553561210632,0.5207412838935852,0.28743529319763184,-0.11430054157972336,0.999954104423523,0.5267377495765686,0.293414443731308,0.013233701698482037,0.9999387264251709,0.5106151103973389,0.29310914874076843,-0.07639496773481369,0.9999704957008362,0.531117856502533,0.3160218596458435,-0.07210870832204819,0.9999803900718689,0.5256040692329407,0.3154706656932831,-0.09836043417453766,0.9999842643737793,0.5348613262176514,0.3683187663555145,0.10016527771949768,0.9999665021896362,0.4818931818008423,0.3720656931400299,-0.07892844825983047,0.9999382495880127,0.5384537577629089,0.4568611681461334,0.07681702077388763,0.8287255167961121,0.4847327172756195,0.4642227590084076,-0.09432961046695709,0.99283367395401,0.5681836009025574,0.44853904843330383,-0.08917608857154846,0.9801046848297119,0.5278955101966858,0.428945928812027,-0.08119233697652817,0.9950646758079529,0.5768429636955261,0.44815337657928467,-0.11899932473897934,0.9681107997894287,0.5392056703567505,0.4199581742286682,-0.09557241946458817,0.9886075258255005,0.5767869353294373,0.43889155983924866,-0.129538431763649,0.9701529741287231,0.5376054644584656,0.40928491950035095,-0.09755685925483704,0.9878578186035156,0.5728967189788818,0.4369920790195465,-0.09944163262844086,0.9611462354660034,0.5341299772262573,0.41169166564941406,-0.0788261666893959,0.9807765483856201,0.5286219716072083,0.5555923581123352,0.05200415477156639,0.9992275834083557,0.4942395091056824,0.5610512495040894,-0.051896583288908005,0.9989314675331116,0.5278584957122803,0.70295250415802,0.06387510895729065,0.9316296577453613,0.4967293441295624,0.7114027738571167,-0.042852889746427536,0.9761778712272644,0.5253891348838806,0.8272414803504944,0.19764921069145203,0.9366267323493958,0.4994383752346039,0.8436314463615417,0.07287278026342392,0.9656092524528503,0.5195515155792236,0.8373001217842102,0.2061549574136734,0.8889824151992798,0.4976707696914673,0.8562580943107605,0.0798247680068016,0.7953168153762817,0.5348448157310486,0.8725965023040771,0.13554197549819946,0.942760705947876,0.5140305757522583,0.8848296403884888,-0.015500941313803196,0.9580963253974915
12266.666666666712,0.53131502866745,0.30289119482040405,-0.11906308680772781,0.9999808669090271,0.5302271842956543,0.28969281911849976,-0.09982146322727203,0.9999784231185913,0.5309851765632629,0.28977546095848083,-0.09982983022928238,0.999973475933075,0.5317116379737854,0.2896205186843872,-0.09981828182935715,0.9999717473983765,0.5259906053543091,0.2884750962257385,-0.11834381520748138,0.999965488910675,0.5235788822174072,0.2879472076892853,-0.11833720654249191,0.9999577403068542,0.5207722783088684,0.28730714321136475,-0.11833250522613525,0.9999565482139587,0.526728093624115,0.29297906160354614,0.008136492222547531,0.9999418258666992,0.5106186270713806,0.293027400970459,-0.07542533427476883,0.9999721050262451,0.5312535166740417,0.31597110629081726,-0.0774524062871933,0.9999812841415405,0.5257303714752197,0.31545066833496094,-0.10118512064218521,0.9999849796295166,0.5347016453742981,0.36819127202033997,0.09886787086725235,0.9999674558639526,0.4821241497993469,0.37105777859687805,-0.07242720574140549,0.9999399781227112,0.5388757586479187,0.45686355233192444,0.07797043025493622,0.8327234983444214,0.48420190811157227,0.4645725190639496,-0.1015004888176918,0.993234395980835,0.5681101679801941,0.4489363729953766,-0.08572564274072647,0.980885922908783,0.5258992910385132,0.4291587173938751,-0.1266593486070633,0.995287299156189,0.5767706632614136,0.4486555755138397,-0.11611980944871902,0.9690366387367249,0.5374287366867065,0.42047256231307983,-0.1460699737071991,0.9889708757400513,0.5769293904304504,0.4400731027126312,-0.12732051312923431,0.9710096120834351,0.5352807641029358,0.40960702300071716,-0.14688974618911743,0.9882172346115112,0.5726761221885681,0.4382212460041046,-0.09569680690765381,0.9621371030807495,0.5321762561798096,0.4119601249694824,-0.12481112778186798,0.9812695384025574,0.5286169052124023,0.5555567145347595,0.05120927095413208,0.9992408752441406,0.4946137070655823,0.5610343813896179,-0.05110471695661545,0.998953640460968,0.5278476476669312,0.7033758163452148,0.05829000473022461,0.9318572878837585,0.49690496921539307,0.7122312188148499,-0.04200274124741554,0.9763253927230835,0.52536541223526,0.8274667859077454,0.19452425837516785,0.9367860555648804,0.4994916021823883,0.8437101244926453,0.07759401202201843,0.9658230543136597,0.5195656418800354,0.8378334045410156,0.20330598950386047,0.8902871608734131,0.49777114391326904,0.8562548756599426,0.08490242809057236,0.7965393662452698,0.5348739624023438,0.8726474046707153,0.12924225628376007,0.9429901838302612,0.5141139626502991,0.8848828077316284,-0.012640820816159248,0.9584383368492126
12300.000000000045,0.5313146710395813,0.30279844999313354,-0.10428086668252945,0.9999798536300659,0.5302287340164185,0.2895593047142029,-0.08586475998163223,0.9999776482582092,0.5309864282608032,0.2895956337451935,-0.08589614182710648,0.9999725222587585,0.531713604927063,0.28936976194381714,-0.085898257791996,0.9999709129333496,0.5259848833084106,0.288422167301178,-0.10294979065656662,0.9999641180038452,0.5235697627067566,0.28792330622673035,-0.10295076668262482,0.9999561309814453,0.5207579731941223,0.2872953414916992,-0.10296355187892914,0.9999549388885498,0.5267279744148254,0.29274097084999084,0.01922938972711563,0.9999395608901978,0.5106264352798462,0.29300743341445923,-0.058817390352487564,0.999971330165863,0.531284511089325,0.3157899081707001,-0.06347568333148956,0.9999797940254211,0.5257444977760315,0.3153979182243347,-0.0858045294880867,0.9999838471412659,0.534463107585907,0.3681876063346863,0.10432101786136627,0.9999658465385437,0.4830631613731384,0.36942651867866516,-0.062431320548057556,0.9999356269836426,0.5365298986434937,0.45468413829803467,0.08665032684803009,0.8213964700698853,0.48542678356170654,0.46153566241264343,-0.09749920666217804,0.9930696487426758,0.5677430629730225,0.4512487053871155,-0.06779167801141739,0.9799734950065613,0.525168776512146,0.42936432361602783,-0.1188199520111084,0.994881272315979,0.5769945383071899,0.45122212171554565,-0.09811369329690933,0.968089759349823,0.5371925830841064,0.42097631096839905,-0.13745231926441193,0.988103985786438,0.5782415866851807,0.4445742666721344,-0.11306840926408768,0.9702455401420593,0.5340989232063293,0.4114743769168854,-0.13999278843402863,0.987324595451355,0.573687732219696,0.4435175657272339,-0.07958636432886124,0.9612779021263123,0.5316225290298462,0.4140856862068176,-0.11754819005727768,0.9800618886947632,0.5285898447036743,0.5545333027839661,0.05073777213692665,0.9992351531982422,0.49488741159439087,0.5600140690803528,-0.05063910409808159,0.9989418387413025,0.5278038382530212,0.7032416462898254,0.05025520175695419,0.9319222569465637,0.4973348081111908,0.7119311690330505,-0.04536154121160507,0.9760022759437561,0.5251696109771729,0.8275543451309204,0.17369712889194489,0.9372050166130066,0.4997415542602539,0.8436932563781738,0.06912655383348465,0.9657203555107117,0.5195050835609436,0.8380208611488342,0.18089133501052856,0.8912113904953003,0.49805882573127747,0.8562465906143188,0.07555854320526123,0.7952273488044739,0.534784197807312,0.8726168870925903,0.10413990169763565,0.9430645704269409,0.514110267162323,0.8845056891441345,-0.024207448586821556,0.9582856297492981
12333.33333333338,0.5313207507133484,0.302762508392334,-0.10626115649938583,0.9999789595603943,0.5302366018295288,0.2895265221595764,-0.08805502206087112,0.9999768733978271,0.5309929847717285,0.28954988718032837,-0.08808720856904984,0.9999714493751526,0.5317206978797913,0.28930607438087463,-0.08808784931898117,0.9999698400497437,0.5259901881217957,0.28840795159339905,-0.10506901890039444,0.9999629259109497,0.5235729217529297,0.2879154682159424,-0.10506929457187653,0.9999547004699707,0.5207579731941223,0.28728657960891724,-0.10508280247449875,0.9999536275863647,0.5267371535301208,0.29269862174987793,0.01701275072991848,0.9999362826347351,0.5106525421142578,0.29297250509262085,-0.06072280555963516,0.9999710321426392,0.5313181281089783,0.3156798183917999,-0.06531882286071777,0.9999783039093018,0.5257694721221924,0.3153667747974396,-0.08758191764354706,0.999983012676239,0.5342907309532166,0.36818885803222656,0.10441742837429047,0.9999644160270691,0.48353978991508484,0.3688293695449829,-0.062419090420007706,0.999934732913971,0.5366201400756836,0.45979878306388855,0.08807553350925446,0.8083872199058533,0.4851051867008209,0.46158769726753235,-0.0955912172794342,0.9932165145874023,0.5675618052482605,0.45457202196121216,-0.07257138192653656,0.978722095489502,0.525287926197052,0.4310862123966217,-0.10445525497198105,0.9947474002838135,0.5769980549812317,0.45327919721603394,-0.10390317440032959,0.9667232036590576,0.5363747477531433,0.42548659443855286,-0.12227178364992142,0.9876840710639954,0.5787417888641357,0.44719550013542175,-0.11950697004795074,0.9690830707550049,0.5355350375175476,0.41753649711608887,-0.12591709196567535,0.9868751764297485,0.5743255019187927,0.4468510150909424,-0.08489122986793518,0.9599677324295044,0.5324316024780273,0.41881123185157776,-0.10338815301656723,0.9794152975082397,0.5285781621932983,0.5537463426589966,0.05049429088830948,0.9992314577102661,0.4951542317867279,0.5589369535446167,-0.05038909986615181,0.9989387392997742,0.5277682542800903,0.7031408548355103,0.04763032868504524,0.931648850440979,0.49778854846954346,0.7113914489746094,-0.04721841961145401,0.9759106040000916,0.5249715447425842,0.8278007507324219,0.17308013141155243,0.9375192523002625,0.5000731945037842,0.8436890244483948,0.06826981902122498,0.9658591747283936,0.5193654894828796,0.8383512496948242,0.1805197298526764,0.8922795057296753,0.4983380436897278,0.8562048077583313,0.07485292851924896,0.7950726747512817,0.5346803665161133,0.8726807236671448,0.10319891571998596,0.9431519508361816,0.5140874981880188,0.8840688467025757,-0.025479169562458992,0.9584334492683411
12366.666666666713,0.5313110947608948,0.30267199873924255,-0.09739714115858078,0.9999768733978271,0.5302364230155945,0.28945133090019226,-0.07993073016405106,0.9999752044677734,0.5309942960739136,0.28946375846862793,-0.07997026294469833,0.9999696016311646,0.5317242741584778,0.28920885920524597,-0.07997794449329376,0.9999680519104004,0.5259823203086853,0.2883639335632324,-0.09737934172153473,0.9999591708183289,0.5235630869865417,0.28788667917251587,-0.09738051146268845,0.9999499917030334,0.5207494497299194,0.28726330399513245,-0.09739212691783905,0.9999487400054932,0.5267763733863831,0.292647123336792,0.023530196398496628,0.9999322295188904,0.5107316970825195,0.2929159700870514,-0.05615619197487831,0.9999688267707825,0.5313350558280945,0.31554147601127625,-0.05673803761601448,0.9999762177467346,0.5257742404937744,0.31529200077056885,-0.07958533614873886,0.999981164932251,0.5343047380447388,0.36818501353263855,0.10827650129795074,0.9999643564224243,0.4838176369667053,0.3683525621891022,-0.05474112555384636,0.9999303817749023,0.5366383194923401,0.4628005623817444,0.09087740629911423,0.7944817543029785,0.48500457406044006,0.46148681640625,-0.07594625651836395,0.9927256107330322,0.5658501386642456,0.4572767913341522,-0.07100176811218262,0.9769402742385864,0.5248168706893921,0.43170151114463806,-0.07242123037576675,0.9937586188316345,0.5768854022026062,0.45621272921562195,-0.10324501246213913,0.9647995233535767,0.5382490754127502,0.42874032258987427,-0.08878819644451141,0.985641598701477,0.5781868696212769,0.44979119300842285,-0.11970363557338715,0.9674618244171143,0.5352303981781006,0.41737428307533264,-0.09497011452913284,0.9847595691680908,0.5738565921783447,0.4495357871055603,-0.08387338370084763,0.9582028985023499,0.5317763090133667,0.4192836880683899,-0.07249367982149124,0.9765837788581848,0.5286052823066711,0.5527856945991516,0.05044940486550331,0.9992494583129883,0.49538344144821167,0.5577038526535034,-0.05031752958893776,0.9989426732063293,0.5277073979377747,0.7029006481170654,0.04252820089459419,0.9319342374801636,0.49815455079078674,0.7099919319152832,-0.04765109717845917,0.9755164384841919,0.5246482491493225,0.8282257914543152,0.17007504403591156,0.9383129477500916,0.5003992915153503,0.8429601788520813,0.069001205265522,0.965789258480072,0.5187749266624451,0.8387430310249329,0.17763987183570862,0.8934715986251831,0.49865537881851196,0.8550845384597778,0.07556628435850143,0.7935391664505005,0.5341119766235352,0.8731406927108765,0.09787844866514206,0.9433726072311401,0.5133011341094971,0.8825114965438843,-0.024358337745070457,0.9583444595336914
12400.000000000047,0.5312657356262207,0.30256393551826477,-0.10327579826116562,0.9999756217002869,0.5302307605743408,0.28932222723960876,-0.08437907695770264,0.9999741911888123,0.5309957265853882,0.2893248200416565,-0.08441494405269623,0.9999683499336243,0.5317474603652954,0.28906333446502686,-0.08441412448883057,0.9999666213989258,0.5259283781051636,0.2882905900478363,-0.10160138458013535,0.9999572038650513,0.5235029458999634,0.28784799575805664,-0.10161314904689789,0.9999479055404663,0.5206792950630188,0.2872447967529297,-0.10163462162017822,0.9999463558197021,0.5269280076026917,0.29259660840034485,0.020201371982693672,0.99992835521698,0.5107272863388062,0.29290539026260376,-0.05841321870684624,0.9999681115150452,0.5313376188278198,0.31546857953071594,-0.05941902846097946,0.9999744296073914,0.5257545709609985,0.3152516484260559,-0.08217289298772812,0.9999799132347107,0.5342495441436768,0.3680661618709564,0.10643650591373444,0.9999629259109497,0.48391881585121155,0.3680135905742645,-0.056847069412469864,0.9999278783798218,0.5367028117179871,0.46276211738586426,0.09056402742862701,0.7787801623344421,0.4850883185863495,0.4603393077850342,-0.07628055661916733,0.9925273060798645,0.5650781989097595,0.4586789011955261,-0.06881888210773468,0.9747277498245239,0.5251124501228333,0.4339357912540436,-0.08373810350894928,0.9930160045623779,0.5767697691917419,0.45780089497566223,-0.1003371924161911,0.9624329209327698,0.5406941771507263,0.4314379096031189,-0.10072905570268631,0.9841029047966003,0.5778554081916809,0.45118269324302673,-0.11703447252511978,0.9653950929641724,0.5345560312271118,0.41849178075790405,-0.10653399676084518,0.9831636548042297,0.5735297799110413,0.45102521777153015,-0.08166366070508957,0.9558928608894348,0.5319253206253052,0.4211154282093048,-0.0837249755859375,0.974460780620575,0.5288578867912292,0.5521573424339294,0.05108577385544777,0.9992598295211792,0.49585917592048645,0.5571842789649963,-0.05094483867287636,0.9989495873451233,0.5278934240341187,0.7025613188743591,0.04304753988981247,0.932373046875,0.498390257358551,0.709136426448822,-0.04865283891558647,0.9759559035301208,0.5246469974517822,0.8284253478050232,0.17165780067443848,0.9397695660591125,0.500293493270874,0.8424808979034424,0.06906138360500336,0.966631293296814,0.5188484191894531,0.8392230272293091,0.17923131585121155,0.8963299989700317,0.4985136091709137,0.8549516201019287,0.07566402852535248,0.7960256934165955,0.5341205596923828,0.8734531998634338,0.09969604760408401,0.9443858861923218,0.5132737159729004,0.8822749853134155,-0.025998953729867935,0.9591529369354248
12433.333333333381,0.5312231183052063,0.30254992842674255,-0.09312696754932404,0.9999738931655884,0.530224084854126,0.2893125116825104,-0.07512205094099045,0.9999728798866272,0.5309969782829285,0.289317786693573,-0.07515798509120941,0.9999667406082153,0.5317592024803162,0.2890605628490448,-0.0751623809337616,0.999965250492096,0.5258921980857849,0.2882881760597229,-0.09179218858480453,0.9999544620513916,0.5234692096710205,0.28784939646720886,-0.09179797023534775,0.9999447464942932,0.5206486582756042,0.2872600257396698,-0.09181325137615204,0.99994295835495,0.5269983410835266,0.29263371229171753,0.028493883088231087,0.9999253749847412,0.510731041431427,0.29293304681777954,-0.04819202423095703,0.9999663829803467,0.531338095664978,0.31546568870544434,-0.05214783921837807,0.9999726414680481,0.5257408022880554,0.3152490258216858,-0.07416092604398727,0.999978244304657,0.5342594385147095,0.36811330914497375,0.10972534120082855,0.9999622106552124,0.4839615523815155,0.3676915168762207,-0.05136153846979141,0.9999223351478577,0.5371662974357605,0.4625585079193115,0.09241166710853577,0.7709549069404602,0.4855096638202667,0.4578723907470703,-0.08392670750617981,0.9919832944869995,0.5650725960731506,0.4587063491344452,-0.058328140527009964,0.9741179943084717,0.5248740911483765,0.43392685055732727,-0.10147181898355484,0.9922814965248108,0.5765998363494873,0.4583960473537445,-0.0885692611336708,0.9620048999786377,0.5396120548248291,0.4313148558139801,-0.11968352645635605,0.9828516840934753,0.5778209567070007,0.451708048582077,-0.10458144545555115,0.9650834202766418,0.534446120262146,0.41834554076194763,-0.12658371031284332,0.9819086790084839,0.5735870003700256,0.4514661431312561,-0.07052327692508698,0.9556260704994202,0.5315545797348022,0.42090752720832825,-0.10266295075416565,0.9728586673736572,0.5289859771728516,0.5518878102302551,0.050913650542497635,0.999275267124176,0.49616768956184387,0.5570535659790039,-0.05077791213989258,0.998956024646759,0.527997612953186,0.7023661732673645,0.0398862287402153,0.9329156279563904,0.4985312521457672,0.7088193893432617,-0.05061497539281845,0.9757959246635437,0.524597704410553,0.8286343812942505,0.16391246020793915,0.9405904412269592,0.5002877712249756,0.8421357274055481,0.06373603641986847,0.9667211174964905,0.5187070965766907,0.8394654393196106,0.17107506096363068,0.8976682424545288,0.49851053953170776,0.8546428680419922,0.07011131942272186,0.7947439551353455,0.5340598225593567,0.8735870718955994,0.09310325235128403,0.9445713758468628,0.5129097700119019,0.8820521235466003,-0.030288103967905045,0.9589646458625793
12466.666666666715,0.5311402678489685,0.3025904893875122,-0.08538470417261124,0.9999713897705078,0.5301974415779114,0.28935593366622925,-0.0674566701054573,0.9999706149101257,0.5309863686561584,0.2893737852573395,-0.06749193370342255,0.9999641180038452,0.5317608714103699,0.28914669156074524,-0.06749311089515686,0.9999628663063049,0.5258257389068604,0.2883346974849701,-0.08446554839611053,0.9999503493309021,0.523411214351654,0.28791847825050354,-0.08446966856718063,0.9999399185180664,0.5206025242805481,0.2873622477054596,-0.08448443561792374,0.9999383091926575,0.5270081162452698,0.29286453127861023,0.034822914749383926,0.9999194145202637,0.5107386112213135,0.29305964708328247,-0.04285115376114845,0.9999637603759766,0.5313178300857544,0.31553155183792114,-0.04541674628853798,0.9999699592590332,0.5256655216217041,0.3153126537799835,-0.0676778256893158,0.9999759793281555,0.5342603325843811,0.3682398796081543,0.1126696988940239,0.9999609589576721,0.4839881956577301,0.3677203059196472,-0.04781075567007065,0.9999176263809204,0.5379591584205627,0.462269127368927,0.08971910178661346,0.7627390623092651,0.4862235486507416,0.4573230743408203,-0.07884439826011658,0.9917706847190857,0.5650910139083862,0.45835980772972107,-0.0645051896572113,0.972937822341919,0.5254238247871399,0.4348946809768677,-0.08044008165597916,0.9918022751808167,0.5764746069908142,0.45819586515426636,-0.09185106307268143,0.9607493877410889,0.5416864156723022,0.4339611232280731,-0.09716947376728058,0.9819058179855347,0.5776820778846741,0.45143014192581177,-0.10602544248104095,0.9639990329742432,0.5354214310646057,0.42091697454452515,-0.103620246052742,0.9809522032737732,0.5734084248542786,0.4510369896888733,-0.07543117552995682,0.954450786113739,0.5320077538490295,0.4227706491947174,-0.08082025498151779,0.9715930223464966,0.5291461944580078,0.551519513130188,0.05012679845094681,0.9992775917053223,0.49646565318107605,0.556891143321991,-0.049977656453847885,0.9989497661590576,0.528042197227478,0.7019584774971008,0.03623317927122116,0.9328126907348633,0.4988451898097992,0.7085195183753967,-0.05156053975224495,0.975540280342102,0.5245965123176575,0.828644335269928,0.15724371373653412,0.940764844417572,0.5005485415458679,0.8420169949531555,0.060573481023311615,0.9666018486022949,0.518814742565155,0.8394781947135925,0.16411906480789185,0.897727370262146,0.4987901747226715,0.8545291423797607,0.0666780173778534,0.7930627465248108,0.5340098738670349,0.8735621571540833,0.0856546089053154,0.94439297914505,0.5129181146621704,0.882017195224762,-0.03338584676384926,0.9587045907974243
12500.00000000005,0.5309947729110718,0.30267786979675293,-0.08839013427495956,0.9999709725379944,0.5301485657691956,0.2894728481769562,-0.06985141336917877,0.9999704957008362,0.5309627652168274,0.2895156741142273,-0.06988779455423355,0.9999640583992004,0.5317543148994446,0.2893390953540802,-0.06988782435655594,0.9999629855155945,0.5256930589675903,0.2884365916252136,-0.08647122234106064,0.9999496340751648,0.5232668519020081,0.2880323827266693,-0.08647137135267258,0.9999390840530396,0.5204291939735413,0.28749504685401917,-0.08648011833429337,0.9999374151229858,0.5270101428031921,0.2931691110134125,0.034443199634552,0.9999191761016846,0.5107229948043823,0.29317164421081543,-0.04150039330124855,0.999963104724884,0.5312590003013611,0.31562963128089905,-0.0479905940592289,0.999969482421875,0.5254669189453125,0.3154139220714569,-0.06977029144763947,0.9999755024909973,0.5340588092803955,0.36842626333236694,0.11249514669179916,0.9999611973762512,0.48401013016700745,0.3680035173892975,-0.043968360871076584,0.9999133348464966,0.5368204116821289,0.4572054147720337,0.0853339359164238,0.762875497341156,0.48610609769821167,0.4579513967037201,-0.07878021150827408,0.991680383682251,0.5652206540107727,0.45736297965049744,-0.08141420781612396,0.9734472632408142,0.5252658724784851,0.43502387404441833,-0.08589713275432587,0.9916747212409973,0.5763786435127258,0.45721298456192017,-0.1149236187338829,0.9614933729171753,0.5419900417327881,0.43367451429367065,-0.10284214466810226,0.9816282987594604,0.5775873064994812,0.45124197006225586,-0.12878887355327606,0.9646953344345093,0.5349794626235962,0.4207698404788971,-0.10866013914346695,0.9806616902351379,0.5732842087745667,0.4508029818534851,-0.09299477934837341,0.955284595489502,0.5317748785018921,0.42248836159706116,-0.08598972856998444,0.9711998701095581,0.5291478633880615,0.5513032674789429,0.049886416643857956,0.9992867112159729,0.49656304717063904,0.5567206740379333,-0.049734070897102356,0.9989499449729919,0.5280647277832031,0.7017980813980103,0.035940706729888916,0.9331613779067993,0.49890774488449097,0.7084863781929016,-0.05193471163511276,0.9757012128829956,0.5245991945266724,0.828583300113678,0.1588670313358307,0.9412294030189514,0.5005460381507874,0.8420169949531555,0.06030404940247536,0.9669314026832581,0.5188570618629456,0.839455246925354,0.16593974828720093,0.8983818292617798,0.4987853467464447,0.8545302152633667,0.0663764625787735,0.7933530211448669,0.5340092182159424,0.8734027147293091,0.08740213513374329,0.944520890712738,0.5129851698875427,0.8820659518241882,-0.03468680754303932,0.9589151740074158
12533.333333333383,0.5308904051780701,0.3027309477329254,-0.0927545577287674,0.9999721646308899,0.5301162004470825,0.2895161807537079,-0.07151364535093307,0.9999716281890869,0.5309463739395142,0.2895756661891937,-0.07154401391744614,0.9999653697013855,0.5317476987838745,0.2894311845302582,-0.07152822613716125,0.9999644160270691,0.5255861878395081,0.28847333788871765,-0.08707630634307861,0.9999517798423767,0.5231397151947021,0.28808125853538513,-0.08710016310214996,0.9999415874481201,0.5202692747116089,0.28756117820739746,-0.08712442964315414,0.9999399781227112,0.526984453201294,0.29334819316864014,0.0308019258081913,0.9999215602874756,0.5106845498085022,0.293259859085083,-0.04601281136274338,0.9999642372131348,0.5311812162399292,0.31571969389915466,-0.051168277859687805,0.9999702572822571,0.5252677798271179,0.3154889643192291,-0.07114654034376144,0.9999762773513794,0.5333660840988159,0.3684212565422058,0.11053648591041565,0.9999619126319885,0.4839933514595032,0.36825448274612427,-0.04571397975087166,0.999913215637207,0.5362627506256104,0.45343726873397827,0.0832650288939476,0.7706460952758789,0.48535972833633423,0.45803263783454895,-0.08943462371826172,0.9919975996017456,0.5657411217689514,0.4555742144584656,-0.08518148958683014,0.9749623537063599,0.5251582860946655,0.4351184368133545,-0.12646345794200897,0.9920568466186523,0.5763992667198181,0.455384761095047,-0.11913585662841797,0.9635164141654968,0.5406721830368042,0.43371450901031494,-0.14756973087787628,0.9823529720306396,0.5777286291122437,0.45018506050109863,-0.1336534470319748,0.9665595889091492,0.5359786152839661,0.42199814319610596,-0.15049026906490326,0.9814098477363586,0.5737590193748474,0.44970792531967163,-0.09680292010307312,0.9574909806251526,0.5323312878608704,0.422823965549469,-0.12580333650112152,0.9721924066543579,0.5291455984115601,0.55108642578125,0.04917303845286369,0.9992844462394714,0.4967431128025055,0.556723952293396,-0.04904152452945709,0.9989452362060547,0.5281475782394409,0.7012637257575989,0.03510207682847977,0.9329977035522461,0.4991786777973175,0.7084225416183472,-0.052056051790714264,0.9754292368888855,0.5245997309684753,0.8284212350845337,0.15670444071292877,0.9407983422279358,0.5006260275840759,0.8419903516769409,0.05760343000292778,0.9667154550552368,0.5187379717826843,0.8392016887664795,0.16361626982688904,0.898038387298584,0.4988069236278534,0.8545170426368713,0.06332418322563171,0.7925068736076355,0.5340286493301392,0.8729755878448486,0.08574314415454865,0.9441067576408386,0.5131222009658813,0.8820778727531433,-0.03744741529226303,0.9585896134376526
12566.666666666717,0.5308302044868469,0.3029664158821106,-0.10606769472360611,0.9999739527702332,0.5301001667976379,0.2897913157939911,-0.08566541224718094,0.9999732971191406,0.530935525894165,0.2898942232131958,-0.08568782359361649,0.9999673366546631,0.5317373275756836,0.2898280620574951,-0.08567354828119278,0.9999664425849915,0.5255452394485474,0.28861480951309204,-0.10179536044597626,0.999954879283905,0.5230823159217834,0.2881694436073303,-0.10179171711206436,0.9999452829360962,0.520201563835144,0.287611186504364,-0.10179222375154495,0.999943733215332,0.5269290208816528,0.2936907410621643,0.021259363740682602,0.9999256134033203,0.5106531977653503,0.29325681924819946,-0.054802559316158295,0.9999662637710571,0.531065821647644,0.31589382886886597,-0.06443019211292267,0.9999719262123108,0.5251076221466064,0.3155602216720581,-0.08558539301156998,0.999977707862854,0.5333357453346252,0.3684327304363251,0.10529525578022003,0.9999632835388184,0.4837978482246399,0.3685912489891052,-0.04867586866021156,0.9999161958694458,0.5365325808525085,0.4527680277824402,0.08235280215740204,0.7824551463127136,0.483585387468338,0.46046730875968933,-0.09688878059387207,0.9924672842025757,0.5670836567878723,0.4532715678215027,-0.08576397597789764,0.9766132831573486,0.5250762701034546,0.4351264536380768,-0.13567891716957092,0.9925780892372131,0.5763652920722961,0.45355939865112305,-0.11913466453552246,0.9655758738517761,0.5390569567680359,0.4335309863090515,-0.15648183226585388,0.9833511710166931,0.57725590467453,0.4469190537929535,-0.13308431208133698,0.9684333205223083,0.5358597636222839,0.4217061996459961,-0.15799464285373688,0.9824286103248596,0.5736989378929138,0.44572147727012634,-0.09687566012144089,0.9596947431564331,0.5323349237442017,0.42278853058815,-0.13424086570739746,0.9735617637634277,0.5293019413948059,0.5508448481559753,0.04915262386202812,0.9992823004722595,0.49713626503944397,0.5567308664321899,-0.049026552587747574,0.9989472031593323,0.5282880067825317,0.7010423541069031,0.03541996330022812,0.9324811100959778,0.49942484498023987,0.7084214091300964,-0.05199491232633591,0.9751734137535095,0.5245928764343262,0.8283303380012512,0.1581784188747406,0.940050482749939,0.5006517171859741,0.8419895768165588,0.05888443440198898,0.9665329456329346,0.5186399817466736,0.8391036987304688,0.16537001729011536,0.8984136581420898,0.49880754947662354,0.8545278310775757,0.06492596119642258,0.7929245233535767,0.5341691970825195,0.8727371692657471,0.09089674055576324,0.9437463879585266,0.5133666396141052,0.8821894526481628,-0.03594081476330757,0.9584231972694397
12600.000000000051,0.5307325720787048,0.30325987935066223,-0.10903795063495636,0.9999750852584839,0.5300807356834412,0.2901969254016876,-0.08971478790044785,0.999974250793457,0.5309175252914429,0.2903461456298828,-0.08973736315965652,0.9999683499336243,0.5317170023918152,0.2903580665588379,-0.08972417563199997,0.9999674558639526,0.5255118608474731,0.2888054847717285,-0.10674267262220383,0.9999569654464722,0.5230454802513123,0.28826719522476196,-0.10673440992832184,0.9999477863311768,0.5201740860939026,0.287639319896698,-0.10673366487026215,0.9999463558197021,0.5268267393112183,0.29401764273643494,0.015786994248628616,0.9999269247055054,0.5106475949287415,0.2931816875934601,-0.0631503239274025,0.9999677538871765,0.5308383703231812,0.3160640299320221,-0.06809690594673157,0.9999728798866272,0.5249078869819641,0.3156137764453888,-0.09041660279035568,0.99997878074646,0.5333036184310913,0.36843326687812805,0.10168646275997162,0.9999632239341736,0.4834257960319519,0.369100958108902,-0.057890262454748154,0.999920129776001,0.5363454818725586,0.4527081549167633,0.07785333693027496,0.7852157354354858,0.4817620515823364,0.46297791600227356,-0.09480523318052292,0.9928903579711914,0.5662213563919067,0.45248374342918396,-0.09687533229589462,0.9770572781562805,0.5256562232971191,0.4369899332523346,-0.12210439145565033,0.9929264783859253,0.5750738978385925,0.45216602087020874,-0.13113150000572205,0.9659737348556519,0.5391045212745667,0.4355729818344116,-0.14146898686885834,0.9839238524436951,0.5754212737083435,0.44361305236816406,-0.1440247893333435,0.9687744379043579,0.5377514362335205,0.422416627407074,-0.13941942155361176,0.9829844236373901,0.5718228816986084,0.44214969873428345,-0.10797757655382156,0.9599719047546387,0.5337598919868469,0.4230958819389343,-0.11757269501686096,0.9742185473442078,0.5294057130813599,0.5508895516395569,0.050216853618621826,0.9992654919624329,0.4971284568309784,0.5568054914474487,-0.05011367052793503,0.9989397525787354,0.5283029079437256,0.7008389234542847,0.04563717544078827,0.9310829043388367,0.4996512830257416,0.708388090133667,-0.05011708289384842,0.9754236936569214,0.5245919823646545,0.8278342485427856,0.16869725286960602,0.9394151568412781,0.5005209445953369,0.8419422507286072,0.06059957295656204,0.9667485356330872,0.5186278223991394,0.8384675979614258,0.17598706483840942,0.8998041749000549,0.4986051321029663,0.8545168042182922,0.06649976968765259,0.7956215739250183,0.5345318913459778,0.8726933598518372,0.1034465804696083,0.9436070919036865,0.5134400129318237,0.8827705383300781,-0.03209124505519867,0.9585646390914917
12633.333333333385,0.5306759476661682,0.30325978994369507,-0.1171201691031456,0.9999752640724182,0.5300523638725281,0.2902195453643799,-0.09857656061649323,0.9999740719795227,0.5308915376663208,0.29037609696388245,-0.09860184788703918,0.9999679923057556,0.5316935777664185,0.2903982102870941,-0.09858586639165878,0.9999668598175049,0.5254889726638794,0.28880661725997925,-0.11541788280010223,0.9999575614929199,0.5230280160903931,0.2882665693759918,-0.1154111847281456,0.9999485015869141,0.5201699137687683,0.2876233458518982,-0.11541637778282166,0.9999471306800842,0.526767373085022,0.29402464628219604,0.00674299243837595,0.9999243021011353,0.5106579661369324,0.2930639386177063,-0.07036392390727997,0.9999681711196899,0.5307740569114685,0.316048800945282,-0.07622095942497253,0.9999727010726929,0.524856686592102,0.31557774543762207,-0.09822992235422134,0.9999790787696838,0.5335233807563782,0.3683176338672638,0.09412024915218353,0.9999611973762512,0.4832175672054291,0.36932507157325745,-0.06444622576236725,0.999923050403595,0.5360027551651001,0.4528176188468933,0.06731964647769928,0.7808845043182373,0.4806983172893524,0.46377241611480713,-0.09592720866203308,0.9932377934455872,0.5627444982528687,0.4515182077884674,-0.11297717690467834,0.9763854146003723,0.525570273399353,0.43798744678497314,-0.11855273693799973,0.9931802153587341,0.5709854364395142,0.45060041546821594,-0.147805318236351,0.9650663137435913,0.5377904772758484,0.43533697724342346,-0.13786505162715912,0.984323263168335,0.570921003818512,0.4406258761882782,-0.16090649366378784,0.967903196811676,0.5374055504798889,0.42226600646972656,-0.13915814459323883,0.9833610653877258,0.5672158598899841,0.43951356410980225,-0.12437754124403,0.9587242007255554,0.5336838364601135,0.422987163066864,-0.11621275544166565,0.9746211767196655,0.5294414758682251,0.5510608553886414,0.050715479999780655,0.9992369413375854,0.4971112906932831,0.557033896446228,-0.05062765255570412,0.9989234209060669,0.5283037424087524,0.7007125616073608,0.05177885293960571,0.9298617839813232,0.49982404708862305,0.70838862657547,-0.04719652235507965,0.9758966565132141,0.5245919227600098,0.8272953033447266,0.17326267063617706,0.9394928812980652,0.5004135370254517,0.8419159054756165,0.06348209828138351,0.9671562314033508,0.518632709980011,0.8377189636230469,0.18027880787849426,0.9014727473258972,0.4984111487865448,0.8545029759407043,0.0693129450082779,0.7987766861915588,0.5348770618438721,0.8726999163627625,0.10653860867023468,0.944053590297699,0.5135998725891113,0.8833480477333069,-0.028862351551651955,0.958965003490448
12666.666666666719,0.5306708812713623,0.30324602127075195,-0.13360397517681122,0.9999750852584839,0.5300472974777222,0.29022008180618286,-0.11456862837076187,0.9999732971191406,0.5308858752250671,0.29038020968437195,-0.11459994316101074,0.9999669790267944,0.5316877365112305,0.2904093265533447,-0.1145850345492363,0.999965488910675,0.5254822373390198,0.2887910008430481,-0.13147768378257751,0.9999573826789856,0.5230197310447693,0.2882368266582489,-0.13147272169589996,0.999948263168335,0.5201645493507385,0.2875663638114929,-0.13148599863052368,0.9999468326568604,0.5266860127449036,0.2940337061882019,-0.007275528274476528,0.9999194741249084,0.510679304599762,0.29296180605888367,-0.08412940055131912,0.9999678730964661,0.5307692289352417,0.3160375952720642,-0.09208904951810837,0.9999722242355347,0.5248532295227051,0.3155383765697479,-0.11411934345960617,0.9999790787696838,0.5341046452522278,0.36831340193748474,0.08410535007715225,0.9999587535858154,0.48309168219566345,0.3702086806297302,-0.07525510340929031,0.9999252557754517,0.5360289216041565,0.45423275232315063,0.05850142613053322,0.7792925238609314,0.47920408844947815,0.4659753441810608,-0.09841401129961014,0.99350905418396,0.5592267513275146,0.45329126715660095,-0.12936396896839142,0.9757466316223145,0.5255686640739441,0.4434346854686737,-0.12145544588565826,0.99326491355896,0.5664202570915222,0.4506472051143646,-0.1651889979839325,0.9641225337982178,0.5384014248847961,0.4417312443256378,-0.14207841455936432,0.9842801690101624,0.5660171508789062,0.4400859773159027,-0.178518608212471,0.9670115113258362,0.5379806756973267,0.4260218143463135,-0.14409016072750092,0.9832391738891602,0.5623866319656372,0.43913009762763977,-0.14090882241725922,0.9572895765304565,0.5338200330734253,0.4254439175128937,-0.11970148980617523,0.9741860032081604,0.529554545879364,0.5525801181793213,0.051585279405117035,0.9992020726203918,0.49703577160835266,0.5578094720840454,-0.051518023014068604,0.9988991022109985,0.5283166766166687,0.7010539770126343,0.06350748986005783,0.9291157722473145,0.4998237192630768,0.7090177536010742,-0.041469015181064606,0.9766831994056702,0.5245975255966187,0.8270455598831177,0.1941259652376175,0.9402869343757629,0.5001021027565002,0.8419144153594971,0.07841438800096512,0.9679905772209167,0.5186721086502075,0.8372882008552551,0.20182983577251434,0.9036188125610352,0.49794572591781616,0.8545118570327759,0.0851428359746933,0.8035596013069153,0.5351994037628174,0.8726645112037659,0.12514787912368774,0.9451804161071777,0.5137172341346741,0.8839117288589478,-0.015038923360407352,0.9599466919898987
12700.000000000053,0.5306700468063354,0.3032616376876831,-0.14075852930545807,0.9999728798866272,0.5300492644309998,0.2902795374393463,-0.12182526290416718,0.9999696612358093,0.5308862328529358,0.2904476225376129,-0.12185771018266678,0.9999620914459229,0.5316874980926514,0.290483295917511,-0.12183721363544464,0.9999594688415527,0.5255128741264343,0.2888109087944031,-0.1391809582710266,0.9999544024467468,0.5230616927146912,0.2882407009601593,-0.13918134570121765,0.999944806098938,0.5202431678771973,0.28756457567214966,-0.1392069011926651,0.9999436736106873,0.5265539884567261,0.2940552532672882,-0.014331440441310406,0.9999001622200012,0.5107493996620178,0.29290518164634705,-0.09269294142723083,0.9999658465385437,0.5307676196098328,0.3160395622253418,-0.09898710995912552,0.9999685287475586,0.5248734951019287,0.31553637981414795,-0.12148486822843552,0.9999775886535645,0.5341799855232239,0.36827510595321655,0.07869510352611542,0.9999492168426514,0.48313698172569275,0.3703751266002655,-0.08261559903621674,0.9999271035194397,0.5360134243965149,0.45433029532432556,0.04951513558626175,0.7634788155555725,0.47764062881469727,0.4672657251358032,-0.09874411672353745,0.9938129782676697,0.5535835027694702,0.454811155796051,-0.14716988801956177,0.9712597727775574,0.5258067846298218,0.44648826122283936,-0.11846029758453369,0.9933248162269592,0.5599823594093323,0.45091357827186584,-0.183911994099617,0.9587592482566833,0.5401210188865662,0.44689562916755676,-0.13836263120174408,0.9841555953025818,0.5600001215934753,0.4402678906917572,-0.19733397662639618,0.962005078792572,0.5397816896438599,0.4307233989238739,-0.1410454660654068,0.9830300807952881,0.5562001466751099,0.43935626745224,-0.15916326642036438,0.9508581161499023,0.5347852110862732,0.4284864366054535,-0.11728369444608688,0.9735909104347229,0.5297666788101196,0.5536760091781616,0.05194627121090889,0.9991202354431152,0.49704307317733765,0.5583066940307617,-0.05189000815153122,0.9988411664962769,0.5283180475234985,0.701176106929779,0.06841199845075607,0.9278706908226013,0.4998359680175781,0.7093769311904907,-0.03740471601486206,0.9774138927459717,0.52455073595047,0.8268424868583679,0.1987604945898056,0.9409493207931519,0.49986591935157776,0.8419409394264221,0.08355362713336945,0.9688110947608948,0.5186284184455872,0.8369342088699341,0.20627817511558533,0.9052447080612183,0.49743422865867615,0.8547037243843079,0.09025098383426666,0.80893874168396,0.5354162454605103,0.8726634979248047,0.12801453471183777,0.9463735222816467,0.5139564275741577,0.8848994970321655,-0.010804650373756886,0.9609967470169067
12733.333333333387,0.5306440591812134,0.3033238649368286,-0.13504575192928314,0.9999686479568481,0.5300394892692566,0.29042479395866394,-0.11626819521188736,0.9999632835388184,0.530876100063324,0.29060089588165283,-0.11629543453454971,0.9999532699584961,0.5316806435585022,0.2906474471092224,-0.11627702414989471,0.9999492764472961,0.5255088210105896,0.2889105975627899,-0.13348324596881866,0.9999489188194275,0.5230571627616882,0.28831031918525696,-0.13348856568336487,0.99993896484375,0.5202484130859375,0.28760164976119995,-0.13351422548294067,0.9999392032623291,0.5265429019927979,0.29418349266052246,-0.010122704319655895,0.9998695850372314,0.5108192563056946,0.29290369153022766,-0.08754019439220428,0.9999629855155945,0.5307417511940002,0.3160499930381775,-0.0938195139169693,0.9999620318412781,0.5248716473579407,0.3155379295349121,-0.11606481671333313,0.9999749660491943,0.5342533588409424,0.3683970272541046,0.08136741071939468,0.9999306797981262,0.4835127294063568,0.3703700304031372,-0.08224330097436905,0.99992835521698,0.5375887751579285,0.45197442173957825,0.05205688253045082,0.7407694458961487,0.4775005280971527,0.4671320915222168,-0.09766996651887894,0.9941453337669373,0.5513763427734375,0.4556339383125305,-0.13422927260398865,0.9606707096099854,0.5272047519683838,0.4487786889076233,-0.0991370752453804,0.993385374546051,0.5562079548835754,0.4547015428543091,-0.1691872626543045,0.9462189674377441,0.5417836904525757,0.4513534903526306,-0.11769040673971176,0.9840225577354431,0.5563125014305115,0.4438149929046631,-0.18156389892101288,0.9500814080238342,0.5416536927223206,0.43592894077301025,-0.1203267052769661,0.9828410148620605,0.552864670753479,0.44267383217811584,-0.14570994675159454,0.9368475079536438,0.5365133881568909,0.43245404958724976,-0.09711106866598129,0.9731097221374512,0.5297886729240417,0.5543688535690308,0.05183000490069389,0.9990233182907104,0.4970018267631531,0.5588054060935974,-0.051783714443445206,0.9987801909446716,0.5283107757568359,0.7012163400650024,0.06262533366680145,0.9269287586212158,0.49976593255996704,0.7095600366592407,-0.03807004913687706,0.9779746532440186,0.5246279835700989,0.8266802430152893,0.19063572585582733,0.9412772059440613,0.49972838163375854,0.8419402241706848,0.0801301896572113,0.9694299101829529,0.5186450481414795,0.8365553021430969,0.19827698171138763,0.9056703448295593,0.49724674224853516,0.8547281622886658,0.08665479719638824,0.8122981190681458,0.5357314348220825,0.8724939823150635,0.12158458679914474,0.9471694231033325,0.5142039060592651,0.8850188255310059,-0.013700645416975021,0.9618167281150818
12766.66666666672,0.5306289792060852,0.30333539843559265,-0.1354854702949524,0.9999659061431885,0.530034065246582,0.29043546319007874,-0.1161005049943924,0.9999590516090393,0.5308740139007568,0.29060614109039307,-0.11612477898597717,0.9999467730522156,0.5316804647445679,0.290648490190506,-0.11610361933708191,0.9999414682388306,0.5254957675933838,0.28893086314201355,-0.1331792026758194,0.9999460577964783,0.5230448842048645,0.2883341312408447,-0.13318702578544617,0.9999361634254456,0.5202377438545227,0.2876192033290863,-0.13321594893932343,0.9999376535415649,0.5265490412712097,0.2941843271255493,-0.008583685383200645,0.9998417496681213,0.5108175873756409,0.29290226101875305,-0.0855465903878212,0.9999620914459229,0.5307402014732361,0.3160457909107208,-0.09390629827976227,0.9999546408653259,0.5248704552650452,0.31553101539611816,-0.11599011719226837,0.9999727010726929,0.5342023968696594,0.36818715929985046,0.08425282686948776,0.9999057650566101,0.4840494990348816,0.37031081318855286,-0.0846751257777214,0.9999294281005859,0.5378051400184631,0.45117878913879395,0.05320580676198006,0.7067301273345947,0.4765010476112366,0.4670398533344269,-0.10175991803407669,0.9945011734962463,0.550152599811554,0.45618826150894165,-0.11620453745126724,0.9469091892242432,0.5275770425796509,0.4504213035106659,-0.1014791876077652,0.9935418367385864,0.5553828477859497,0.4592602252960205,-0.14747993648052216,0.9315183162689209,0.5427777767181396,0.45490288734436035,-0.1201799139380455,0.9841592907905579,0.5559591054916382,0.44900503754615784,-0.16188420355319977,0.9361059069633484,0.5429161190986633,0.439893901348114,-0.12276054173707962,0.9829632043838501,0.5525864362716675,0.4470430314540863,-0.1286153793334961,0.9210544228553772,0.5376871228218079,0.43549808859825134,-0.09952791035175323,0.9731854200363159,0.5298246145248413,0.5544047355651855,0.05242542177438736,0.9989413022994995,0.4970859885215759,0.5589086413383484,-0.052382372319698334,0.9987368583679199,0.5283085107803345,0.701196551322937,0.0612710602581501,0.9261230230331421,0.4997457265853882,0.7096585035324097,-0.03816254436969757,0.9786407351493835,0.524636447429657,0.8256099820137024,0.18743155896663666,0.9419094920158386,0.49928274750709534,0.8418737649917603,0.07454706728458405,0.970317542552948,0.5186498165130615,0.8355849385261536,0.19543980062007904,0.906907320022583,0.49659067392349243,0.8547518849372864,0.0806078389286995,0.8159894943237305,0.536095917224884,0.8719344139099121,0.11805463582277298,0.948166012763977,0.5146109461784363,0.8853662610054016,-0.018808400258421898,0.9628551006317139
12800.000000000055,0.5306228399276733,0.3033352792263031,-0.14513586461544037,0.9999638795852661,0.5300319790840149,0.2904313802719116,-0.1260766237974167,0.9999556541442871,0.5308765172958374,0.29059621691703796,-0.1261024922132492,0.9999415874481201,0.5316914916038513,0.29062676429748535,-0.12607762217521667,0.9999346733093262,0.5254884362220764,0.28892990946769714,-0.14279364049434662,0.9999440312385559,0.523033857345581,0.2883325517177582,-0.14280103147029877,0.9999341368675232,0.5202116370201111,0.2876099944114685,-0.14282917976379395,0.999936580657959,0.5265625715255737,0.29414787888526917,-0.018747156485915184,0.9998173713684082,0.5107738375663757,0.29285410046577454,-0.09399684518575668,0.9999616742134094,0.5307559967041016,0.3160259425640106,-0.10353659093379974,0.9999484419822693,0.5248768329620361,0.3155179023742676,-0.12512478232383728,0.9999709725379944,0.5343226790428162,0.3677404820919037,0.07790898531675339,0.9998846054077148,0.4841774106025696,0.3703572750091553,-0.08957827091217041,0.9999314546585083,0.5377935767173767,0.45133689045906067,0.05777626484632492,0.6737518310546875,0.4752098321914673,0.4677649438381195,-0.10029604285955429,0.9948024749755859,0.5493267178535461,0.45844462513923645,-0.11507420241832733,0.9315208196640015,0.5275847911834717,0.4533873200416565,-0.0937156230211258,0.9935688376426697,0.5548377633094788,0.4623848497867584,-0.14703460037708282,0.9153560400009155,0.5432460904121399,0.45811644196510315,-0.11149526387453079,0.9839404821395874,0.5558063387870789,0.45178866386413574,-0.16123078763484955,0.9207565188407898,0.5433579087257385,0.4428706765174866,-0.11404729634523392,0.9826968312263489,0.5522667765617371,0.4496949315071106,-0.12708094716072083,0.9038590788841248,0.5380184650421143,0.4384433925151825,-0.09145834296941757,0.9726769328117371,0.5298749208450317,0.5546051263809204,0.052402105182409286,0.9988670945167542,0.49709394574165344,0.5589976906776428,-0.05235983431339264,0.9986991286277771,0.5282938480377197,0.7011880278587341,0.06947403401136398,0.925352156162262,0.4996432960033417,0.7096695303916931,-0.0345626138150692,0.9793372750282288,0.524650514125824,0.8251996636390686,0.1918550580739975,0.9428157806396484,0.4988817870616913,0.8415385484695435,0.08049897849559784,0.9711410403251648,0.5186538100242615,0.8354352116584778,0.1987876296043396,0.9083027839660645,0.49611443281173706,0.8547199368476868,0.08694538474082947,0.8197228908538818,0.5362873077392578,0.8718592524528503,0.12148668617010117,0.9493808746337891,0.5147145390510559,0.8854205012321472,-0.011592090129852295,0.9638971090316772
12833.333333333389,0.5306175351142883,0.3033808767795563,-0.1467144638299942,0.9999614357948303,0.5300271511077881,0.29045629501342773,-0.12770159542560577,0.9999515414237976,0.5308741331100464,0.2906061112880707,-0.12773002684116364,0.9999356269836426,0.5316914319992065,0.29062744975090027,-0.12770681083202362,0.9999271631240845,0.5254764556884766,0.2889787256717682,-0.14449281990528107,0.9999409914016724,0.5230190753936768,0.2883812189102173,-0.1445007622241974,0.9999309778213501,0.5201897621154785,0.287645548582077,-0.1445304900407791,0.9999342560768127,0.5265568494796753,0.29412660002708435,-0.02033231407403946,0.9997915029525757,0.5107495784759521,0.2928522825241089,-0.09589329361915588,0.9999602437019348,0.5307558178901672,0.31603971123695374,-0.10504809767007828,0.9999422430992126,0.5248779058456421,0.3155273497104645,-0.12674343585968018,0.9999688863754272,0.5344526767730713,0.3673818111419678,0.07570399343967438,0.9998673796653748,0.48425203561782837,0.37045732140541077,-0.08991655707359314,0.9999324679374695,0.5377838611602783,0.4514600932598114,0.059566568583250046,0.6471725702285767,0.4745473861694336,0.4681737720966339,-0.0995023101568222,0.995026707649231,0.5493605136871338,0.4625992774963379,-0.11459578573703766,0.9194314479827881,0.5275190472602844,0.45558351278305054,-0.09712179750204086,0.9935325384140015,0.5547226071357727,0.46565455198287964,-0.1469511240720749,0.9026891589164734,0.5432090163230896,0.46021896600723267,-0.11515688896179199,0.9836627840995789,0.5557315945625305,0.4541718661785126,-0.16203673183918,0.9088506102561951,0.5430726408958435,0.44445154070854187,-0.1175503358244896,0.9823799729347229,0.5518913269042969,0.45164647698402405,-0.12689581513404846,0.8903092741966248,0.5377758741378784,0.4400614798069,-0.09517323970794678,0.972065269947052,0.5299180746078491,0.5549039244651794,0.05232067033648491,0.9988015294075012,0.49710172414779663,0.5591911673545837,-0.05227517709136009,0.9986580014228821,0.5282939672470093,0.701219916343689,0.0698988288640976,0.9248634576797485,0.4995647966861725,0.7097421884536743,-0.03382254019379616,0.9798750877380371,0.5247861742973328,0.8249462842941284,0.1921066790819168,0.9435925483703613,0.4986540973186493,0.8412035703659058,0.08260849863290787,0.9717552661895752,0.5187371969223022,0.8353462219238281,0.19881193339824677,0.9092131853103638,0.4958462715148926,0.8546847105026245,0.08912594616413116,0.8224212527275085,0.5365064144134521,0.8717657923698425,0.12062613666057587,0.9504010081291199,0.5148306488990784,0.8853707313537598,-0.010043195448815823,0.9646944403648376
12866.666666666722,0.5306130647659302,0.3034118413925171,-0.14398783445358276,0.999958336353302,0.5300193428993225,0.2904660105705261,-0.12501013278961182,0.9999464750289917,0.530866801738739,0.2906082570552826,-0.12503686547279358,0.9999282956123352,0.5316857099533081,0.2906251549720764,-0.12501344084739685,0.9999182224273682,0.5254661440849304,0.28900957107543945,-0.14187736809253693,0.9999372363090515,0.5230043530464172,0.28841692209243774,-0.1418866515159607,0.9999271631240845,0.5201646089553833,0.2876753509044647,-0.1419166922569275,0.9999315142631531,0.5264857411384583,0.2941000759601593,-0.018735874444246292,0.9997612833976746,0.510707676410675,0.29285329580307007,-0.0946699008345604,0.9999584555625916,0.5307563543319702,0.31606853008270264,-0.10281557589769363,0.9999350905418396,0.5248812437057495,0.31555813550949097,-0.12462075799703598,0.9999665021896362,0.5344862341880798,0.36733660101890564,0.07512233406305313,0.9998466968536377,0.48428088426589966,0.3705151081085205,-0.08977781981229782,0.9999330043792725,0.5372681021690369,0.4491651654243469,0.06065750867128372,0.622870922088623,0.47421789169311523,0.4682348966598511,-0.09925024211406708,0.9952509999275208,0.548905611038208,0.4641367197036743,-0.10933692008256912,0.9067944884300232,0.5274847149848938,0.4562024176120758,-0.09405937045812607,0.9934991002082825,0.5541393756866455,0.46686068177223206,-0.14100900292396545,0.8892133831977844,0.5431978106498718,0.4609191119670868,-0.11220486462116241,0.9833775758743286,0.5550795197486877,0.45672884583473206,-0.1567809134721756,0.8960990309715271,0.5430648326873779,0.44562074542045593,-0.11535073071718216,0.9820574522018433,0.5511001348495483,0.45292729139328003,-0.12186876684427261,0.8760653734207153,0.5377430319786072,0.4412371516227722,-0.09221939742565155,0.9714915156364441,0.529991090297699,0.555192232131958,0.052269358187913895,0.9987233877182007,0.49712198972702026,0.559519350528717,-0.052229803055524826,0.9986087679862976,0.5283142924308777,0.7012183666229248,0.06862924993038177,0.9239581227302551,0.4995628595352173,0.7097566723823547,-0.03374725952744484,0.9801605343818665,0.5248297452926636,0.8248307704925537,0.19044290482997894,0.9437392950057983,0.49861085414886475,0.8409957885742188,0.08215511590242386,0.9720198512077332,0.5187395215034485,0.8352577090263367,0.19714410603046417,0.9092465043067932,0.49584129452705383,0.8546233177185059,0.0886131152510643,0.8237335681915283,0.5365253686904907,0.8717653155326843,0.11921228468418121,0.9508897662162781,0.5148777365684509,0.8853583931922913,-0.010235501453280449,0.9650840759277344
12900.000000000056,0.5306094884872437,0.3035176992416382,-0.15018725395202637,0.9999560117721558,0.530017077922821,0.29050686955451965,-0.13107715547084808,0.9999427199363708,0.5308664441108704,0.2906220257282257,-0.13110502064228058,0.9999225735664368,0.5316888689994812,0.2906252443790436,-0.1310804933309555,0.9999109506607056,0.5254626870155334,0.2891293466091156,-0.14721034467220306,0.9999346733093262,0.5229979753494263,0.2885577976703644,-0.14722011983394623,0.9999245405197144,0.5201445817947388,0.2878131866455078,-0.14725305140018463,0.9999297857284546,0.5264877080917358,0.2940622866153717,-0.023254094645380974,0.9997373819351196,0.5106790065765381,0.2928805351257324,-0.09618114680051804,0.9999576210975647,0.5307817459106445,0.31613942980766296,-0.10845648497343063,0.99992835521698,0.5249074101448059,0.3156597912311554,-0.12934117019176483,0.9999645352363586,0.5346527695655823,0.36683589220046997,0.07295430451631546,0.9998277425765991,0.4843383729457855,0.37047868967056274,-0.09018023312091827,0.9999337196350098,0.5375396013259888,0.44913384318351746,0.06080891937017441,0.5998117923736572,0.4731540083885193,0.46820175647735596,-0.09994197636842728,0.9954804182052612,0.5486183762550354,0.4640575051307678,-0.10302029550075531,0.8950397968292236,0.5271342992782593,0.45588457584381104,-0.09601358324289322,0.993468165397644,0.5537500381469727,0.4669359624385834,-0.1336916834115982,0.8767297267913818,0.543111264705658,0.4604012370109558,-0.1135283038020134,0.983060359954834,0.5545454621315002,0.4578471779823303,-0.14960633218288422,0.8841862678527832,0.5427873134613037,0.445378839969635,-0.11674909293651581,0.9817028641700745,0.5507314205169678,0.45384538173675537,-0.11537806689739227,0.8627034425735474,0.537571370601654,0.44119343161582947,-0.09396650642156601,0.9709337949752808,0.530022144317627,0.5556250810623169,0.05224929749965668,0.9986379146575928,0.49712464213371277,0.56011563539505,-0.052214231342077255,0.9985537528991699,0.5283414125442505,0.701210618019104,0.06952955573797226,0.9228125810623169,0.4995567500591278,0.7097806334495544,-0.03335394710302353,0.9804551601409912,0.5248844027519226,0.8248308897018433,0.189461812376976,0.9439131021499634,0.4986150562763214,0.8409756422042847,0.0812903642654419,0.9722648859024048,0.5187481045722961,0.8352448344230652,0.19609791040420532,0.9098007678985596,0.495858371257782,0.8546107411384583,0.08767025917768478,0.8253471851348877,0.5366184115409851,0.871766209602356,0.11827883124351501,0.9513425230979919,0.5149215459823608,0.8853214383125305,-0.011374471709132195,0.9653996229171753
12933.33333333339,0.5306295156478882,0.30368533730506897,-0.15149953961372375,0.9999523162841797,0.5300194621086121,0.2906153202056885,-0.13238869607448578,0.9999370574951172,0.5308692455291748,0.29068657755851746,-0.13241852819919586,0.9999142289161682,0.5316932797431946,0.2906504273414612,-0.1323968470096588,0.9999005794525146,0.5254653096199036,0.2893427610397339,-0.1481914520263672,0.9999303817749023,0.5229989886283875,0.288796067237854,-0.14820070564746857,0.9999199509620667,0.5201432704925537,0.28805774450302124,-0.14823509752750397,0.9999264478683472,0.5264908671379089,0.2940611243247986,-0.024123404175043106,0.9997054934501648,0.5106843113899231,0.29298487305641174,-0.09567838162183762,0.9999558329582214,0.5308390855789185,0.31623581051826477,-0.1096029281616211,0.999918520450592,0.5249953866004944,0.31583136320114136,-0.13008244335651398,0.9999616146087646,0.5347896218299866,0.36621326208114624,0.07219646126031876,0.9998044371604919,0.4844099283218384,0.3704474866390228,-0.08901794254779816,0.9999333620071411,0.5353358387947083,0.4442618489265442,0.06309890747070312,0.5763342976570129,0.47224798798561096,0.4681553244590759,-0.10252787172794342,0.995688259601593,0.5480912327766418,0.4636314809322357,-0.09453056752681732,0.8820441365242004,0.5262528657913208,0.45537006855010986,-0.10888581722974777,0.9934056997299194,0.5533596277236938,0.466713547706604,-0.12435964494943619,0.8633751273155212,0.5424848198890686,0.4598653316497803,-0.12759524583816528,0.9826874732971191,0.5542032122612,0.45763686299324036,-0.14044144749641418,0.8714139461517334,0.5426648259162903,0.4452029764652252,-0.13054652512073517,0.9812953472137451,0.5502933263778687,0.4543158710002899,-0.10675717890262604,0.8485790491104126,0.537391722202301,0.4411652386188507,-0.10714232176542282,0.9703249931335449,0.530046820640564,0.5557298064231873,0.05189099162817001,0.998532772064209,0.4971690773963928,0.5603345632553101,-0.05185472592711449,0.9984825253486633,0.5283582210540771,0.7011906504631042,0.06793203204870224,0.9216629266738892,0.4995653033256531,0.7097687721252441,-0.03414670750498772,0.9806012511253357,0.5249252915382385,0.8248358368873596,0.1864938884973526,0.943930983543396,0.4986724853515625,0.8409743905067444,0.0791672095656395,0.9723765850067139,0.5187556743621826,0.8352447152137756,0.19242535531520844,0.9101206660270691,0.49591124057769775,0.8546102046966553,0.08509697020053864,0.8265935778617859,0.5366600155830383,0.8717674016952515,0.11405663192272186,0.9515219926834106,0.5150572061538696,0.8854249119758606,-0.014351989142596722,0.9654322266578674
12966.666666666724,0.5306432247161865,0.30412131547927856,-0.14719395339488983,0.9999501705169678,0.5300313234329224,0.29105377197265625,-0.1281566172838211,0.9999338388442993,0.5308769345283508,0.29108521342277527,-0.12818574905395508,0.9999095797538757,0.5316992402076721,0.291002094745636,-0.1281653791666031,0.9998950362205505,0.5254982709884644,0.289842814207077,-0.14434538781642914,0.9999278783798218,0.5230357050895691,0.28927120566368103,-0.14435285329818726,0.999917209148407,0.5201829671859741,0.2885088622570038,-0.1443830132484436,0.99992436170578,0.5264825224876404,0.29424241185188293,-0.020525716245174408,0.9996898770332336,0.5107083916664124,0.2931787967681885,-0.09405281394720078,0.9999545812606812,0.5308485627174377,0.3165724575519562,-0.10551206022500992,0.9999139308929443,0.5250526666641235,0.31617477536201477,-0.12650297582149506,0.9999601244926453,0.5348101258277893,0.3661130368709564,0.07416605949401855,0.999794602394104,0.48443111777305603,0.3704775869846344,-0.08826138079166412,0.9999336004257202,0.5349010229110718,0.4444112479686737,0.060811903327703476,0.5631353259086609,0.47225967049598694,0.46811825037002563,-0.1020711213350296,0.995869517326355,0.548204243183136,0.4633650481700897,-0.1062990128993988,0.8772544860839844,0.5258814692497253,0.45485594868659973,-0.11478493362665176,0.9934472441673279,0.5534176230430603,0.46623125672340393,-0.1382119506597519,0.8582376837730408,0.5421043634414673,0.45904305577278137,-0.13455013930797577,0.9826570749282837,0.5540724992752075,0.45704230666160583,-0.15353703498840332,0.8665392994880676,0.5426273345947266,0.4443233907222748,-0.13721802830696106,0.9812489151954651,0.5502799153327942,0.4540731608867645,-0.11841677129268646,0.8427661061286926,0.5372079014778137,0.44052499532699585,-0.11312392354011536,0.9702050089836121,0.5300646424293518,0.5558514595031738,0.05168050155043602,0.9984546899795532,0.49722665548324585,0.5605267286300659,-0.051642727106809616,0.9984235763549805,0.5283607244491577,0.7011975646018982,0.06715326756238937,0.9199346303939819,0.4995991587638855,0.709740161895752,-0.034782685339450836,0.9806578159332275,0.5249539613723755,0.8247680068016052,0.18291907012462616,0.9430227279663086,0.4987233877182007,0.8409376740455627,0.07493052631616592,0.97220778465271,0.5187652707099915,0.8351231217384338,0.18887943029403687,0.9094852209091187,0.4959350526332855,0.8546106219291687,0.08066084235906601,0.8269878625869751,0.536758303642273,0.871563196182251,0.11136055737733841,0.9510171413421631,0.5153025388717651,0.8855077028274536,-0.01853088289499283,0.9650968909263611
13000.000000000058,0.530788004398346,0.304441899061203,-0.14888371527194977,0.9999489188194275,0.5301147699356079,0.2914009690284729,-0.12999753654003143,0.9999315142631531,0.5309374928474426,0.2913936674594879,-0.13002698123455048,0.9999063014984131,0.5317406058311462,0.29126548767089844,-0.13000354170799255,0.9998906850814819,0.5256555676460266,0.2902476489543915,-0.14639785885810852,0.9999262690544128,0.5232142210006714,0.28963834047317505,-0.14640496671199799,0.9999154210090637,0.5203716158866882,0.28886085748672485,-0.14643533527851105,0.9999229311943054,0.52646803855896,0.29437848925590515,-0.022935735061764717,0.999675989151001,0.5107868909835815,0.293357789516449,-0.09709617495536804,0.9999538660049438,0.5309421420097351,0.31680911779403687,-0.10736354440450668,0.9999104738235474,0.5252717137336731,0.3164248764514923,-0.12861879169940948,0.9999591708183289,0.5348478555679321,0.36614659428596497,0.07175479829311371,0.9997859001159668,0.48444899916648865,0.37057849764823914,-0.08945384621620178,0.999934732913971,0.5344172120094299,0.4447399973869324,0.057062603533267975,0.5502443313598633,0.47208601236343384,0.4682389199733734,-0.10291056334972382,0.9960650205612183,0.5484203100204468,0.4631258547306061,-0.11609617620706558,0.8730713129043579,0.5257138013839722,0.45450887084007263,-0.11309365928173065,0.9935215711593628,0.5536615252494812,0.4662291407585144,-0.14841832220554352,0.8535438179969788,0.541911780834198,0.45845329761505127,-0.13237245380878448,0.9826573729515076,0.5543164014816284,0.4567429721355438,-0.16328498721122742,0.8620747327804565,0.5425804257392883,0.44380983710289,-0.13497991859912872,0.9812183380126953,0.5505731701850891,0.4539206027984619,-0.1281689554452896,0.8373083472251892,0.5371611714363098,0.4401911199092865,-0.11127281188964844,0.9700920581817627,0.5302172303199768,0.556236207485199,0.0516531802713871,0.9983696341514587,0.49740949273109436,0.5610178112983704,-0.05161368101835251,0.9983692765235901,0.5284027457237244,0.7012342214584351,0.0708683580160141,0.9181087613105774,0.49962520599365234,0.7097392082214355,-0.03408337011933327,0.9807354807853699,0.5249836444854736,0.8246917724609375,0.18929137289524078,0.9421137571334839,0.4987274408340454,0.8409199714660645,0.07578860223293304,0.9719630479812622,0.5187678337097168,0.8349917531013489,0.19555936753749847,0.9085861444473267,0.4959199130535126,0.8546174764633179,0.08151435852050781,0.8273681402206421,0.5367698669433594,0.8714625835418701,0.11879108846187592,0.9506385922431946,0.5154520273208618,0.8856107592582703,-0.01731967180967331,0.9648590683937073
13033.333333333392,0.5308827757835388,0.30480125546455383,-0.15024368464946747,0.9999480247497559,0.5301569700241089,0.29178646206855774,-0.13129384815692902,0.9999299049377441,0.5309668183326721,0.2917374074459076,-0.13132435083389282,0.9999040961265564,0.5317596197128296,0.2915630340576172,-0.13130052387714386,0.9998876452445984,0.5257371664047241,0.29070478677749634,-0.14774690568447113,0.9999251365661621,0.5233005285263062,0.29008346796035767,-0.147753044962883,0.9999141097068787,0.5204688906669617,0.2893119156360626,-0.14778193831443787,0.9999218583106995,0.5264307856559753,0.294569194316864,-0.02391839399933815,0.9996656179428101,0.5108503699302673,0.29369601607322693,-0.0981832891702652,0.9999533295631409,0.5310176014900208,0.31707891821861267,-0.10860293358564377,0.9999075531959534,0.5254208445549011,0.3166978359222412,-0.12990641593933105,0.9999582767486572,0.5348660349845886,0.36614933609962463,0.07106228917837143,0.9997797608375549,0.48446595668792725,0.37078896164894104,-0.08944935351610184,0.9999355673789978,0.5334256291389465,0.4450926184654236,0.056392308324575424,0.5384106636047363,0.47197583317756653,0.4685271382331848,-0.10239534825086594,0.9962315559387207,0.5481968522071838,0.4629557430744171,-0.1193128302693367,0.8694543242454529,0.5254412293434143,0.45427533984184265,-0.11198786646127701,0.9935457706451416,0.5534982681274414,0.4662370979785919,-0.15207605063915253,0.8495960831642151,0.5417182445526123,0.45809635519981384,-0.13118477165699005,0.982536256313324,0.5541920065879822,0.4564966857433319,-0.16726402938365936,0.8583656549453735,0.5424126386642456,0.4434749484062195,-0.13389725983142853,0.9810609221458435,0.5503594875335693,0.4537830352783203,-0.13160142302513123,0.8327011466026306,0.536943793296814,0.4399697482585907,-0.11022057384252548,0.9698010087013245,0.5302769541740417,0.5562353730201721,0.051636893302202225,0.9982943534851074,0.49767783284187317,0.5610266327857971,-0.05159665271639824,0.9983153939247131,0.5284216403961182,0.7011956572532654,0.0717211663722992,0.9161269664764404,0.4997631311416626,0.7095590829849243,-0.034068331122398376,0.9807875156402588,0.5249861478805542,0.8246168494224548,0.18941828608512878,0.9412652850151062,0.4987410306930542,0.8408538699150085,0.0757797434926033,0.9717262387275696,0.5187700986862183,0.834872305393219,0.19561439752578735,0.9077392816543579,0.4959087669849396,0.8546009659767151,0.0815182626247406,0.8276988863945007,0.536793053150177,0.8713672161102295,0.11852185428142548,0.9502595067024231,0.5155442953109741,0.8854553699493408,-0.01734636165201664,0.9646275639533997
13066.666666666726,0.5309630036354065,0.3052504062652588,-0.14994457364082336,0.9999463558197021,0.5302205681800842,0.29225578904151917,-0.13105247914791107,0.9999269843101501,0.5310236811637878,0.29217225313186646,-0.1310831755399704,0.9999001622200012,0.5318112373352051,0.2919583320617676,-0.13105979561805725,0.9998825788497925,0.5258135199546814,0.29118824005126953,-0.14756187796592712,0.9999226927757263,0.5233697295188904,0.2905213534832001,-0.1475674957036972,0.999911367893219,0.5205478668212891,0.28972139954566956,-0.14759637415409088,0.999919593334198,0.5264248251914978,0.29483872652053833,-0.023751260712742805,0.9996488690376282,0.5109031796455383,0.29396578669548035,-0.09822874516248703,0.9999520182609558,0.5310683846473694,0.31741055846214294,-0.10828951746225357,0.9999030232429504,0.5255117416381836,0.3170056939125061,-0.12966124713420868,0.9999567866325378,0.5348699688911438,0.36615243554115295,0.07110700011253357,0.9997718930244446,0.48446395993232727,0.3711087703704834,-0.08910039067268372,0.9999358654022217,0.532909631729126,0.44536593556404114,0.05723239853978157,0.5251277089118958,0.471951425075531,0.46879029273986816,-0.10229207575321198,0.9963701963424683,0.5480387210845947,0.46304014325141907,-0.11761199682950974,0.8639582395553589,0.5253744125366211,0.4541930854320526,-0.11141588538885117,0.9935334920883179,0.5534632802009583,0.4663865566253662,-0.15029239654541016,0.8439216613769531,0.5416904091835022,0.45814183354377747,-0.13049675524234772,0.9823485016822815,0.5542265176773071,0.45646393299102783,-0.16567620635032654,0.8530586361885071,0.5422805547714233,0.4431999623775482,-0.13324180245399475,0.9808377623558044,0.550307035446167,0.45380815863609314,-0.12998022139072418,0.8265022039413452,0.5368826985359192,0.439687043428421,-0.10966828465461731,0.9694013595581055,0.530333399772644,0.5562294125556946,0.051625099033117294,0.9982290267944336,0.49780184030532837,0.5610305070877075,-0.051585447043180466,0.9982593059539795,0.5284706354141235,0.7010807991027832,0.07066158950328827,0.9151080250740051,0.4998766779899597,0.7093865871429443,-0.033702388405799866,0.9809023141860962,0.5249955654144287,0.8245781064033508,0.18898335099220276,0.9410959482192993,0.49881163239479065,0.8408275246620178,0.07722720503807068,0.9717543721199036,0.5187751650810242,0.8347816467285156,0.19529756903648376,0.9075044989585876,0.49592968821525574,0.8545421957969666,0.08309213817119598,0.8287380337715149,0.5368152260780334,0.8713674545288086,0.11820214241743088,0.9503669142723083,0.5156818628311157,0.8853585720062256,-0.016040487214922905,0.964692234992981
13100.00000000006,0.5310308337211609,0.3055579960346222,-0.14996515214443207,0.999944806098938,0.5302839875221252,0.2925715744495392,-0.13115175068378448,0.99992436170578,0.5310808420181274,0.2924676537513733,-0.1311837136745453,0.9998966455459595,0.5318637490272522,0.29222872853279114,-0.1311613768339157,0.9998780488967896,0.5258874893188477,0.29148390889167786,-0.14748042821884155,0.9999202489852905,0.5234362483024597,0.2907685935497284,-0.1474849432706833,0.9999085664749146,0.5206185579299927,0.2899278700351715,-0.14751332998275757,0.9999171495437622,0.5264232158660889,0.29500681161880493,-0.02375061996281147,0.9996359348297119,0.5109415054321289,0.2940528988838196,-0.09757529944181442,0.9999505281448364,0.5311023592948914,0.3176071047782898,-0.108239084482193,0.9998992681503296,0.5255807042121887,0.31717103719711304,-0.12941114604473114,0.9999554753303528,0.5349082946777344,0.3660326600074768,0.07040641456842422,0.9997685551643372,0.48446038365364075,0.3712444007396698,-0.0889267697930336,0.9999359846115112,0.5328822731971741,0.4456031024456024,0.05780073627829552,0.5159499645233154,0.47179651260375977,0.46903303265571594,-0.10217978805303574,0.9964907765388489,0.5480403900146484,0.4632284343242645,-0.11656605452299118,0.8603746294975281,0.5250623822212219,0.454332172870636,-0.11535284668207169,0.9935258030891418,0.5533739328384399,0.4665386974811554,-0.14916621148586273,0.8402261137962341,0.541454553604126,0.4581623077392578,-0.13529205322265625,0.9822148084640503,0.5542439222335815,0.456534206867218,-0.16431747376918793,0.8496551513671875,0.5420774221420288,0.44306492805480957,-0.1381407231092453,0.980683445930481,0.5503960847854614,0.4540787637233734,-0.12877072393894196,0.822418749332428,0.5366621613502502,0.4395594298839569,-0.11380728334188461,0.9691060185432434,0.5303356647491455,0.5561593174934387,0.0510852076113224,0.9981812238693237,0.4978332817554474,0.5610095262527466,-0.05103983357548714,0.9982120394706726,0.5285097360610962,0.7010437250137329,0.0668470486998558,0.9143733978271484,0.5000752210617065,0.7091642022132874,-0.033949922770261765,0.9808984398841858,0.5250526666641235,0.8245896100997925,0.18419815599918365,0.9408887624740601,0.49882572889328003,0.8408033847808838,0.07686946541070938,0.9716635942459106,0.5187958478927612,0.8347814083099365,0.1903105527162552,0.9072775840759277,0.49593687057495117,0.8544543385505676,0.08272144198417664,0.8291010856628418,0.5368549227714539,0.8714308738708496,0.11127384006977081,0.9502905011177063,0.5157116651535034,0.8853014707565308,-0.017024312168359756,0.9645415544509888
13133.333333333394,0.5310667753219604,0.3057137727737427,-0.1514032930135727,0.9999434947967529,0.5303143858909607,0.29271504282951355,-0.13256458938121796,0.9999221563339233,0.5311113595962524,0.2926020920276642,-0.13259713351726532,0.9998936057090759,0.5318949818611145,0.2923499345779419,-0.1325744092464447,0.9998741149902344,0.5259137749671936,0.2916131615638733,-0.14873892068862915,0.9999183416366577,0.5234553813934326,0.29088062047958374,-0.14874331653118134,0.9999063611030579,0.5206384062767029,0.2900203764438629,-0.1487709879875183,0.9999153017997742,0.5264204144477844,0.29508212208747864,-0.02509191446006298,0.9996232390403748,0.5109557509422302,0.2941047251224518,-0.09814616292715073,0.9999494552612305,0.5311267971992493,0.31771180033683777,-0.10967955738306046,0.9998956322669983,0.5256147384643555,0.3172622621059418,-0.13061729073524475,0.9999542236328125,0.534954845905304,0.3659313917160034,0.06956055015325546,0.9997632503509521,0.4844539761543274,0.3714807331562042,-0.08849897235631943,0.9999364018440247,0.5344116687774658,0.44816529750823975,0.05790000781416893,0.5062274932861328,0.4717687666416168,0.4694221019744873,-0.10111566632986069,0.9966042041778564,0.5480855107307434,0.46328043937683105,-0.11607401072978973,0.8555178046226501,0.5249565243721008,0.45443156361579895,-0.1149880513548851,0.9935000538825989,0.5533891916275024,0.4666054844856262,-0.14865370094776154,0.8351412415504456,0.541416585445404,0.45828163623809814,-0.13471084833145142,0.9820168018341064,0.554275631904602,0.45662975311279297,-0.16416487097740173,0.8448991179466248,0.5420423746109009,0.4430590569972992,-0.13725808262825012,0.9804592728614807,0.5504621267318726,0.4543706178665161,-0.1284203678369522,0.8169721364974976,0.536603569984436,0.4395233988761902,-0.11327672004699707,0.9687302112579346,0.5303427577018738,0.5560113787651062,0.051034558564424515,0.9981313943862915,0.49788936972618103,0.5609239339828491,-0.05098903924226761,0.9981691241264343,0.5285367369651794,0.7008933424949646,0.06680729985237122,0.9124119281768799,0.5001972913742065,0.7089228630065918,-0.03413217514753342,0.9808140993118286,0.5250405669212341,0.8245678544044495,0.18321141600608826,0.9401677846908569,0.49884527921676636,0.8406047224998474,0.07679130882024765,0.9714131951332092,0.5187539458274841,0.8347057104110718,0.18914048373699188,0.9066765308380127,0.49593934416770935,0.8540875315666199,0.08262104541063309,0.8291032314300537,0.5368574261665344,0.8714348673820496,0.11017090827226639,0.9499291777610779,0.5157145261764526,0.8851203918457031,-0.01707618124783039,0.9642868638038635
13166.666666666728,0.5310847163200378,0.3058012127876282,-0.15056170523166656,0.9999423027038574,0.530322790145874,0.2927772104740143,-0.13169071078300476,0.9999203085899353,0.5311182737350464,0.2926599979400635,-0.1317223757505417,0.9998909831047058,0.5318998694419861,0.29240021109580994,-0.13169986009597778,0.9998704791069031,0.5259235501289368,0.29166561365127563,-0.14801940321922302,0.9999169707298279,0.5234636664390564,0.29092690348625183,-0.14802519977092743,0.9999049305915833,0.5206491947174072,0.290059357881546,-0.1480526179075241,0.9999143481254578,0.5263972878456116,0.295108824968338,-0.024210721254348755,0.999611496925354,0.5109694600105286,0.2941474914550781,-0.09784459322690964,0.9999491572380066,0.5311357378959656,0.3177526295185089,-0.10883211344480515,0.9998918771743774,0.525648295879364,0.3172977864742279,-0.12993553280830383,0.9999530911445618,0.5349680185317993,0.36580440402030945,0.06977205723524094,0.9997539520263672,0.4844508171081543,0.37165385484695435,-0.08840491622686386,0.999937117099762,0.5350075364112854,0.4492964744567871,0.059907570481300354,0.49184051156044006,0.47181764245033264,0.4696144461631775,-0.09571440517902374,0.9967195391654968,0.5479097366333008,0.4632999002933502,-0.11388011276721954,0.8454024195671082,0.5249559283256531,0.45443597435951233,-0.09690578281879425,0.9934714436531067,0.553370475769043,0.4666084051132202,-0.14633798599243164,0.824878454208374,0.5413925051689148,0.45836740732192993,-0.11487993597984314,0.981791615486145,0.5542780756950378,0.4567039906978607,-0.1621766835451126,0.8351916670799255,0.5419591665267944,0.4431324899196625,-0.11843849718570709,0.9802114367485046,0.5503438115119934,0.4545765817165375,-0.1265777200460434,0.8066111207008362,0.5365647673606873,0.43955326080322266,-0.09523404389619827,0.9683461785316467,0.5303546190261841,0.5556149482727051,0.051029566675424576,0.9980816841125488,0.4980015754699707,0.5606160759925842,-0.0509834960103035,0.9981342554092407,0.5285418629646301,0.7006241679191589,0.06628542393445969,0.9105340242385864,0.5004248023033142,0.7085543870925903,-0.03454703837633133,0.9806990623474121,0.5248720645904541,0.8245677947998047,0.18016047775745392,0.9396476149559021,0.498993843793869,0.8405059576034546,0.07493370026350021,0.9712645411491394,0.5185508728027344,0.8346999883651733,0.1858222484588623,0.9065864086151123,0.49606290459632874,0.8539150357246399,0.08062691241502762,0.8297488689422607,0.536830723285675,0.8714733719825745,0.10685268044471741,0.949766993522644,0.515726625919342,0.8849561810493469,-0.01888466812670231,0.9641977548599243
13200.000000000062,0.5310830473899841,0.30591875314712524,-0.14978517591953278,0.9999414086341858,0.5303231477737427,0.29285329580307007,-0.1309538036584854,0.999919056892395,0.531119704246521,0.2927265465259552,-0.13098467886447906,0.9998892545700073,0.5319020748138428,0.2924519181251526,-0.1309628039598465,0.9998681545257568,0.5259202122688293,0.2917337417602539,-0.14689581096172333,0.9999158382415771,0.5234556198120117,0.2909875512123108,-0.14690251648426056,0.9999038577079773,0.5206415057182312,0.29010215401649475,-0.1469293087720871,0.9999136924743652,0.5263749957084656,0.2951261103153229,-0.023602662608027458,0.9996046423912048,0.5109614133834839,0.29417330026626587,-0.0954093262553215,0.9999489188194275,0.5311344861984253,0.31780609488487244,-0.10813368856906891,0.9998893141746521,0.5256487727165222,0.31734684109687805,-0.1286991983652115,0.9999522566795349,0.5349709987640381,0.36572006344795227,0.07042740285396576,0.9997478723526001,0.4844507575035095,0.3717743754386902,-0.08622496575117111,0.9999374151229858,0.5346649885177612,0.44830721616744995,0.060925815254449844,0.48080477118492126,0.4718579351902008,0.4697279632091522,-0.09254909306764603,0.9968109726905823,0.5478883981704712,0.46328750252723694,-0.10984726250171661,0.8384679555892944,0.5250547528266907,0.4544086456298828,-0.09412991255521774,0.9934372305870056,0.5534297227859497,0.46656009554862976,-0.14170460402965546,0.8176391124725342,0.5414480566978455,0.45841723680496216,-0.1119987815618515,0.9815728068351746,0.5543023347854614,0.4566529095172882,-0.15716737508773804,0.8283050060272217,0.5419387221336365,0.4431627690792084,-0.11532086879014969,0.979972243309021,0.5502967834472656,0.4545518159866333,-0.12227807939052582,0.799106776714325,0.5365521907806396,0.4395310878753662,-0.09242482483386993,0.967982292175293,0.5303577780723572,0.5555642247200012,0.05074429512023926,0.9980741739273071,0.4980104863643646,0.5605076551437378,-0.05069318786263466,0.9981303811073303,0.528639018535614,0.7006067633628845,0.06317031383514404,0.9106810688972473,0.5003964900970459,0.7084385752677917,-0.035282596945762634,0.9809514284133911,0.5248458385467529,0.8244198560714722,0.1778198778629303,0.9403820633888245,0.4989486634731293,0.8403881788253784,0.07442589104175568,0.9716625809669495,0.5185509324073792,0.8346967697143555,0.18362145125865936,0.9076244831085205,0.49604061245918274,0.8537718653678894,0.0802009105682373,0.8310032486915588,0.5368354916572571,0.8714979887008667,0.10461856424808502,0.9504189491271973,0.5156241059303284,0.8845613598823547,-0.019142581149935722,0.9646688103675842
13233.333333333396,0.5310834646224976,0.30603379011154175,-0.14435580372810364,0.9999400973320007,0.5303223133087158,0.29293131828308105,-0.12570255994796753,0.9999173283576965,0.531118631362915,0.2927932143211365,-0.1257288157939911,0.9998869895935059,0.5319005846977234,0.29250267148017883,-0.12570728361606598,0.9998650550842285,0.5259186625480652,0.29181116819381714,-0.14171528816223145,0.9999142289161682,0.5234508514404297,0.29105937480926514,-0.14172400534152985,0.9999024271965027,0.5206380486488342,0.2901627719402313,-0.1417498141527176,0.9999127388000488,0.5263316035270691,0.2951386868953705,-0.01932075433433056,0.9995978474617004,0.5109614133834839,0.29422709345817566,-0.09122788906097412,0.9999487996101379,0.5311359763145447,0.31784793734550476,-0.1030498594045639,0.9998869299888611,0.5256524085998535,0.31739023327827454,-0.12365312874317169,0.9999514818191528,0.5349813103675842,0.36558178067207336,0.07421334087848663,0.9997432827949524,0.4844479560852051,0.37185877561569214,-0.0834193155169487,0.9999381303787231,0.5346142053604126,0.4475345313549042,0.06332873553037643,0.470001757144928,0.4719511866569519,0.46974068880081177,-0.08888314664363861,0.9969098567962646,0.5479061603546143,0.4626973569393158,-0.1045793816447258,0.8305836319923401,0.5253185629844666,0.4542408585548401,-0.08499058336019516,0.993447482585907,0.5534998774528503,0.46624550223350525,-0.1359834372997284,0.809276282787323,0.5415877103805542,0.4583490788936615,-0.10187626630067825,0.9814562201499939,0.5543438792228699,0.45663702487945557,-0.15067802369594574,0.8203079104423523,0.5420064330101013,0.44310879707336426,-0.10502386093139648,0.9798425436019897,0.5503541827201843,0.4545188546180725,-0.11668474972248077,0.7906510233879089,0.5366161465644836,0.4394996166229248,-0.08306252211332321,0.9678001403808594,0.5304139852523804,0.5554031133651733,0.05013687163591385,0.9980779886245728,0.49801716208457947,0.5602794885635376,-0.050073396414518356,0.9981394410133362,0.528786838054657,0.700507402420044,0.05965570732951164,0.9112061262130737,0.5003945827484131,0.708320140838623,-0.036207135766744614,0.981109619140625,0.5248440504074097,0.824309766292572,0.17450837790966034,0.9411981701850891,0.498938649892807,0.8402317762374878,0.0738733559846878,0.9719481468200684,0.5185538530349731,0.8346472978591919,0.18037408590316772,0.9084420204162598,0.4960429072380066,0.8534246683120728,0.07972275465726852,0.8317133188247681,0.5368355512619019,0.8715076446533203,0.10110700130462646,0.9510579109191895,0.5153753161430359,0.8841966986656189,-0.019458705559372902,0.965038537979126
13266.66666666673,0.5310869812965393,0.30610939860343933,-0.1450873762369156,0.9999397993087769,0.5303255915641785,0.2929854989051819,-0.1263975203037262,0.9999167323112488,0.5311234593391418,0.2928438186645508,-0.12642425298690796,0.9998863935470581,0.53190678358078,0.2925474941730499,-0.1264016181230545,0.9998640418052673,0.5259191989898682,0.2918608784675598,-0.14231181144714355,0.9999136328697205,0.5234495997428894,0.2911042869091034,-0.14231988787651062,0.9999018907546997,0.5206376910209656,0.29020270705223083,-0.14234605431556702,0.9999123215675354,0.5263293981552124,0.29516926407814026,-0.019827812910079956,0.99959397315979,0.510966420173645,0.2942725718021393,-0.09130764752626419,0.9999486804008484,0.5311400890350342,0.31787607073783875,-0.10372916609048843,0.9998860359191895,0.5256559252738953,0.3174207806587219,-0.12420547008514404,0.999951183795929,0.5350285172462463,0.36554768681526184,0.07397611439228058,0.9997427463531494,0.4844515919685364,0.3718680143356323,-0.08351761847734451,0.9999387264251709,0.5346360802650452,0.44741901755332947,0.06266015022993088,0.46506601572036743,0.47198760509490967,0.4697418808937073,-0.08959368616342545,0.9969828128814697,0.547927975654602,0.46299540996551514,-0.1075996607542038,0.8281625509262085,0.5254753232002258,0.45437800884246826,-0.08967187255620956,0.9934136867523193,0.5535256266593933,0.4662124216556549,-0.13971048593521118,0.8065240383148193,0.5415999889373779,0.4583852291107178,-0.10736437141895294,0.9812722206115723,0.5543620586395264,0.4565984308719635,-0.15480221807956696,0.8177518844604492,0.5419918894767761,0.44320791959762573,-0.11070854216814041,0.9796391725540161,0.5503774881362915,0.4545847177505493,-0.11986062675714493,0.7876420617103577,0.5366485118865967,0.43975088000297546,-0.08792706578969955,0.9674811363220215,0.5304878950119019,0.5552195310592651,0.05013931915163994,0.9980724453926086,0.49805358052253723,0.5600000023841858,-0.050075843930244446,0.9981355667114258,0.5288792848587036,0.7002546787261963,0.06023307517170906,0.9107978343963623,0.5004408359527588,0.7080099582672119,-0.0363481268286705,0.9812506437301636,0.5248253345489502,0.8241633176803589,0.17557302117347717,0.9416189193725586,0.4988899528980255,0.8400437235832214,0.07372627407312393,0.9721537828445435,0.5185491442680359,0.8346266150474548,0.18139992654323578,0.9090137481689453,0.4959823787212372,0.8531780242919922,0.07956481724977493,0.8324717879295349,0.5368385910987854,0.8715302348136902,0.10216642171144485,0.9514814615249634,0.5153137445449829,0.8839423656463623,-0.019646871834993362,0.9653183817863464
13300.000000000064,0.5310877561569214,0.30610260367393494,-0.1502005159854889,0.9999361038208008,0.5303256511688232,0.292978972196579,-0.13136112689971924,0.999910831451416,0.5311245322227478,0.2928401231765747,-0.13138529658317566,0.9998774528503418,0.5319081544876099,0.29254552721977234,-0.13135665655136108,0.9998515844345093,0.525911808013916,0.291848361492157,-0.14754422008991241,0.9999098181724548,0.5234358310699463,0.29109612107276917,-0.14756138622760773,0.9998984932899475,0.5206269025802612,0.2901955544948578,-0.14759774506092072,0.9999103546142578,0.5263301134109497,0.2951708734035492,-0.024340329691767693,0.9995529055595398,0.510968029499054,0.2942756414413452,-0.09701505303382874,0.9999480247497559,0.5311480760574341,0.3178631365299225,-0.10869447886943817,0.9998735785484314,0.5256569981575012,0.3174186944961548,-0.12952539324760437,0.9999482035636902,0.5350310206413269,0.3652239441871643,0.0722552016377449,0.999698281288147,0.4845349192619324,0.37183791399002075,-0.09091523289680481,0.9999390244483948,0.5347875356674194,0.44742628931999207,0.06707506626844406,0.44077569246292114,0.47200387716293335,0.4696448743343353,-0.09317634254693985,0.9970788955688477,0.5469548106193542,0.463479220867157,-0.09130650013685226,0.7991187572479248,0.5254753828048706,0.4545549750328064,-0.08952024579048157,0.9933668971061707,0.5527227520942688,0.4680013656616211,-0.12044397741556168,0.7793716192245483,0.5415828824043274,0.4583739638328552,-0.1062777042388916,0.9810474514961243,0.5539204478263855,0.4578763544559479,-0.13687065243721008,0.7913171052932739,0.5419676899909973,0.4433450400829315,-0.10936843603849411,0.9794101119041443,0.5496740341186523,0.45620808005332947,-0.10395196825265884,0.7617366909980774,0.5366363525390625,0.4400328993797302,-0.08748436719179153,0.9671831727027893,0.5305732488632202,0.5550575256347656,0.05016469582915306,0.9979959726333618,0.4981808066368103,0.5598880648612976,-0.050102103501558304,0.9981122612953186,0.5289489030838013,0.6998965740203857,0.06069517135620117,0.9106952548027039,0.5004611611366272,0.7077359557151794,-0.037139903753995895,0.9813238382339478,0.5247811079025269,0.8240460157394409,0.17500737309455872,0.9423292279243469,0.49878910183906555,0.8400121927261353,0.07190193980932236,0.9724134802818298,0.5185242295265198,0.834557056427002,0.18061521649360657,0.909826934337616,0.49587196111679077,0.8531367778778076,0.07765626907348633,0.8328403234481812,0.536859929561615,0.8715342283248901,0.101335309445858,0.9521678686141968,0.5152892470359802,0.8839355707168579,-0.0216364748775959,0.9656496644020081
13333.333333333398,0.5310900807380676,0.30571237206459045,-0.15528737008571625,0.9999321103096008,0.5303164720535278,0.29268860816955566,-0.136461079120636,0.9999045133590698,0.5311172008514404,0.29258376359939575,-0.13648715615272522,0.9998682737350464,0.5319026112556458,0.2923165559768677,-0.13645832240581512,0.9998391270637512,0.5259010195732117,0.29160600900650024,-0.15239562094211578,0.9999054670333862,0.5234272480010986,0.29094788432121277,-0.1524164229631424,0.999894380569458,0.5206260085105896,0.29012003540992737,-0.1524563878774643,0.9999077916145325,0.5263310074806213,0.2951321005821228,-0.029596300795674324,0.999513566493988,0.510978639125824,0.2943190336227417,-0.10115444660186768,0.9999467134475708,0.5311866402626038,0.31754252314567566,-0.11391628533601761,0.9998614192008972,0.5256696343421936,0.31718432903289795,-0.134434774518013,0.9999449253082275,0.5353930592536926,0.36521047353744507,0.06721056997776031,0.9996532797813416,0.48457202315330505,0.3718430697917938,-0.093135766685009,0.999938428401947,0.535172700881958,0.4476444721221924,0.06670605391263962,0.4203933775424957,0.47187933325767517,0.46968233585357666,-0.09324563294649124,0.9971359968185425,0.5457128882408142,0.4656680226325989,-0.08933898061513901,0.7707250714302063,0.5248681902885437,0.45478555560112,-0.08869289606809616,0.9931639432907104,0.5503774881362915,0.4705294370651245,-0.11822249740362167,0.7521611452102661,0.5407542586326599,0.4578900635242462,-0.1052597314119339,0.9803934693336487,0.5515733361244202,0.4617207646369934,-0.13495399057865143,0.7647051215171814,0.5407001972198486,0.44327637553215027,-0.10865931212902069,0.9787178039550781,0.5483159422874451,0.45805785059928894,-0.10198771953582764,0.7356151342391968,0.5355058908462524,0.4401327669620514,-0.0868346244096756,0.966239869594574,0.5305806994438171,0.5549194812774658,0.05000865086913109,0.9979024529457092,0.4981922209262848,0.5595927238464355,-0.04994814842939377,0.9980753064155579,0.5289985537528992,0.6997312307357788,0.06097890064120293,0.9101929664611816,0.5004741549491882,0.7075203657150269,-0.037107937037944794,0.9812848567962646,0.5247035622596741,0.8239408135414124,0.1746242493391037,0.9426989555358887,0.49878740310668945,0.8399470448493958,0.07185845077037811,0.9724821448326111,0.5184519290924072,0.8344361186027527,0.18008394539356232,0.9098171591758728,0.4958728849887848,0.8530471324920654,0.07757015526294708,0.8323726654052734,0.5368561148643494,0.8715357780456543,0.09990081191062927,0.9525744915008545,0.5152347683906555,0.8839002847671509,-0.022139130160212517,0.9657717347145081
13366.666666666732,0.5310770869255066,0.3054819107055664,-0.1541088968515396,0.9999292492866516,0.5302942395210266,0.292585164308548,-0.13531899452209473,0.9999008178710938,0.5311042070388794,0.29250478744506836,-0.1353456825017929,0.9998629689216614,0.5318980813026428,0.29225465655326843,-0.13531813025474548,0.9998323917388916,0.5258585810661316,0.29148784279823303,-0.1512511819601059,0.9999029040336609,0.52338707447052,0.2908729612827301,-0.15127016603946686,0.9998918771743774,0.5206000208854675,0.29006773233413696,-0.1513064056634903,0.9999064803123474,0.526400089263916,0.2951222360134125,-0.028430150821805,0.9994938969612122,0.5109791159629822,0.2943307161331177,-0.10012808442115784,0.9999460577964783,0.5311970114707947,0.3174179196357727,-0.11272262781858444,0.9998559951782227,0.525668203830719,0.31708189845085144,-0.13324947655200958,0.9999433755874634,0.53574138879776,0.3650681674480438,0.06653684377670288,0.9996284246444702,0.48459094762802124,0.37182122468948364,-0.09178566932678223,0.9999380707740784,0.5354235172271729,0.4476255178451538,0.06062984839081764,0.4089365601539612,0.4718715250492096,0.46967771649360657,-0.08681964874267578,0.9971521496772766,0.5453222990036011,0.46560075879096985,-0.10067523270845413,0.7511014342308044,0.524231493473053,0.4551623463630676,-0.07928960025310516,0.9928876161575317,0.5488609075546265,0.4706874191761017,-0.1317252814769745,0.7325273752212524,0.5393425226211548,0.4572323262691498,-0.09592566639184952,0.9796099066734314,0.5496270656585693,0.4614744484424591,-0.14789170026779175,0.7455635666847229,0.539015531539917,0.4427010118961334,-0.10034273564815521,0.9778966307640076,0.5465155839920044,0.45793503522872925,-0.11330246925354004,0.7166005373001099,0.5342248678207397,0.440131813287735,-0.0778893381357193,0.9651204943656921,0.5306278467178345,0.554648220539093,0.04949488863348961,0.9978514313697815,0.49822744727134705,0.5591257214546204,-0.049432285130023956,0.9980663657188416,0.5291186571121216,0.6995309591293335,0.061085350811481476,0.9102905988693237,0.5005930066108704,0.706911027431488,-0.0369974747300148,0.9814009666442871,0.5247069001197815,0.8236274719238281,0.17428071796894073,0.9432530999183655,0.4987908601760864,0.8396093845367432,0.07198329269886017,0.9727450609207153,0.5184736847877502,0.834160566329956,0.1797105222940445,0.9098267555236816,0.4959715008735657,0.8525069355964661,0.07768150418996811,0.8323686122894287,0.5368508696556091,0.8715428709983826,0.09834146499633789,0.9530656337738037,0.5151357054710388,0.8837631344795227,-0.022467434406280518,0.9660555720329285
13400.000000000065,0.5309411287307739,0.303642600774765,-0.15351936221122742,0.9999293088912964,0.5301674008369446,0.2910337746143341,-0.13458211719989777,0.9999008774757385,0.5310245156288147,0.29108503460884094,-0.1346093714237213,0.9998628497123718,0.5318498015403748,0.29099589586257935,-0.13458330929279327,0.9998332858085632,0.5256197452545166,0.2899308204650879,-0.15050047636032104,0.9999035000801086,0.5231103301048279,0.28936678171157837,-0.1505175530910492,0.9998924732208252,0.5203023552894592,0.2887536287307739,-0.1505526751279831,0.9999074339866638,0.5264397859573364,0.2946363389492035,-0.02777915447950363,0.9994918704032898,0.5108498930931091,0.29386040568351746,-0.0990932509303093,0.9999457001686096,0.5311618447303772,0.3158867657184601,-0.11242086440324783,0.9998577833175659,0.5255677700042725,0.315430223941803,-0.1326364427804947,0.9999439716339111,0.5363807678222656,0.36510688066482544,0.06416070461273193,0.9996192455291748,0.48459967970848083,0.37181803584098816,-0.08633451163768768,0.9999369382858276,0.5375052094459534,0.4491715133190155,0.05343218147754669,0.4140937030315399,0.4715127944946289,0.4696579575538635,-0.08496205508708954,0.9970912337303162,0.5453767776489258,0.4660431146621704,-0.11438844352960587,0.7486475110054016,0.5226808190345764,0.4570449888706207,-0.08462300896644592,0.9924982786178589,0.5473072528839111,0.4704863727092743,-0.1474955976009369,0.7279715538024902,0.5369951725006104,0.4572462737560272,-0.10517150908708572,0.9786185622215271,0.5477353930473328,0.4594719409942627,-0.1622573584318161,0.7411274909973145,0.5367034077644348,0.44281402230262756,-0.11146677285432816,0.9768412709236145,0.5454505681991577,0.4572411775588989,-0.1262969821691513,0.7112046480178833,0.5323626399040222,0.4411563575267792,-0.08518960326910019,0.9635699391365051,0.5306369662284851,0.5541548728942871,0.04943538457155228,0.9978445768356323,0.49821215867996216,0.5582790970802307,-0.0493810661137104,0.9980658292770386,0.5292915105819702,0.6992518901824951,0.061127208173274994,0.9094876646995544,0.5008983016014099,0.7061472535133362,-0.0371696762740612,0.9813891053199768,0.5247116684913635,0.8235767483711243,0.17465214431285858,0.9433964490890503,0.498792439699173,0.8393011093139648,0.07224302738904953,0.9729209542274475,0.5184939503669739,0.8341173529624939,0.180162250995636,0.9089792966842651,0.4960208237171173,0.8521299362182617,0.07791004329919815,0.8315926790237427,0.5368115901947021,0.8716233372688293,0.09886971116065979,0.9531490802764893,0.5150043964385986,0.8835417032241821,-0.02250249870121479,0.966205358505249
13433.3333333334,0.530744731426239,0.3019944429397583,-0.15607617795467377,0.9999286532402039,0.5299902558326721,0.28937670588493347,-0.136826291680336,0.9999004006385803,0.5309123992919922,0.2895062565803528,-0.13685326278209686,0.999861478805542,0.5317875742912292,0.2895599901676178,-0.13682802021503448,0.9998322129249573,0.5252479314804077,0.2882527709007263,-0.15214398503303528,0.999904215335846,0.5227383971214294,0.28770026564598083,-0.15216445922851562,0.999893307685852,0.5199226140975952,0.28723737597465515,-0.1521969437599182,0.9999090433120728,0.526470422744751,0.29393962025642395,-0.030266931280493736,0.9994841814041138,0.5107148289680481,0.2930620014667511,-0.09937667101621628,0.9999462366104126,0.5311219692230225,0.31467169523239136,-0.11541924625635147,0.9998582005500793,0.5253677368164062,0.31393614411354065,-0.1350417137145996,0.9999445080757141,0.5369399785995483,0.3651709258556366,0.061049286276102066,0.9995784759521484,0.48460206389427185,0.3717867434024811,-0.08648130297660828,0.9999361634254456,0.5398615598678589,0.4505353271961212,0.0488523468375206,0.408444344997406,0.4713157117366791,0.4696415364742279,-0.08358848094940186,0.9970113635063171,0.5450676083564758,0.4672833979129791,-0.11829379200935364,0.7297459840774536,0.5212751030921936,0.45784199237823486,-0.08257564902305603,0.9919265508651733,0.545286238193512,0.4717859923839569,-0.15086211264133453,0.707699716091156,0.5349521040916443,0.45746415853500366,-0.10120858252048492,0.9771356582641602,0.5453342795372009,0.45938244462013245,-0.16518020629882812,0.7211418747901917,0.5349397659301758,0.4431837201118469,-0.10692159831523895,0.9752815961837769,0.543798565864563,0.4572572708129883,-0.13011302053928375,0.6911077499389648,0.5305305123329163,0.44228118658065796,-0.08229532092809677,0.9614182114601135,0.5306399464607239,0.5540849566459656,0.0494210459291935,0.9978170394897461,0.4982062876224518,0.5578754544258118,-0.04937099665403366,0.9980742335319519,0.5293230414390564,0.6992502212524414,0.06197012588381767,0.9096004962921143,0.5008995532989502,0.7061522006988525,-0.03674521669745445,0.9816620349884033,0.5247048139572144,0.8233875036239624,0.17795684933662415,0.9442816972732544,0.49868905544281006,0.8391851186752319,0.07492069900035858,0.9734972715377808,0.5184893012046814,0.8339712023735046,0.18363741040229797,0.9091687798500061,0.49596017599105835,0.852112352848053,0.08070077002048492,0.832096517086029,0.5368199944496155,0.8715771436691284,0.09964536875486374,0.9538769125938416,0.5149751901626587,0.8833687901496887,-0.02124779485166073,0.9668489694595337
13466.666666666733,0.5305672883987427,0.30121713876724243,-0.15567192435264587,0.9999279975891113,0.5298493504524231,0.2884780168533325,-0.13632245361804962,0.9998995065689087,0.530820906162262,0.28864797949790955,-0.13635040819644928,0.9998595118522644,0.5317352414131165,0.2887800931930542,-0.1363268494606018,0.9998307228088379,0.5249230265617371,0.287309467792511,-0.15157003700733185,0.9999043941497803,0.5223974585533142,0.28678733110427856,-0.15158915519714355,0.9998935461044312,0.5195189714431763,0.28637880086898804,-0.15162067115306854,0.9999101758003235,0.5265076756477356,0.2935608923435211,-0.02951408177614212,0.9994760751724243,0.5104706287384033,0.29239654541015625,-0.09836042672395706,0.9999462366104126,0.5310542583465576,0.31415748596191406,-0.11492707580327988,0.999858021736145,0.5250908732414246,0.3133147060871124,-0.1344563215970993,0.999944806098938,0.5370174050331116,0.36516278982162476,0.06122167408466339,0.9995493292808533,0.48463699221611023,0.3717213273048401,-0.08293212950229645,0.9999343156814575,0.539725661277771,0.4501292407512665,0.05118162930011749,0.40399929881095886,0.471221387386322,0.4695563316345215,-0.07833077758550644,0.9968662261962891,0.5445770025253296,0.4693489670753479,-0.11602041125297546,0.7134360671043396,0.5197842717170715,0.4607190489768982,-0.08266779035329819,0.9911680817604065,0.5446707010269165,0.4741615653038025,-0.1479179412126541,0.6905911564826965,0.5332879424095154,0.4599445164203644,-0.10159868746995926,0.9753602743148804,0.5441482663154602,0.4603208899497986,-0.16262772679328918,0.7044382095336914,0.5335339903831482,0.44647887349128723,-0.10766174644231796,0.9734575152397156,0.5427526831626892,0.4582105875015259,-0.1279444843530655,0.6744298934936523,0.5290401577949524,0.44629836082458496,-0.0825909674167633,0.9589700102806091,0.5306903123855591,0.5534992218017578,0.04870712012052536,0.997795045375824,0.49821457266807556,0.55662602186203,-0.04866647720336914,0.9980756044387817,0.52938312292099,0.6991763114929199,0.058877211064100266,0.9094778299331665,0.5009318590164185,0.7056100368499756,-0.03749723359942436,0.9816262722015381,0.5247000455856323,0.8233038187026978,0.17516030371189117,0.9447099566459656,0.49868935346603394,0.8390243649482727,0.07409825921058655,0.9737685322761536,0.5184779167175293,0.8339115977287292,0.18078503012657166,0.9084922671318054,0.49598756432533264,0.852049708366394,0.0797322615981102,0.8315352201461792,0.5367968082427979,0.8715614080429077,0.09523601084947586,0.9541314244270325,0.5149236917495728,0.8827522993087769,-0.023684320971369743,0.9670588970184326
13500.000000000067,0.5298441648483276,0.3010995090007782,-0.15280738472938538,0.9999294877052307,0.5293721556663513,0.28818923234939575,-0.13288715481758118,0.9999018907546997,0.5304471254348755,0.288347065448761,-0.13291926681995392,0.9998621940612793,0.531441330909729,0.28845149278640747,-0.13290759921073914,0.9998353719711304,0.5241208672523499,0.2870415449142456,-0.14649048447608948,0.9999070167541504,0.5215567946434021,0.28656378388404846,-0.146503284573555,0.9998961687088013,0.5185030102729797,0.2861783802509308,-0.14652763307094574,0.9999128580093384,0.5265242457389832,0.29332801699638367,-0.024732381105422974,0.999488890171051,0.5097749829292297,0.2923080027103424,-0.08648751676082611,0.9999470710754395,0.5306478142738342,0.31400275230407715,-0.11199869215488434,0.9998626112937927,0.5244202017784119,0.3131949007511139,-0.12949243187904358,0.9999464154243469,0.537006139755249,0.36500418186187744,0.06304925680160522,0.9995570778846741,0.48518937826156616,0.3714158535003662,-0.07158751785755157,0.9999325275421143,0.5402984619140625,0.44764989614486694,0.052221693098545074,0.41944772005081177,0.4706669747829437,0.46892157196998596,-0.08095517754554749,0.996712327003479,0.544681191444397,0.46843016147613525,-0.11522748321294785,0.7219327092170715,0.5170312523841858,0.4632941782474518,-0.11408376693725586,0.9907253980636597,0.5451233386993408,0.47286567091941833,-0.14841577410697937,0.6973744034767151,0.5303274393081665,0.4649288058280945,-0.1370416134595871,0.9744833111763,0.5441032648086548,0.4591462314128876,-0.1624840945005417,0.7109444737434387,0.5314907431602478,0.45199325680732727,-0.1436917781829834,0.9725763201713562,0.5426322817802429,0.4565550684928894,-0.1268637329339981,0.6799955368041992,0.5273259282112122,0.4500958323478699,-0.11499430984258652,0.957785427570343,0.5306939482688904,0.5529642701148987,0.048742346465587616,0.9978039264678955,0.4983028769493103,0.5558107495307922,-0.0487089604139328,0.9980801939964294,0.5293710827827454,0.6991562843322754,0.057262323796749115,0.9081360697746277,0.5013181567192078,0.7051429748535156,-0.04169484227895737,0.9815124273300171,0.5246719121932983,0.8233144283294678,0.17142248153686523,0.9441439509391785,0.4987010955810547,0.8390212059020996,0.06511428207159042,0.9738953113555908,0.518406093120575,0.8339610695838928,0.17693324387073517,0.9071548581123352,0.4959856867790222,0.8520494103431702,0.07035122811794281,0.8309148550033569,0.5367523431777954,0.8715618848800659,0.09366405755281448,0.9535055160522461,0.5149072408676147,0.8824268579483032,-0.03185727074742317,0.9669177532196045
13533.333333333401,0.5293919444084167,0.30115950107574463,-0.147115096449852,0.9999290108680725,0.5289941430091858,0.2881830334663391,-0.12737666070461273,0.999901533126831,0.5301265120506287,0.28832733631134033,-0.12740984559059143,0.9998608231544495,0.5311536192893982,0.2884000539779663,-0.12740179896354675,0.9998354315757751,0.5235973000526428,0.28705283999443054,-0.14038163423538208,0.9999071955680847,0.5209811925888062,0.2865806519985199,-0.14039114117622375,0.9998959302902222,0.5178757905960083,0.28619325160980225,-0.14041279256343842,0.9999133348464966,0.5265266299247742,0.29315581917762756,-0.019390780478715897,0.9994887709617615,0.5092996954917908,0.2923055589199066,-0.07891648262739182,0.9999461770057678,0.5303500294685364,0.3139757215976715,-0.10625831037759781,0.9998630881309509,0.5240336060523987,0.3132226765155792,-0.12300819903612137,0.9999464750289917,0.5369869470596313,0.364165723323822,0.0665782168507576,0.9995606541633606,0.48570072650909424,0.3710830807685852,-0.06469527631998062,0.9999296069145203,0.5401890873908997,0.4434284269809723,0.05286484956741333,0.43059787154197693,0.4703649878501892,0.4678972363471985,-0.08171775192022324,0.996583878993988,0.5446999669075012,0.465979665517807,-0.11353185027837753,0.7284230589866638,0.5168963074684143,0.4636766314506531,-0.12038937211036682,0.9904544353485107,0.5455498099327087,0.4717387855052948,-0.14817169308662415,0.7028265595436096,0.5303553938865662,0.46729207038879395,-0.1437249630689621,0.9740573167800903,0.5443218946456909,0.45882856845855713,-0.16114170849323273,0.7161319851875305,0.5315431952476501,0.4556470215320587,-0.15013939142227173,0.972177267074585,0.5425936579704285,0.4556386172771454,-0.12430374324321747,0.6845350861549377,0.52735435962677,0.45246371626853943,-0.1212431862950325,0.9572654962539673,0.5306990742683411,0.552084743976593,0.04847545549273491,0.9978052377700806,0.49848473072052,0.5548543334007263,-0.04844854027032852,0.9980737566947937,0.5293102860450745,0.6990091800689697,0.05079099163413048,0.9062764048576355,0.5018893480300903,0.7045087814331055,-0.04543685168027878,0.9812081456184387,0.5245305895805359,0.8233895897865295,0.16227871179580688,0.9430150985717773,0.4987254738807678,0.8390130996704102,0.057557363063097,0.9738368391990662,0.518017053604126,0.8341017961502075,0.1676802933216095,0.9055034518241882,0.4959212839603424,0.8520490527153015,0.06255847215652466,0.830156147480011,0.5366577506065369,0.8715543150901794,0.08637913316488266,0.9524091482162476,0.5149450898170471,0.8822169303894043,-0.038186173886060715,0.966509222984314
13566.666666666735,0.5289615988731384,0.30083394050598145,-0.16660045087337494,0.9999309182167053,0.5285692811012268,0.2874842882156372,-0.14665237069129944,0.9999039769172668,0.5297905802726746,0.28748223185539246,-0.14668884873390198,0.9998638033866882,0.530867874622345,0.2874176800251007,-0.14667248725891113,0.9998392462730408,0.5230254530906677,0.2866322696208954,-0.15962497889995575,0.9999098181724548,0.5203023552894592,0.28626278042793274,-0.1596366912126541,0.9998987317085266,0.5171536207199097,0.285966157913208,-0.15966884791851044,0.9999158382415771,0.5265268683433533,0.2922614514827728,-0.0357520654797554,0.9994969367980957,0.5086373686790466,0.29223793745040894,-0.0935198962688446,0.9999474287033081,0.5302035808563232,0.3135903477668762,-0.12444356083869934,0.999866783618927,0.5237628221511841,0.31304413080215454,-0.14123621582984924,0.9999479651451111,0.537020742893219,0.3637893497943878,0.059815503656864166,0.9995638728141785,0.4860984981060028,0.37101367115974426,-0.07791640609502792,0.9999298453330994,0.5400246381759644,0.44333013892173767,0.050235770642757416,0.43778491020202637,0.4698432683944702,0.467902272939682,-0.09563740342855453,0.9965543150901794,0.5447246432304382,0.46713387966156006,-0.11767261475324631,0.7340990900993347,0.5171884894371033,0.46477434039115906,-0.13375918567180634,0.9903010129928589,0.5457099080085754,0.47257566452026367,-0.15141232311725616,0.7078881859779358,0.5308732986450195,0.46917784214019775,-0.15703187882900238,0.9737327694892883,0.544566810131073,0.46111980080604553,-0.16611099243164062,0.7209798097610474,0.5318734645843506,0.45696067810058594,-0.1630610078573227,0.9718502163887024,0.5426931977272034,0.4563501179218292,-0.12913578748703003,0.688593864440918,0.527619481086731,0.4534340500831604,-0.13426156342029572,0.9568138718605042,0.5306965708732605,0.552173912525177,0.05005350336432457,0.9978092908859253,0.49858319759368896,0.5549134016036987,-0.05006160959601402,0.9980811476707458,0.5291306972503662,0.6993433833122253,0.06486506760120392,0.9040669202804565,0.5018683671951294,0.7045167088508606,-0.04452779144048691,0.9812409281730652,0.5242446660995483,0.8233745694160461,0.18320856988430023,0.9422899484634399,0.49848684668540955,0.8390085101127625,0.05932187661528587,0.9738611578941345,0.5175187587738037,0.8340932726860046,0.18914589285850525,0.9049192070960999,0.4952673316001892,0.8521173000335693,0.06448864936828613,0.8304447531700134,0.5366657376289368,0.8711569905281067,0.10744209587574005,0.9520004987716675,0.5149759650230408,0.8822146058082581,-0.0362972654402256,0.9664782881736755
13600.00000000007,0.5285962820053101,0.29967552423477173,-0.16601918637752533,0.9999335408210754,0.5281594395637512,0.2859805226325989,-0.14569054543972015,0.9999077916145325,0.5294737219810486,0.28588101267814636,-0.14572615921497345,0.9998688697814941,0.5306076407432556,0.2857534885406494,-0.14570850133895874,0.999845564365387,0.5225026607513428,0.2855227291584015,-0.1590493619441986,0.9999135136604309,0.5196701884269714,0.28530701994895935,-0.1590621918439865,0.9999027252197266,0.5165544152259827,0.28520429134368896,-0.1590939611196518,0.9999192953109741,0.5265105962753296,0.2909572720527649,-0.03417663276195526,0.9995144605636597,0.5081050992012024,0.2918817400932312,-0.09365641325712204,0.9999494552612305,0.5300768613815308,0.3124462962150574,-0.12359947711229324,0.9998724460601807,0.523481547832489,0.3121585547924042,-0.1408868134021759,0.999950110912323,0.5370188355445862,0.3637648820877075,0.06111204996705055,0.9995726346969604,0.4863593876361847,0.37074097990989685,-0.07894814014434814,0.9999301433563232,0.5399789810180664,0.44353872537612915,0.0507272407412529,0.44487982988357544,0.4697180688381195,0.4678599536418915,-0.09500905871391296,0.9964953064918518,0.5447753071784973,0.46762314438819885,-0.11682222783565521,0.739492654800415,0.5174909234046936,0.4660758376121521,-0.12798388302326202,0.9900842308998108,0.5458768010139465,0.47477585077285767,-0.14985626935958862,0.7129940390586853,0.5311421751976013,0.47240206599235535,-0.1512165367603302,0.9733107686042786,0.5448723435401917,0.4625113308429718,-0.16449886560440063,0.7259929180145264,0.5322034358978271,0.4594772458076477,-0.15760917961597443,0.9714503884315491,0.5428568720817566,0.4582492411136627,-0.12817853689193726,0.6931172609329224,0.5278328657150269,0.4559934139251709,-0.12857607007026672,0.9563069939613342,0.5306695103645325,0.5522463917732239,0.050987131893634796,0.99784916639328,0.4986383616924286,0.5549706816673279,-0.05100411921739578,0.9981063008308411,0.5290504693984985,0.6997677683830261,0.06488070636987686,0.9033563733100891,0.5018591284751892,0.7045309543609619,-0.044030677527189255,0.9812484979629517,0.5241863131523132,0.82340008020401,0.1867225617170334,0.9422797560691833,0.4983547031879425,0.8389217257499695,0.0686880424618721,0.9739848375320435,0.5173385143280029,0.8341227173805237,0.1930103600025177,0.904766857624054,0.4949696958065033,0.8521048426628113,0.07490646094083786,0.8305476903915405,0.5366128087043762,0.8709600567817688,0.11021623015403748,0.9519922137260437,0.5147556662559509,0.8820662498474121,-0.0285391416400671,0.9665923714637756
13633.333333333403,0.528566837310791,0.29847684502601624,-0.1631522923707962,0.999934196472168,0.528070867061615,0.28505292534828186,-0.14355748891830444,0.999908983707428,0.5293537378311157,0.28495022654533386,-0.14359162747859955,0.9998700022697449,0.5304507613182068,0.28484809398651123,-0.14357446134090424,0.9998472332954407,0.522473931312561,0.28472429513931274,-0.1569904386997223,0.9999149441719055,0.5196440815925598,0.2845705449581146,-0.15700143575668335,0.999904453754425,0.516530454158783,0.28454047441482544,-0.15703116357326508,0.9999210238456726,0.5263301134109497,0.2901930809020996,-0.032811637967824936,0.9995152950286865,0.5080001354217529,0.2913539409637451,-0.09388575702905655,0.9999504685401917,0.5299895405769348,0.31137335300445557,-0.12133105844259262,0.9998742341995239,0.5234407186508179,0.31119614839553833,-0.13892869651317596,0.9999509453773499,0.5370092988014221,0.3635835349559784,0.06555335223674774,0.9995665550231934,0.4865436255931854,0.37043002247810364,-0.0829736664891243,0.999929666519165,0.5398948788642883,0.4436362683773041,0.06249050050973892,0.4415118992328644,0.46974459290504456,0.46770602464675903,-0.09046826511621475,0.9964684844017029,0.544816255569458,0.4684147834777832,-0.10157131403684616,0.7347064018249512,0.5177241563796997,0.46731671690940857,-0.10226617753505707,0.98996502161026,0.5459904074668884,0.47815749049186707,-0.13475067913532257,0.7085171341896057,0.5313406586647034,0.47448378801345825,-0.12362956255674362,0.9731378555297852,0.5450741648674011,0.46567076444625854,-0.15186570584774017,0.7218497395515442,0.5324565172195435,0.4614443778991699,-0.13266606628894806,0.9713377952575684,0.5429580807685852,0.4611557424068451,-0.11438161879777908,0.6890818476676941,0.5280128121376038,0.457954078912735,-0.10330813378095627,0.9562261700630188,0.5306736826896667,0.5521581768989563,0.05245412513613701,0.9978645443916321,0.498952180147171,0.5549225211143494,-0.052461083978414536,0.9981115460395813,0.5290486812591553,0.6998043060302734,0.0641116350889206,0.901648759841919,0.5021526217460632,0.7044051289558411,-0.044908881187438965,0.9809612035751343,0.524043619632721,0.8236628770828247,0.184344083070755,0.9416446685791016,0.49830809235572815,0.8387269377708435,0.06844352930784225,0.973861038684845,0.5170093774795532,0.8344559073448181,0.190434068441391,0.9042578935623169,0.49461644887924194,0.8520986437797546,0.0745982900261879,0.8302620053291321,0.5365039706230164,0.8708494901657104,0.10810388624668121,0.9515512585639954,0.5146381855010986,0.8817080855369568,-0.028457384556531906,0.9664676189422607
13666.666666666737,0.5285650491714478,0.29810795187950134,-0.1568513959646225,0.9999351501464844,0.5280233025550842,0.28478047251701355,-0.13609185814857483,0.9999107122421265,0.5292671322822571,0.2846951484680176,-0.13612376153469086,0.9998723268508911,0.5303145051002502,0.2846248149871826,-0.1361057460308075,0.9998505115509033,0.5224928259849548,0.2844107449054718,-0.15157726407051086,0.9999165534973145,0.5196812748908997,0.284252405166626,-0.15159611403942108,0.9999062418937683,0.516575038433075,0.2842085361480713,-0.1516275256872177,0.9999226331710815,0.5260499715805054,0.2900305986404419,-0.024315422400832176,0.9995227456092834,0.5079283118247986,0.2910458743572235,-0.09298837184906006,0.9999513626098633,0.5299041867256165,0.3110538721084595,-0.11440636217594147,0.9998770952224731,0.5234233140945435,0.31086254119873047,-0.1344335377216339,0.999951958656311,0.5369834899902344,0.3635990619659424,0.07237276434898376,0.9995755553245544,0.48662421107292175,0.3703559935092926,-0.08358463644981384,0.9999289512634277,0.5398657321929932,0.443742573261261,0.07270751893520355,0.442237913608551,0.469752699136734,0.46768704056739807,-0.08870656788349152,0.9964631199836731,0.544850766658783,0.4704551696777344,-0.08781185746192932,0.7352463603019714,0.518244206905365,0.46851304173469543,-0.09550365060567856,0.9899191856384277,0.5460796356201172,0.48324060440063477,-0.12126495689153671,0.7092807292938232,0.5316668748855591,0.4767756760120392,-0.11701419949531555,0.9731395244598389,0.5452190637588501,0.4708597958087921,-0.14015254378318787,0.7228783369064331,0.5336606502532959,0.4637407958507538,-0.12521615624427795,0.9713857769966125,0.5430499911308289,0.4651871919631958,-0.10139919072389603,0.6903694868087769,0.529127299785614,0.46009522676467896,-0.09614818543195724,0.9563079476356506,0.5306987166404724,0.5516766309738159,0.0535551980137825,0.9979133605957031,0.4993005096912384,0.5544049739837646,-0.053541917353868484,0.9981383085250854,0.529035210609436,0.6997758746147156,0.05918429419398308,0.9002723693847656,0.5024141073226929,0.703948438167572,-0.04883037507534027,0.9805686473846436,0.5237265825271606,0.8238493800163269,0.18404652178287506,0.9408977031707764,0.4983324706554413,0.8387439846992493,0.06531088054180145,0.9737816452980042,0.5166808366775513,0.8347611427307129,0.18962165713310242,0.9041332006454468,0.49462732672691345,0.8523235321044922,0.0713905319571495,0.8305773138999939,0.5364161729812622,0.8707450032234192,0.10708222538232803,0.9509987235069275,0.5146382451057434,0.8814817070960999,-0.03147372603416443,0.9663152694702148
13700.000000000071,0.5285516977310181,0.2981976866722107,-0.15769220888614655,0.9999365210533142,0.527980387210846,0.2848855257034302,-0.13679508864879608,0.9999127388000488,0.5292031168937683,0.28481096029281616,-0.13682612776756287,0.9998748898506165,0.5302247405052185,0.2847426235675812,-0.13680590689182281,0.9998537302017212,0.5224938988685608,0.2844437062740326,-0.15263710916042328,0.9999186992645264,0.5196923017501831,0.28425994515419006,-0.1526588499546051,0.9999086856842041,0.5165876746177673,0.2841828167438507,-0.15269246697425842,0.9999248385429382,0.5259195566177368,0.2900761365890503,-0.024432169273495674,0.9995291233062744,0.5078521370887756,0.2909955382347107,-0.09534177929162979,0.9999526143074036,0.529825747013092,0.31112438440322876,-0.11496331542730331,0.9998793005943298,0.5234020352363586,0.31090039014816284,-0.13540104031562805,0.9999529719352722,0.5369755625724792,0.3638165593147278,0.07224548608064651,0.9995746612548828,0.4866805672645569,0.3703556954860687,-0.08861622214317322,0.9999286532402039,0.5394809246063232,0.4440609812736511,0.07510928064584732,0.4360669255256653,0.46984025835990906,0.46781155467033386,-0.08989895135164261,0.9964600801467896,0.5447977185249329,0.4746643602848053,-0.08280859887599945,0.7280376553535461,0.5191242098808289,0.471169650554657,-0.09684712439775467,0.98978590965271,0.5461171865463257,0.488026887178421,-0.1154959425330162,0.7028425931930542,0.5325642228126526,0.48022347688674927,-0.11827816069126129,0.9729407429695129,0.545295000076294,0.47439083456993103,-0.13505110144615173,0.716952919960022,0.5350428223609924,0.46677371859550476,-0.12591421604156494,0.9712316393852234,0.5430867671966553,0.46932661533355713,-0.09665048122406006,0.6846975684165955,0.5304471850395203,0.46320489048957825,-0.09726978838443756,0.9560897946357727,0.530672013759613,0.5516858100891113,0.0541478767991066,0.9979495406150818,0.4994400441646576,0.554440438747406,-0.054127857089042664,0.998167097568512,0.5290153622627258,0.699859619140625,0.05796992406249046,0.9002476930618286,0.502406895160675,0.7039582133293152,-0.04898826405405998,0.9805206060409546,0.5237258672714233,0.8240280747413635,0.1840338408946991,0.941095769405365,0.49822843074798584,0.8388683199882507,0.06570477038621902,0.9742216467857361,0.5166729092597961,0.8350781798362732,0.19034382700920105,0.9052632451057434,0.49446597695350647,0.8525108695030212,0.07154722511768341,0.8330815434455872,0.5364023447036743,0.8707276582717896,0.10857953131198883,0.9513485431671143,0.5146068334579468,0.8815087676048279,-0.03077581152319908,0.9668440818786621
13733.333333333405,0.5285253524780273,0.298269122838974,-0.1648235023021698,0.9999372363090515,0.5279247164726257,0.2849712669849396,-0.1440272331237793,0.9999136328697205,0.5291293859481812,0.2849010229110718,-0.1440565437078476,0.9998760223388672,0.5301329493522644,0.2848306894302368,-0.14403387904167175,0.9998555183410645,0.5224910974502563,0.2844882011413574,-0.16008029878139496,0.9999198913574219,0.5197029709815979,0.2842886745929718,-0.16010458767414093,0.9999101758003235,0.5166056156158447,0.28419002890586853,-0.16014307737350464,0.9999262094497681,0.525830864906311,0.2900983989238739,-0.031487662345170975,0.9995273351669312,0.5078343749046326,0.29099568724632263,-0.10389310866594315,0.9999532103538513,0.5297472476959229,0.31117919087409973,-0.12193433940410614,0.9998811483383179,0.5233907103538513,0.31093108654022217,-0.1427028924226761,0.9999538064002991,0.5369963049888611,0.3642413914203644,0.06863756477832794,0.9995772838592529,0.4867323338985443,0.37034904956817627,-0.09696510434150696,0.9999284744262695,0.5403651595115662,0.44524627923965454,0.07115602493286133,0.436308890581131,0.46985960006713867,0.468065083026886,-0.09829263389110565,0.9964885115623474,0.544815719127655,0.47780564427375793,-0.09000170230865479,0.7247001528739929,0.5191835761070251,0.47472241520881653,-0.10979533940553665,0.9897201061248779,0.5460475087165833,0.4911775290966034,-0.1227601021528244,0.6992819905281067,0.5326485633850098,0.4847669303417206,-0.13354156911373138,0.9728754758834839,0.5453823804855347,0.4783265292644501,-0.1392347663640976,0.7138162851333618,0.5350983738899231,0.4706704318523407,-0.1412006914615631,0.9712062478065491,0.5431469678878784,0.4727902412414551,-0.10304588824510574,0.6812995672225952,0.5307095050811768,0.46700650453567505,-0.11049234122037888,0.9559426307678223,0.5306726098060608,0.5515644550323486,0.05511140823364258,0.9980137348175049,0.49951016902923584,0.5542388558387756,-0.05509868636727333,0.9982143640518188,0.5290192365646362,0.699922502040863,0.06045851856470108,0.9020474553108215,0.5021929144859314,0.7038967609405518,-0.04794396832585335,0.9810298681259155,0.5236682891845703,0.8240703344345093,0.19070115685462952,0.9428011775016785,0.4981204867362976,0.8387573957443237,0.07225456088781357,0.975300669670105,0.5166419148445129,0.835256814956665,0.1976008266210556,0.907716691493988,0.49447235465049744,0.8524821996688843,0.07875801622867584,0.8377493619918823,0.5363943576812744,0.870840847492218,0.11419302970170975,0.9528685808181763,0.5145621299743652,0.8815184235572815,-0.026182454079389572,0.9681721329689026
13766.666666666739,0.5284401178359985,0.298312246799469,-0.18480873107910156,0.9999380111694336,0.5278221368789673,0.2850067615509033,-0.16421237587928772,0.9999148845672607,0.5290168523788452,0.2849474847316742,-0.16423480212688446,0.9998774528503418,0.5300132036209106,0.28488731384277344,-0.1642121970653534,0.999857485294342,0.5224446654319763,0.28451618552207947,-0.1806582361459732,0.9999213814735413,0.5196563005447388,0.284312903881073,-0.18069452047348022,0.9999120831489563,0.5165669322013855,0.28420889377593994,-0.18073917925357819,0.9999279975891113,0.5257285833358765,0.29012957215309143,-0.04980878904461861,0.9995260238647461,0.5077261924743652,0.2909994125366211,-0.12401290237903595,0.9999546408653259,0.5295830368995667,0.31120765209198,-0.1408756822347641,0.9998834133148193,0.523327648639679,0.3109641373157501,-0.16221171617507935,0.9999548196792603,0.5369945764541626,0.3644028604030609,0.05938190594315529,0.9995744228363037,0.48683926463127136,0.37032049894332886,-0.12016970664262772,0.9999300241470337,0.5409258604049683,0.4463063180446625,0.06478990614414215,0.43158915638923645,0.47021326422691345,0.4681207537651062,-0.11735107004642487,0.9964963793754578,0.5448086857795715,0.48462462425231934,-0.09752081334590912,0.7119311094284058,0.5206730961799622,0.48082172870635986,-0.12155617028474808,0.9892617464065552,0.5455291271209717,0.4964124262332916,-0.13065080344676971,0.6868525743484497,0.5333861708641052,0.4909237325191498,-0.1452016979455948,0.9720143675804138,0.5452991127967834,0.482998251914978,-0.15068881213665009,0.7019914388656616,0.5359205603599548,0.4775974452495575,-0.15327896177768707,0.9703888893127441,0.543219804763794,0.47843629121780396,-0.11199572682380676,0.6692600250244141,0.5319888591766357,0.4740302860736847,-0.1222776472568512,0.9546842575073242,0.5305820107460022,0.5515636801719666,0.058761171996593475,0.9980653524398804,0.4994957745075226,0.554034411907196,-0.058763086795806885,0.9982638359069824,0.5289930701255798,0.7002516388893127,0.0698656290769577,0.9022055268287659,0.5020383596420288,0.7036495208740234,-0.04732013866305351,0.9815877079963684,0.5235232710838318,0.8240858316421509,0.19739742577075958,0.9440503120422363,0.49777087569236755,0.8384351134300232,0.07418380677700043,0.9763981699943542,0.516425609588623,0.8353574275970459,0.20401206612586975,0.9098761081695557,0.4942774474620819,0.8522957563400269,0.08073777705430984,0.8429003953933716,0.5362831950187683,0.8708629012107849,0.12050236761569977,0.9542196989059448,0.5145859718322754,0.8815236687660217,-0.024274589493870735,0.9695841670036316
13800.000000000073,0.5283328890800476,0.29836854338645935,-0.1862427294254303,0.9999408721923828,0.5276919603347778,0.2850355803966522,-0.16540361940860748,0.9999185800552368,0.5289083123207092,0.2849600315093994,-0.16543078422546387,0.9998824000358582,0.5299224257469177,0.28487327694892883,-0.16540950536727905,0.9998633861541748,0.5223318338394165,0.28454187512397766,-0.18098916113376617,0.9999251365661621,0.5195176601409912,0.2843390107154846,-0.1810189038515091,0.9999163746833801,0.5164512991905212,0.28422847390174866,-0.18105822801589966,0.9999315142631531,0.5257080793380737,0.2900775671005249,-0.05103471502661705,0.9995399117469788,0.5076076984405518,0.2910034656524658,-0.12144811451435089,0.9999570250511169,0.529513418674469,0.311250239610672,-0.14251281321048737,0.9998895525932312,0.5232288837432861,0.3109973073005676,-0.16273124516010284,0.9999571442604065,0.5369865298271179,0.3646443486213684,0.059237632900476456,0.9995887875556946,0.4869702458381653,0.37019258737564087,-0.11793249100446701,0.9999333620071411,0.5440981388092041,0.4469427466392517,0.06274818629026413,0.44389334321022034,0.4702715277671814,0.4684211015701294,-0.11670734733343124,0.9965385794639587,0.5452798008918762,0.48390695452690125,-0.10454683005809784,0.7160933613777161,0.5207980275154114,0.48442342877388,-0.12809008359909058,0.989271879196167,0.5455640554428101,0.49635598063468933,-0.138081893324852,0.6890802979469299,0.5333927273750305,0.4957098066806793,-0.15256565809249878,0.972163200378418,0.5451635718345642,0.4854162037372589,-0.15673407912254333,0.704218327999115,0.5359617471694946,0.4826851189136505,-0.16057449579238892,0.970596194267273,0.5432737469673157,0.4804442822933197,-0.1181260347366333,0.670890212059021,0.5322420597076416,0.47834426164627075,-0.1289040744304657,0.9548822045326233,0.5304384827613831,0.5524356961250305,0.06088773533701897,0.9981459975242615,0.4993896484375,0.5542513728141785,-0.06091979891061783,0.9983401298522949,0.5288554430007935,0.7006717324256897,0.08776167035102844,0.9015610814094543,0.5012437105178833,0.7036539316177368,-0.04271026328206062,0.9822067618370056,0.5234201550483704,0.8239006996154785,0.21745045483112335,0.9448014497756958,0.4969135522842407,0.8383901119232178,0.07886531949043274,0.9773266911506653,0.516367495059967,0.8353214263916016,0.22452475130558014,0.911683976650238,0.49313682317733765,0.8524169921875,0.08553178608417511,0.8471548557281494,0.5362774133682251,0.8708059191703796,0.14455389976501465,0.955299973487854,0.5147450566291809,0.8816242814064026,-0.01732858642935753,0.970839262008667
13833.333333333407,0.5283319354057312,0.29839026927948,-0.18118803203105927,0.9999439120292664,0.5276888012886047,0.2850532531738281,-0.16191443800926208,0.9999225735664368,0.5288981199264526,0.28498977422714233,-0.16193722188472748,0.9998880624771118,0.5299035310745239,0.284912109375,-0.16190695762634277,0.9998704791069031,0.5223389863967896,0.2845655381679535,-0.1784650981426239,0.9999288320541382,0.5195255279541016,0.2843776047229767,-0.17850306630134583,0.9999204874038696,0.516460657119751,0.28427428007125854,-0.17858147621154785,0.999934732913971,0.52568519115448,0.29009854793548584,-0.048698220402002335,0.9995613098144531,0.5076145529747009,0.2910618484020233,-0.11919306218624115,0.9999589920043945,0.5294898152351379,0.3112744390964508,-0.13732366263866425,0.9998966455459595,0.5232225656509399,0.31101951003074646,-0.15803839266300201,0.9999595880508423,0.5369718670845032,0.36489337682724,0.06131114065647125,0.999615490436554,0.48716047406196594,0.3700624108314514,-0.10998494923114777,0.9999361038208008,0.5478990077972412,0.4481269121170044,0.06656060367822647,0.4741016924381256,0.4702358841896057,0.46842384338378906,-0.11296693980693817,0.9965713620185852,0.5473172664642334,0.4832341969013214,-0.09444015473127365,0.7329052686691284,0.5185535550117493,0.48634257912635803,-0.12333216518163681,0.9894001483917236,0.545822262763977,0.4991433620452881,-0.12810967862606049,0.7041462659835815,0.5306941866874695,0.5001102089881897,-0.14815276861190796,0.9726254343986511,0.5448867678642273,0.4912168085575104,-0.14615173637866974,0.7187234163284302,0.533160924911499,0.48867344856262207,-0.15672029554843903,0.9711267352104187,0.5433124303817749,0.48486095666885376,-0.10717926174402237,0.6856738924980164,0.5301125049591064,0.4828718304634094,-0.1245509684085846,0.9556317925453186,0.5298277139663696,0.5538228750228882,0.06090598925948143,0.9982472658157349,0.4990009367465973,0.5550252795219421,-0.060935404151678085,0.9984169602394104,0.5281725525856018,0.7014827132225037,0.0863349586725235,0.9003679752349854,0.5001896619796753,0.7039975523948669,-0.03857610374689102,0.9825734496116638,0.5232049822807312,0.8233804106712341,0.2077542394399643,0.9448687434196472,0.4959719777107239,0.8377712965011597,0.08035313338041306,0.9779209494590759,0.5162025094032288,0.8349870443344116,0.21422657370567322,0.9128552675247192,0.4921697974205017,0.8524026274681091,0.08681350201368332,0.8495161533355713,0.5362215042114258,0.8705746531486511,0.13582740724086761,0.9558238387107849,0.5147942304611206,0.8816407322883606,-0.013144239783287048,0.9716529846191406
13866.66666666674,0.5283383727073669,0.29846227169036865,-0.17961911857128143,0.999946653842926,0.5276902318000793,0.2851100564002991,-0.1593184620141983,0.9999259114265442,0.528896152973175,0.2850174605846405,-0.159348726272583,0.9998928904533386,0.5298985838890076,0.28493157029151917,-0.1593284010887146,0.9998764395713806,0.52234947681427,0.2846946120262146,-0.17437979578971863,0.9999321699142456,0.5195459723472595,0.2845630943775177,-0.1744043081998825,0.9999241828918457,0.5164911150932312,0.28450337052345276,-0.1744452267885208,0.9999375343322754,0.5256845355033875,0.2901097238063812,-0.047791220247745514,0.999577522277832,0.5076597929000854,0.2914467751979828,-0.11491696536540985,0.9999606609344482,0.5294899344444275,0.3113684356212616,-0.13711394369602203,0.9999022483825684,0.5232373476028442,0.3111393451690674,-0.15636616945266724,0.9999614953994751,0.5369759202003479,0.36561235785484314,0.0577782541513443,0.9996374249458313,0.48732680082321167,0.3700515925884247,-0.1088012233376503,0.9999389052391052,0.5485588312149048,0.45037341117858887,0.06628099083900452,0.4995378255844116,0.4701042175292969,0.46841883659362793,-0.1106763631105423,0.9965871572494507,0.5476228594779968,0.48759934306144714,-0.08997533470392227,0.7467015981674194,0.516696572303772,0.4905087947845459,-0.13277077674865723,0.9893513917922974,0.54581218957901,0.5067624449729919,-0.12244454771280289,0.7161034345626831,0.5288310647010803,0.5050065517425537,-0.1587364673614502,0.9726510643959045,0.5440611243247986,0.4989745020866394,-0.14118920266628265,0.7302169799804688,0.5310697555541992,0.4933098554611206,-0.16738061606884003,0.9711782932281494,0.5430576801300049,0.4914854168891907,-0.10262341052293777,0.6971995234489441,0.5283847451210022,0.486947625875473,-0.13442526757717133,0.9556651711463928,0.5290895700454712,0.5555449724197388,0.06147676333785057,0.9983334541320801,0.4987693727016449,0.5568186044692993,-0.061518196016550064,0.9984940886497498,0.5277451872825623,0.7019739747047424,0.09756460785865784,0.8965912461280823,0.49947696924209595,0.7050407528877258,-0.03244655951857567,0.9827995896339417,0.5230503082275391,0.8232229948043823,0.2071254551410675,0.9442927241325378,0.4953285753726959,0.8377718925476074,0.0794389471411705,0.9782963395118713,0.516019880771637,0.8349766135215759,0.21269561350345612,0.9137778878211975,0.4917438328266144,0.8530986905097961,0.08556146919727325,0.8507660031318665,0.5362170338630676,0.8704884648323059,0.13712872564792633,0.9559527039527893,0.5150823593139648,0.8819896578788757,-0.01276715099811554,0.9721701741218567
13900.000000000075,0.5284345746040344,0.29869285225868225,-0.17790661752223969,0.9999492764472961,0.5277520418167114,0.2853868007659912,-0.15748468041419983,0.999928891658783,0.5289347767829895,0.28526097536087036,-0.1575160175561905,0.9998972415924072,0.529920756816864,0.2851264178752899,-0.15749825537204742,0.9998817443847656,0.5224743485450745,0.2849901616573334,-0.17224755883216858,0.9999353289604187,0.5197045207023621,0.28488239645957947,-0.17226919531822205,0.999927818775177,0.5166711211204529,0.2848278284072876,-0.17230215668678284,0.9999402761459351,0.5256862044334412,0.29024702310562134,-0.046689845621585846,0.9995911717414856,0.5078176259994507,0.29174089431762695,-0.11317726969718933,0.9999622106552124,0.529522716999054,0.31155627965927124,-0.13574007153511047,0.9999073147773743,0.523304283618927,0.31128430366516113,-0.15479962527751923,0.9999633431434631,0.5370009541511536,0.36671867966651917,0.05614437162876129,0.9996563196182251,0.48739078640937805,0.36999860405921936,-0.10793525725603104,0.9999417662620544,0.5485058426856995,0.4529918432235718,0.0688771903514862,0.519644021987915,0.47023677825927734,0.46858492493629456,-0.10987941175699234,0.996652364730835,0.5477198362350464,0.4942682981491089,-0.07298939675092697,0.7574829459190369,0.5159612894058228,0.4966825246810913,-0.1348031461238861,0.9894657731056213,0.5456610321998596,0.515228807926178,-0.10369692742824554,0.7251428961753845,0.5278721451759338,0.5125609040260315,-0.16091887652873993,0.9730334877967834,0.5433362126350403,0.5087597370147705,-0.12447213381528854,0.7390742301940918,0.5300803184509277,0.5015715956687927,-0.16964022815227509,0.9715947508811951,0.5427657961845398,0.5005989670753479,-0.08612527698278427,0.7060629725456238,0.5273377895355225,0.49402663111686707,-0.1365301012992859,0.9561926126480103,0.5291165113449097,0.5558464527130127,0.060823407024145126,0.9984154105186462,0.4987766444683075,0.556941032409668,-0.060855887830257416,0.998569667339325,0.5276473760604858,0.7022702097892761,0.08872663229703903,0.8952064514160156,0.49874070286750793,0.7054917812347412,-0.03417322412133217,0.9829881191253662,0.5229422450065613,0.82320636510849,0.19932907819747925,0.9440516233444214,0.494780957698822,0.8377443552017212,0.07682953774929047,0.9786534905433655,0.5157999992370605,0.8349866271018982,0.2038160115480423,0.9147889018058777,0.49135032296180725,0.8535398840904236,0.08226866275072098,0.8509313464164734,0.5361843705177307,0.8705385327339172,0.13348187506198883,0.9562996029853821,0.5151339769363403,0.8821525573730469,-0.01310279592871666,0.9726542234420776
13933.333333333409,0.5288586020469666,0.2989828884601593,-0.18304157257080078,0.9999514818191528,0.5280051231384277,0.285732239484787,-0.16314278542995453,0.9999311566352844,0.5291070342063904,0.28560367226600647,-0.1631721407175064,0.9999006390571594,0.5300295352935791,0.28545182943344116,-0.1631569117307663,0.9998858571052551,0.5229179263114929,0.2852908968925476,-0.17844046652317047,0.9999379515647888,0.5202040076255798,0.28515875339508057,-0.17846432328224182,0.9999309182167053,0.5172315835952759,0.2850996255874634,-0.17849349975585938,0.9999426007270813,0.5256859660148621,0.29050302505493164,-0.05351962894201279,0.9995993375778198,0.508225679397583,0.2919433116912842,-0.1230500265955925,0.9999635219573975,0.5297380089759827,0.3118313252925873,-0.14104647934436798,0.9999116063117981,0.523666262626648,0.31147414445877075,-0.16096782684326172,0.9999649524688721,0.5369990468025208,0.3675251007080078,0.052772510796785355,0.9996741414070129,0.48754727840423584,0.36998483538627625,-0.11843762546777725,0.9999449253082275,0.548224151134491,0.4549742639064789,0.06919228285551071,0.5371856689453125,0.4703984558582306,0.46892720460891724,-0.11671413481235504,0.9967291951179504,0.5476705431938171,0.4980239272117615,-0.07243511080741882,0.7675207257270813,0.5152835249900818,0.5020784139633179,-0.14105039834976196,0.9896601438522339,0.5453249216079712,0.5194832682609558,-0.10284168273210526,0.7337563037872314,0.5269042253494263,0.5201900601387024,-0.167207270860672,0.9736107587814331,0.5426996350288391,0.5124209523200989,-0.12370524555444717,0.7475482821464539,0.5294204354286194,0.5104782581329346,-0.17617915570735931,0.9722070097923279,0.5423364639282227,0.5039805769920349,-0.08561976253986359,0.7143336534500122,0.5266938209533691,0.5020080804824829,-0.14273102581501007,0.9569758176803589,0.5290414690971375,0.5567217469215393,0.06206512823700905,0.9984861016273499,0.49871668219566345,0.5575547218322754,-0.06210578978061676,0.9986379146575928,0.5275014638900757,0.7026975154876709,0.0918843224644661,0.8925580382347107,0.4984017312526703,0.707240641117096,-0.034879233688116074,0.9830033779144287,0.5225244760513306,0.8232105374336243,0.19899429380893707,0.9435282945632935,0.494459331035614,0.8379435539245605,0.07544391602277756,0.9788958430290222,0.5150595903396606,0.8350881934165955,0.20317251980304718,0.915630042552948,0.4909313917160034,0.8543667197227478,0.08063743263483047,0.8515741229057312,0.5360553860664368,0.8706650733947754,0.12979988753795624,0.9565601348876953,0.5152749419212341,0.8824535608291626,-0.014698762446641922,0.9730908870697021
13966.666666666742,0.5295242667198181,0.2993702292442322,-0.19554947316646576,0.9999525547027588,0.5284165143966675,0.28610959649086,-0.17622825503349304,0.9999313354492188,0.529389500617981,0.2859489619731903,-0.1762492060661316,0.9999009370803833,0.5302096009254456,0.28575682640075684,-0.17623208463191986,0.9998860955238342,0.5236241817474365,0.2856869697570801,-0.19242416322231293,0.9999393820762634,0.5209659934043884,0.28550541400909424,-0.19245871901512146,0.9999328255653381,0.5180746912956238,0.2854282855987549,-0.19249147176742554,0.9999440312385559,0.5256837010383606,0.29063093662261963,-0.068033866584301,0.999592661857605,0.5088810324668884,0.2920735776424408,-0.1418192982673645,0.9999643564224243,0.5301437973976135,0.3120816648006439,-0.1538553535938263,0.9999131560325623,0.5242664813995361,0.31166085600852966,-0.17504538595676422,0.9999657869338989,0.5369464159011841,0.36766472458839417,0.04150155931711197,0.9996808767318726,0.4876762330532074,0.36999112367630005,-0.13786031305789948,0.9999478459358215,0.5477625727653503,0.45666539669036865,0.06713847070932388,0.5417861342430115,0.4704306721687317,0.470395565032959,-0.133779838681221,0.9967859387397766,0.5476140379905701,0.5003190636634827,-0.07031141966581345,0.7665927410125732,0.515539824962616,0.5046817064285278,-0.14982642233371735,0.9896824359893799,0.544971764087677,0.5224922299385071,-0.09883538633584976,0.7303924560546875,0.5272595882415771,0.522729218006134,-0.1750439703464508,0.9737956523895264,0.5423497557640076,0.5144065618515015,-0.11957447230815887,0.7445389032363892,0.5297096371650696,0.5122418403625488,-0.1833270937204361,0.9724069237709045,0.5420555472373962,0.505750298500061,-0.08340868353843689,0.7107283473014832,0.5268927216529846,0.504036009311676,-0.15104298293590546,0.9571331143379211,0.5288740992546082,0.5578178763389587,0.06332051008939743,0.9985288381576538,0.49870729446411133,0.5583897233009338,-0.06337929517030716,0.9986902475357056,0.5274245738983154,0.7033458948135376,0.10158836096525192,0.8896568417549133,0.49806132912635803,0.7083126306533813,-0.031228285282850266,0.9829478859901428,0.5224561095237732,0.8234366178512573,0.2082967758178711,0.9428197741508484,0.493813693523407,0.838127076625824,0.08265958726406097,0.9790002703666687,0.5149492025375366,0.835595965385437,0.2133464515209198,0.9158777594566345,0.4900125563144684,0.8549829125404358,0.08871861547231674,0.8514789938926697,0.5360134243965149,0.870775043964386,0.14113034307956696,0.9567995667457581,0.5152760148048401,0.8826063275337219,-0.005614736583083868,0.9734224081039429
14000.000000000076,0.5305251479148865,0.29975810647010803,-0.20093901455402374,0.9999520182609558,0.5291702151298523,0.2864947021007538,-0.18189741671085358,0.9999287724494934,0.5299863815307617,0.2862691879272461,-0.1819142997264862,0.999897301197052,0.5306793451309204,0.28600171208381653,-0.1818956881761551,0.9998816251754761,0.5246886610984802,0.2862004339694977,-0.19934126734733582,0.9999390244483948,0.5221033096313477,0.2859852910041809,-0.19938260316848755,0.9999330043792725,0.5192568302154541,0.285918653011322,-0.19942115247249603,0.9999440908432007,0.5257241725921631,0.29071909189224243,-0.07401792705059052,0.9995641112327576,0.5098281502723694,0.2923257350921631,-0.15353995561599731,0.9999645352363586,0.5307896733283997,0.3122695982456207,-0.15914934873580933,0.9999105334281921,0.5251755118370056,0.3118951916694641,-0.1819750964641571,0.999965488910675,0.5366619825363159,0.36764878034591675,0.038584642112255096,0.9996753334999084,0.48782941699028015,0.37022292613983154,-0.1502785086631775,0.999950110912323,0.5464127063751221,0.45657485723495483,0.06701834499835968,0.5378214120864868,0.470506876707077,0.4718368947505951,-0.1455507129430771,0.9968827366828918,0.5473701357841492,0.5001847147941589,-0.06468120962381363,0.7600183486938477,0.5161231756210327,0.5046749114990234,-0.15463273227214813,0.9898169636726379,0.5448128581047058,0.5223062634468079,-0.09180023521184921,0.7218143939971924,0.5273387432098389,0.5218424201011658,-0.1787966787815094,0.9741910696029663,0.5424168705940247,0.5139957070350647,-0.11276192963123322,0.7365608811378479,0.5299474000930786,0.5116345286369324,-0.18674728274345398,0.9728216528892517,0.5420696139335632,0.5049616098403931,-0.07796964049339294,0.7023952603340149,0.5274882912635803,0.5037170052528381,-0.15539604425430298,0.9576129913330078,0.5287356376647949,0.5577570199966431,0.0650649294257164,0.9985290169715881,0.4987418055534363,0.558769702911377,-0.06512727588415146,0.9987131357192993,0.5274326205253601,0.703809380531311,0.10319165885448456,0.886434018611908,0.4979485273361206,0.7091339826583862,-0.03232789784669876,0.9828643798828125,0.5225353240966797,0.823506772518158,0.20818425714969635,0.9421561360359192,0.4932727515697479,0.8382233381271362,0.08114031702280045,0.9791141152381897,0.515164315700531,0.8358026742935181,0.21315285563468933,0.9160338044166565,0.4892139434814453,0.8554717302322388,0.08715750277042389,0.8518046140670776,0.5362920165061951,0.8707849383354187,0.14035312831401825,0.9570348262786865,0.5154168605804443,0.8828511834144592,-0.008878651075065136,0.9737335443496704
14033.33333333341,0.531505286693573,0.30013975501060486,-0.19561246037483215,0.9999525547027588,0.5300395488739014,0.28690651059150696,-0.17514708638191223,0.9999285340309143,0.5307596921920776,0.28667670488357544,-0.1751689612865448,0.9998970031738281,0.5313721895217896,0.2863803207874298,-0.17515195906162262,0.9998813271522522,0.525700569152832,0.2865946292877197,-0.19040608406066895,0.9999396800994873,0.5231648087501526,0.2863025665283203,-0.19043920934200287,0.9999338984489441,0.5202924013137817,0.28619110584259033,-0.19047380983829498,0.9999446272850037,0.5260022878646851,0.2908700406551361,-0.0646129697561264,0.9995542764663696,0.5108076333999634,0.2923755943775177,-0.14066973328590393,0.9999648332595825,0.5315039157867432,0.31247106194496155,-0.15282617509365082,0.9999111294746399,0.525985836982727,0.31209346652030945,-0.1728295534849167,0.9999659061431885,0.5366307497024536,0.3679310977458954,0.043444715440273285,0.999680757522583,0.4879705011844635,0.3702263832092285,-0.13642115890979767,0.9999520182609558,0.5459560751914978,0.45687875151634216,0.07104379683732986,0.5373214483261108,0.470565527677536,0.47200676798820496,-0.13276776671409607,0.9969251155853271,0.5473842024803162,0.4992985427379608,-0.06666858494281769,0.7604809403419495,0.5160069465637207,0.5038917660713196,-0.14615972340106964,0.9898225665092468,0.5448876023292542,0.5204538702964783,-0.09542278945446014,0.7217909097671509,0.5274952054023743,0.520668089389801,-0.1704120934009552,0.9743518829345703,0.5424896478652954,0.5125601291656494,-0.11640467494726181,0.7369314432144165,0.5300306081771851,0.5103868842124939,-0.17869679629802704,0.9729978442192078,0.5420936942100525,0.5043190121650696,-0.08015447109937668,0.7022925615310669,0.5274080634117126,0.5026164054870605,-0.14716185629367828,0.957778811454773,0.5287702083587646,0.5579232573509216,0.06474921852350235,0.9985548257827759,0.4989359974861145,0.55922532081604,-0.06480283290147781,0.9987411499023438,0.5275014638900757,0.7041416168212891,0.09828940778970718,0.8838987946510315,0.49799901247024536,0.7093228101730347,-0.03288836404681206,0.9826417565345764,0.5227490067481995,0.8236197233200073,0.20686838030815125,0.9415613412857056,0.4933113157749176,0.8382121324539185,0.0802989974617958,0.9791537523269653,0.5157998204231262,0.8361020088195801,0.2127968966960907,0.9164109826087952,0.48927658796310425,0.8556333184242249,0.08602957427501678,0.8522689342498779,0.536453127861023,0.8707834482192993,0.13671307265758514,0.95723956823349,0.515518069267273,0.882874608039856,-0.01033740397542715,0.9739825129508972
14066.666666666744,0.5320491194725037,0.3005228638648987,-0.19643189013004303,0.9999433755874634,0.5307934284210205,0.2873844504356384,-0.17730794847011566,0.9999099969863892,0.5315127372741699,0.28718844056129456,-0.17732711136341095,0.9998689293861389,0.5321316123008728,0.28689414262771606,-0.17730674147605896,0.9998474717140198,0.5263769626617432,0.2868943214416504,-0.19565439224243164,0.9999299049377441,0.5238543748855591,0.2864922285079956,-0.19570264220237732,0.9999246001243591,0.520933985710144,0.28630006313323975,-0.1957586407661438,0.9999377131462097,0.5264569520950317,0.291036993265152,-0.06982698291540146,0.9993862509727478,0.5114055871963501,0.2923658490180969,-0.15531931817531586,0.9999610781669617,0.5318750143051147,0.31264087557792664,-0.15453051030635834,0.9998851418495178,0.5263052582740784,0.31216585636138916,-0.1785479485988617,0.9999597072601318,0.5363346338272095,0.3679703176021576,0.04489554837346077,0.9995988011360168,0.48798492550849915,0.37033700942993164,-0.15631361305713654,0.9999528527259827,0.5416440963745117,0.45692548155784607,0.08376803249120712,0.5053666234016418,0.4706001281738281,0.4732472896575928,-0.15139804780483246,0.9969479441642761,0.5473645925521851,0.5012331008911133,-0.03354036435484886,0.7233560085296631,0.517254114151001,0.5041857361793518,-0.1515759527683258,0.9895642995834351,0.5454427599906921,0.5216605067253113,-0.056347716599702835,0.6870061755180359,0.5292842388153076,0.5191080570220947,-0.17426130175590515,0.9738592505455017,0.5440681576728821,0.5134940147399902,-0.07844160497188568,0.702960729598999,0.531230628490448,0.5078540444374084,-0.18131810426712036,0.9724885821342468,0.5432618856430054,0.5050755739212036,-0.047346219420433044,0.6696888208389282,0.5285135507583618,0.5008142590522766,-0.15173856914043427,0.9570028781890869,0.5287805795669556,0.5583048462867737,0.06746388971805573,0.9984337687492371,0.49940529465675354,0.5603543519973755,-0.06751246750354767,0.9987018704414368,0.5275058150291443,0.7044591307640076,0.10847482085227966,0.8775820732116699,0.49812307953834534,0.7098271250724792,-0.033016838133335114,0.982020914554596,0.5228573679924011,0.823620080947876,0.21778066456317902,0.9395487904548645,0.49324771761894226,0.8382364511489868,0.0826425850391388,0.9789225459098816,0.5160811543464661,0.836103618144989,0.22317537665367126,0.915291965007782,0.48896631598472595,0.8558114171028137,0.08873803913593292,0.8531414866447449,0.5366310477256775,0.8705528974533081,0.15020295977592468,0.9568223357200623,0.5158908367156982,0.8830026984214783,-0.007343393750488758,0.9740383625030518
14100.000000000078,0.5323323607444763,0.30103975534439087,-0.1939847320318222,0.9999370574951172,0.5312591791152954,0.2879866361618042,-0.17519740760326385,0.9998959302902222,0.5320062041282654,0.2878207564353943,-0.17521651089191437,0.9998481273651123,0.5326615571975708,0.28752344846725464,-0.17519360780715942,0.9998226165771484,0.5267670154571533,0.2873339056968689,-0.19360056519508362,0.9999223351478577,0.5242348909378052,0.28683021664619446,-0.19364722073078156,0.9999174475669861,0.5212865471839905,0.28653472661972046,-0.193705216050148,0.9999321103096008,0.526903510093689,0.29128292202949524,-0.06840518116950989,0.9992697238922119,0.511712372303009,0.29236578941345215,-0.15303641557693481,0.9999580979347229,0.5320878028869629,0.31297537684440613,-0.15226221084594727,0.9998676776885986,0.5264614224433899,0.3124086260795593,-0.176325261592865,0.9999551177024841,0.5362365245819092,0.3679638206958771,0.04639347642660141,0.9995627999305725,0.48798567056655884,0.37042954564094543,-0.1544211208820343,0.9999539852142334,0.5390799045562744,0.4567759335041046,0.09324797242879868,0.482902467250824,0.4716324210166931,0.4747272729873657,-0.15053950250148773,0.9969598054885864,0.547673761844635,0.5041264891624451,-0.016044126823544502,0.7001425623893738,0.5199318528175354,0.5066997408866882,-0.15051552653312683,0.9893350005149841,0.5477166771888733,0.523219108581543,-0.037643298506736755,0.664569616317749,0.5329686999320984,0.5197896957397461,-0.17293015122413635,0.9734591841697693,0.5472809076309204,0.5152799487113953,-0.060624875128269196,0.681483805179596,0.5343860387802124,0.5085656046867371,-0.18033204972743988,0.9720745086669922,0.5458243489265442,0.5080788135528564,-0.0298925768584013,0.6489546895027161,0.5309931039810181,0.5018110275268555,-0.15084074437618256,0.9564089775085449,0.5293399095535278,0.5582630634307861,0.06795553117990494,0.9983389973640442,0.5003692507743835,0.5604981780052185,-0.06799009442329407,0.9986739754676819,0.5276544690132141,0.7044792175292969,0.10851570963859558,0.8741838932037354,0.4984026849269867,0.7099406123161316,-0.03336583077907562,0.9817358255386353,0.5229705572128296,0.8236391544342041,0.21595805883407593,0.9387115240097046,0.4932720959186554,0.838638424873352,0.0818878710269928,0.9790192246437073,0.5163071751594543,0.8361256122589111,0.22107155621051788,0.9155941009521484,0.48884689807891846,0.8562707901000977,0.08803779631853104,0.8552200794219971,0.536897599697113,0.8705235123634338,0.1481696218252182,0.9570187330245972,0.5161454677581787,0.8833402395248413,-0.008898932486772537,0.9743469953536987
14133.333333333412,0.5327828526496887,0.30199670791625977,-0.19329731166362762,0.999928891658783,0.5317361354827881,0.2890211343765259,-0.1749177724123001,0.9998772740364075,0.5324377417564392,0.288892537355423,-0.17493726313114166,0.9998213648796082,0.5330548882484436,0.28859150409698486,-0.17491395771503448,0.999791145324707,0.527316689491272,0.28820034861564636,-0.19387681782245636,0.9999119639396667,0.5248894691467285,0.2876442074775696,-0.19392365217208862,0.9999073147773743,0.5219188332557678,0.28721898794174194,-0.1939835548400879,0.9999238848686218,0.5271480083465576,0.29185473918914795,-0.06862950325012207,0.9991227388381958,0.5121847987174988,0.29252588748931885,-0.15565301477909088,0.9999532103538513,0.5323850512504578,0.3136932849884033,-0.15157023072242737,0.9998441338539124,0.5268113613128662,0.31315696239471436,-0.17631380259990692,0.9999485015869141,0.5362336039543152,0.36777597665786743,0.047199591994285583,0.9995334148406982,0.48800498247146606,0.3707081377506256,-0.15623579919338226,0.9999547600746155,0.5377439260482788,0.45672205090522766,0.09564530849456787,0.46352455019950867,0.47329145669937134,0.47564345598220825,-0.1527419239282608,0.9969637989997864,0.5482330918312073,0.5050094127655029,-0.014906230382621288,0.6803715825080872,0.5225638747215271,0.5072713494300842,-0.1526763141155243,0.9890373945236206,0.5496679544448853,0.5228149890899658,-0.03667934611439705,0.6457492709159851,0.5358291268348694,0.5191790461540222,-0.17496992647647858,0.9729447364807129,0.5494815707206726,0.5161255598068237,-0.06029355525970459,0.6637405753135681,0.5367032885551453,0.5075743198394775,-0.182610422372818,0.9715518951416016,0.5476353764533997,0.5090959072113037,-0.029045695438981056,0.6318346261978149,0.5332367420196533,0.5012207627296448,-0.1530483514070511,0.9555778503417969,0.530398964881897,0.5582273006439209,0.06842041015625,0.9982114434242249,0.5017545223236084,0.5604525208473206,-0.06843944638967514,0.9986330270767212,0.5279175043106079,0.7040154933929443,0.11058889329433441,0.8700888752937317,0.49916917085647583,0.7098186612129211,-0.03636731952428818,0.9814634919166565,0.5230236053466797,0.8236411809921265,0.2164299190044403,0.9376307725906372,0.49326175451278687,0.838944137096405,0.07096914201974869,0.9791805148124695,0.5164598226547241,0.8361439108848572,0.22134944796562195,0.9159283638000488,0.48859691619873047,0.8564725518226624,0.07604365795850754,0.8582231998443604,0.5369199514389038,0.8703247308731079,0.14892643690109253,0.9569757580757141,0.5163294672966003,0.8835499882698059,-0.020759759470820427,0.9746338725090027
14166.666666666746,0.5331685543060303,0.3031436502933502,-0.19247037172317505,0.999924898147583,0.5321069955825806,0.29035407304763794,-0.17334817349910736,0.9998672604560852,0.532755434513092,0.2902529239654541,-0.17336943745613098,0.9998072385787964,0.5333290100097656,0.2899540960788727,-0.17334778606891632,0.9997748732566833,0.5277941823005676,0.28938955068588257,-0.1916222721338272,0.9999057650566101,0.5254473090171814,0.2888121008872986,-0.19166521728038788,0.9999012351036072,0.5224863290786743,0.2882600724697113,-0.19171981513500214,0.9999187588691711,0.5272514820098877,0.2925886809825897,-0.06623724102973938,0.9990500211715698,0.512531578540802,0.29292619228363037,-0.15173391997814178,0.9999504089355469,0.5326268672943115,0.31459465622901917,-0.1512642800807953,0.9998311400413513,0.5271670818328857,0.3140823543071747,-0.17407456040382385,0.9999441504478455,0.5361125469207764,0.3674923777580261,0.05293888971209526,0.999527096748352,0.48800912499427795,0.37088367342948914,-0.15260745584964752,0.9999560713768005,0.5358601212501526,0.45659708976745605,0.10435295850038528,0.44592830538749695,0.475193589925766,0.4764654040336609,-0.14882312715053558,0.9969826936721802,0.5485113859176636,0.5048645734786987,-0.006828001234680414,0.6651681065559387,0.5250069499015808,0.5077787041664124,-0.1499089151620865,0.9888525009155273,0.5512141585350037,0.5226187109947205,-0.02820807509124279,0.6317755579948425,0.5386373400688171,0.5193720459938049,-0.17252394556999207,0.9726676940917969,0.5513606667518616,0.5166669487953186,-0.05315839871764183,0.6509603261947632,0.5396903157234192,0.5080517530441284,-0.18029990792274475,0.971287727355957,0.5491580367088318,0.5099693536758423,-0.02159940078854561,0.6196445822715759,0.5358029007911682,0.5017541646957397,-0.15042679011821747,0.955152153968811,0.5312348008155823,0.5581643581390381,0.06881370395421982,0.9981247782707214,0.5023815035820007,0.5604164004325867,-0.06881396472454071,0.9985966682434082,0.5282278656959534,0.7035218477249146,0.10654299706220627,0.8676234483718872,0.49965623021125793,0.7097708582878113,-0.040529605001211166,0.9814196228981018,0.5230807065963745,0.8236508965492249,0.21009308099746704,0.9369707703590393,0.49327972531318665,0.8390490412712097,0.06480973213911057,0.9795729517936707,0.5164730548858643,0.8362087607383728,0.21408772468566895,0.9168939590454102,0.4885554611682892,0.8566083908081055,0.06965664774179459,0.862259030342102,0.5369169116020203,0.8704729080200195,0.14131879806518555,0.957190990447998,0.516334056854248,0.8840748071670532,-0.028113622218370438,0.975185215473175
14200.00000000008,0.5333015322685242,0.3041014075279236,-0.18792441487312317,0.9999217987060547,0.5322229862213135,0.29135945439338684,-0.1700149029493332,0.999859094619751,0.532863199710846,0.2912638187408447,-0.17003466188907623,0.999796450138092,0.5334360003471375,0.29095250368118286,-0.1700132042169571,0.9997627139091492,0.5279858708381653,0.2902671992778778,-0.18976916372776031,0.9999004006385803,0.525700569152832,0.2896527945995331,-0.18981285393238068,0.9998959898948669,0.5227894186973572,0.28900742530822754,-0.18987378478050232,0.9999140501022339,0.527370810508728,0.29335343837738037,-0.06432931125164032,0.9989997744560242,0.5128087997436523,0.29330432415008545,-0.1484805792570114,0.999947726726532,0.5327603220939636,0.3153966963291168,-0.14611248672008514,0.9998206496238708,0.527438223361969,0.31496867537498474,-0.17131726443767548,0.999940037727356,0.5359020829200745,0.36703309416770935,0.05816223844885826,0.9995308518409729,0.4881964921951294,0.3708500564098358,-0.15043805539608002,0.9999572038650513,0.5348585247993469,0.4565315842628479,0.11254070699214935,0.43116405606269836,0.47772711515426636,0.476423978805542,-0.14808329939842224,0.9969775676727295,0.549024760723114,0.5053046345710754,0.009177425876259804,0.6556806564331055,0.5276124477386475,0.5079115033149719,-0.14867271482944489,0.988569974899292,0.5526431202888489,0.5226696729660034,-0.010366245172917843,0.6230157613754272,0.5414611101150513,0.5198171138763428,-0.171351820230484,0.9722080230712891,0.5532571077346802,0.5175271034240723,-0.0360637828707695,0.6433277726173401,0.543175995349884,0.5094333291053772,-0.17905466258525848,0.970841109752655,0.550871729850769,0.5112105011940002,-0.0056272284127771854,0.6122262477874756,0.5389965772628784,0.5027491450309753,-0.14917659759521484,0.9544770121574402,0.5319269299507141,0.5577016472816467,0.06934884190559387,0.9980846643447876,0.502924382686615,0.5599164366722107,-0.0693371519446373,0.9985857605934143,0.5284873843193054,0.7028163075447083,0.10521499067544937,0.8668808937072754,0.4999881684780121,0.7094554305076599,-0.04126548022031784,0.981700599193573,0.5230926275253296,0.8234113454818726,0.21004918217658997,0.9369797706604004,0.49341389536857605,0.8390794396400452,0.06322924047708511,0.9802692532539368,0.5163914561271667,0.8359477519989014,0.21374744176864624,0.9183785319328308,0.4887765049934387,0.8566189408302307,0.06813957542181015,0.867542564868927,0.5369530916213989,0.8704583048820496,0.1406947821378708,0.9577658772468567,0.5166499018669128,0.8843346238136292,-0.02878282405436039,0.9760445952415466
14233.333333333414,0.5336262583732605,0.3045106530189514,-0.18142935633659363,0.9999207258224487,0.5324336886405945,0.2916325628757477,-0.163726806640625,0.999855101108551,0.533053457736969,0.29150694608688354,-0.16375280916690826,0.9997918009757996,0.5336093306541443,0.29116666316986084,-0.16373802721500397,0.9997590184211731,0.528242290019989,0.29066014289855957,-0.18351073563098907,0.9998964071273804,0.5260103344917297,0.2900911867618561,-0.1835460215806961,0.9998918771743774,0.5231264233589172,0.28949227929115295,-0.1836017519235611,0.9999098777770996,0.527390718460083,0.29359740018844604,-0.05801067501306534,0.9989858865737915,0.5130832195281982,0.293745756149292,-0.14741620421409607,0.9999445080757141,0.5331259369850159,0.31594932079315186,-0.13932983577251434,0.9998178482055664,0.5279545187950134,0.3156672418117523,-0.16490425169467926,0.9999372363090515,0.5357668995857239,0.3667636513710022,0.06303968280553818,0.9995509386062622,0.48844191431999207,0.3708096146583557,-0.1477944552898407,0.9999573230743408,0.5354481935501099,0.45649856328964233,0.12054550647735596,0.4307309091091156,0.47989127039909363,0.47644615173339844,-0.14529672265052795,0.9969001412391663,0.550339937210083,0.5048214197158813,0.019207926467061043,0.6635797023773193,0.527769148349762,0.5073549747467041,-0.14814883470535278,0.9884200096130371,0.5544525384902954,0.5220437049865723,-0.0006902337772771716,0.6303900480270386,0.5419074892997742,0.5192934274673462,-0.17114613950252533,0.9721401333808899,0.5552085638046265,0.5168514847755432,-0.027180824428796768,0.6513503193855286,0.5433327555656433,0.5088382363319397,-0.17952322959899902,0.9708138108253479,0.5527368783950806,0.5107156038284302,0.004250564146786928,0.6203159093856812,0.5392966866493225,0.5024029612541199,-0.14899198710918427,0.9543747305870056,0.5330101251602173,0.5566595792770386,0.06923998147249222,0.9980698823928833,0.503904402256012,0.559012234210968,-0.0692247524857521,0.9985547661781311,0.5286588072776794,0.7026578783988953,0.09427457302808762,0.8632687330245972,0.5008717775344849,0.7093605995178223,-0.04763571918010712,0.9809836745262146,0.5225291848182678,0.823468029499054,0.19828113913536072,0.9347693920135498,0.49390485882759094,0.8394416570663452,0.05670655891299248,0.9802160263061523,0.5153306126594543,0.8359380960464478,0.20275872945785522,0.9181102514266968,0.48895639181137085,0.8566147089004517,0.061614956706762314,0.8701125383377075,0.5366820096969604,0.8704437613487244,0.12994128465652466,0.9568669199943542,0.5168147087097168,0.8845866918563843,-0.035767313092947006,0.9761011600494385
14266.666666666748,0.5339431762695312,0.30458152294158936,-0.17996147274971008,0.9999206066131592,0.5327452421188354,0.29167303442955017,-0.16216421127319336,0.9998539090156555,0.5333746671676636,0.29154306650161743,-0.1621929556131363,0.9997915029525757,0.5339547395706177,0.2912042737007141,-0.16218258440494537,0.9997600317001343,0.5285118818283081,0.2907601296901703,-0.1816466897726059,0.9998935461044312,0.5263257622718811,0.29020583629608154,-0.18167723715305328,0.9998887181282043,0.5234857797622681,0.2896359860897064,-0.18172642588615417,0.9999061822891235,0.5276381373405457,0.29372575879096985,-0.0556647814810276,0.9989939332008362,0.5135272145271301,0.29389438033103943,-0.1459580510854721,0.9999416470527649,0.5334822535514832,0.3162107765674591,-0.1375713348388672,0.9998182058334351,0.5283961892127991,0.31601232290267944,-0.1628822684288025,0.9999353289604187,0.5357289910316467,0.36654213070869446,0.06381703168153763,0.9995753169059753,0.4888325035572052,0.37044134736061096,-0.14487366378307343,0.9999569058418274,0.5357780456542969,0.45644980669021606,0.11887232214212418,0.43565353751182556,0.48015278577804565,0.47636380791664124,-0.14128850400447845,0.9967682957649231,0.5517799854278564,0.504342257976532,0.013010816648602486,0.6759715676307678,0.5271660089492798,0.5068458914756775,-0.1476154625415802,0.9881415963172913,0.556094229221344,0.5216918587684631,-0.00791501346975565,0.6424826383590698,0.5412574410438538,0.519224226474762,-0.1706899106502533,0.9718511700630188,0.5565657019615173,0.5161771178245544,-0.034662798047065735,0.6637467741966248,0.5424578785896301,0.5085537433624268,-0.17932169139385223,0.9705721139907837,0.5540230870246887,0.5099924206733704,-0.0020819716155529022,0.6328349709510803,0.5385490655899048,0.5019338130950928,-0.14849938452243805,0.9539433121681213,0.5335065126419067,0.5554922223091125,0.0689428374171257,0.9980847835540771,0.5043315887451172,0.5574182271957397,-0.0689302384853363,0.9985353350639343,0.5287754535675049,0.7027419209480286,0.08607027679681778,0.8610533475875854,0.5014467835426331,0.7093340158462524,-0.051183149218559265,0.9803265333175659,0.5224561095237732,0.8238131999969482,0.19162379205226898,0.9333757162094116,0.4944547414779663,0.839749813079834,0.053902626037597656,0.9802087545394897,0.5152515769004822,0.8360961079597473,0.19646480679512024,0.9181832075119019,0.48923367261886597,0.8566454648971558,0.058862559497356415,0.8723657131195068,0.5365219712257385,0.8705336451530457,0.12284266203641891,0.9561734795570374,0.5168752670288086,0.8847579956054688,-0.03921213373541832,0.9761454463005066
14300.000000000082,0.5343865752220154,0.30486780405044556,-0.17539596557617188,0.9999191761016846,0.5332162976264954,0.2920477092266083,-0.15769247710704803,0.9998506307601929,0.5338345170021057,0.2919200360774994,-0.15772254765033722,0.999788224697113,0.5344175696372986,0.29158124327659607,-0.15771280229091644,0.9997572898864746,0.5290164947509766,0.291123628616333,-0.17718550562858582,0.9998889565467834,0.526858389377594,0.2905215919017792,-0.1772107183933258,0.9998835325241089,0.5241203308105469,0.2899082601070404,-0.17725372314453125,0.9999006390571594,0.5279202461242676,0.29415133595466614,-0.05135131627321243,0.9989867210388184,0.5140918493270874,0.29406777024269104,-0.14181366562843323,0.9999377727508545,0.5339434742927551,0.31677931547164917,-0.13312169909477234,0.9998148083686829,0.5289472341537476,0.31660327315330505,-0.15859808027744293,0.9999323487281799,0.5356235504150391,0.36657291650772095,0.06572749465703964,0.9995953440666199,0.4895465075969696,0.3701973855495453,-0.13910318911075592,0.9999560117721558,0.5356763601303101,0.4563928246498108,0.12031883746385574,0.43534186482429504,0.47982537746429443,0.4762974977493286,-0.13558901846408844,0.9966325163841248,0.5522118806838989,0.5040113925933838,0.013357128947973251,0.6849167346954346,0.5267725586891174,0.5065152645111084,-0.14559713006019592,0.9878190755844116,0.5565687417984009,0.5215223431587219,-0.007930435240268707,0.6514801383018494,0.5407933592796326,0.51911860704422,-0.16878636181354523,0.9714466333389282,0.5570461750030518,0.5157178640365601,-0.03475663810968399,0.6731851696968079,0.5419644713401794,0.5084800720214844,-0.1782449185848236,0.9702062010765076,0.5545227527618408,0.5094693899154663,-0.0018639984773471951,0.6422609686851501,0.5380696654319763,0.5016228556632996,-0.1470155119895935,0.9533306956291199,0.5340615510940552,0.5550639629364014,0.0688244178891182,0.998090922832489,0.5046685934066772,0.5569673180580139,-0.06879018247127533,0.9985074996948242,0.5293086171150208,0.7027514576911926,0.08180584013462067,0.8592039346694946,0.5028775930404663,0.70879727602005,-0.052671708166599274,0.9794714450836182,0.5224416851997375,0.8248584270477295,0.18291829526424408,0.932407021522522,0.4951636493206024,0.8401167988777161,0.05072616785764694,0.9800323247909546,0.5151957869529724,0.8372328877449036,0.18720687925815582,0.9183604717254639,0.4899204969406128,0.8568277955055237,0.05542416125535965,0.873528778553009,0.5363603830337524,0.8724030256271362,0.11218877881765366,0.9556102156639099,0.5168734192848206,0.8848623633384705,-0.0426904670894146,0.9760369658470154
14333.333333333416,0.5347699522972107,0.30569931864738464,-0.17491556704044342,0.999919056892395,0.5336653590202332,0.2928277254104614,-0.15693315863609314,0.9998502135276794,0.534291684627533,0.29267314076423645,-0.15696261823177338,0.999788224697113,0.5349000692367554,0.2923116087913513,-0.1569513976573944,0.9997574687004089,0.5294896364212036,0.2918584942817688,-0.17640480399131775,0.9998871684074402,0.5273125171661377,0.29120057821273804,-0.1764315962791443,0.9998812675476074,0.5246124863624573,0.2905162274837494,-0.17647337913513184,0.9998980760574341,0.5283087491989136,0.2948663532733917,-0.04924745857715607,0.9989890456199646,0.5144014954566956,0.29454678297042847,-0.13948854804039001,0.9999361634254456,0.5343530178070068,0.31795379519462585,-0.1322307139635086,0.9998128414154053,0.5293497443199158,0.31785207986831665,-0.15775474905967712,0.9999305009841919,0.5355721116065979,0.3672565519809723,0.06797754764556885,0.9996102452278137,0.49020346999168396,0.37019041180610657,-0.1367679387331009,0.999955415725708,0.5350252985954285,0.45640891790390015,0.12181039154529572,0.42671653628349304,0.4795973002910614,0.47664061188697815,-0.13228923082351685,0.9964830279350281,0.5522502064704895,0.5038716793060303,0.013204021379351616,0.6866113543510437,0.5270901918411255,0.5064402222633362,-0.13961009681224823,0.987194836139679,0.5566110014915466,0.5213858485221863,-0.007933749817311764,0.6540210843086243,0.5410211682319641,0.5189483165740967,-0.1622709333896637,0.9704071879386902,0.5570604801177979,0.515395998954773,-0.03469206392765045,0.6764715909957886,0.5421231985092163,0.5082911849021912,-0.17132030427455902,0.9691975116729736,0.554523766040802,0.5091274976730347,-0.002093850402161479,0.6452868580818176,0.5382465124130249,0.5013858675956726,-0.14088885486125946,0.9518653750419617,0.534818708896637,0.5563815236091614,0.06871657818555832,0.9980888962745667,0.5051347613334656,0.5580175518989563,-0.06866371631622314,0.9984814524650574,0.5293840169906616,0.7056342363357544,0.08289206027984619,0.8586112856864929,0.5035857558250427,0.7104408740997314,-0.05141344293951988,0.9788751602172852,0.5224238634109497,0.8283122777938843,0.18653155863285065,0.9320589900016785,0.49621838331222534,0.8413853049278259,0.054384373128414154,0.9799764752388,0.5151708126068115,0.8409559726715088,0.19109168648719788,0.9190152287483215,0.49058347940444946,0.8575291037559509,0.05936022847890854,0.8749557733535767,0.5358172655105591,0.8745476007461548,0.11581718921661377,0.9555020928382874,0.5168718695640564,0.8849368095397949,-0.0386350080370903,0.9761167168617249
14366.66666666675,0.5349208116531372,0.30608415603637695,-0.17607702314853668,0.9999156594276428,0.533812403678894,0.2931123375892639,-0.15872329473495483,0.9998430013656616,0.5344323515892029,0.29294097423553467,-0.15875445306301117,0.9997783303260803,0.5350338220596313,0.2925676107406616,-0.15874765813350677,0.9997461438179016,0.5296676754951477,0.2921764850616455,-0.1786065250635147,0.999880850315094,0.5274849534034729,0.29151254892349243,-0.1786351054906845,0.9998741149902344,0.5248058438301086,0.2908262610435486,-0.17868193984031677,0.9998915195465088,0.5284121632575989,0.29509034752845764,-0.05058934539556503,0.9989426732063293,0.5145808458328247,0.2948099672794342,-0.14153102040290833,0.9999319911003113,0.5344783067703247,0.31845012307167053,-0.13259297609329224,0.9998021721839905,0.5294662714004517,0.3184419274330139,-0.15904435515403748,0.9999255537986755,0.5354759097099304,0.3672550916671753,0.0660306066274643,0.999613881111145,0.49060994386672974,0.3701045513153076,-0.1379740983247757,0.999954342842102,0.5345386266708374,0.45638102293014526,0.11851825565099716,0.41457200050354004,0.4793568253517151,0.47703975439071655,-0.13278278708457947,0.9962899088859558,0.5522103905677795,0.5040983557701111,0.010066852904856205,0.6822004318237305,0.5276941657066345,0.5067502856254578,-0.1392671912908554,0.9862886667251587,0.5564941167831421,0.5211378335952759,-0.010679611936211586,0.6508470177650452,0.5415659546852112,0.5186396241188049,-0.16168402135372162,0.9687865376472473,0.5570208430290222,0.5151771306991577,-0.037194471806287766,0.6741886734962463,0.5428832769393921,0.5079951882362366,-0.17033572494983673,0.9675955772399902,0.554499626159668,0.5090022087097168,-0.005076621659100056,0.6426001191139221,0.5389133095741272,0.5014355778694153,-0.14036676287651062,0.949583113193512,0.5356348752975464,0.5576156973838806,0.06846504658460617,0.9980288147926331,0.5054306983947754,0.5593632459640503,-0.06840448081493378,0.9984234571456909,0.5295393466949463,0.7072930335998535,0.08502468466758728,0.8583908081054688,0.5038307905197144,0.71123868227005,-0.05011211708188057,0.9782580733299255,0.522419810295105,0.8301271200180054,0.18700937926769257,0.9316125512123108,0.496807724237442,0.8422136902809143,0.05641460046172142,0.9797957539558411,0.5151748061180115,0.8424379229545593,0.1914556473493576,0.9193254709243774,0.49111175537109375,0.8579762578010559,0.06198185682296753,0.8757403492927551,0.5352997183799744,0.8760578632354736,0.11696011573076248,0.9552710652351379,0.516870379447937,0.8850023150444031,-0.035700127482414246,0.9760477542877197
14400.000000000084,0.5354288816452026,0.3070468604564667,-0.17678266763687134,0.9999085664749146,0.534234881401062,0.29385435581207275,-0.1592126041650772,0.9998285174369812,0.5347815155982971,0.2935720682144165,-0.15924133360385895,0.9997590780258179,0.5353071689605713,0.2931098937988281,-0.1592363715171814,0.9997246265411377,0.5302923321723938,0.29305458068847656,-0.18010275065898895,0.9998701810836792,0.5281385779380798,0.2923685312271118,-0.18013575673103333,0.9998626112937927,0.5256425738334656,0.29162201285362244,-0.18018387258052826,0.999881386756897,0.5284055471420288,0.295354425907135,-0.05444537103176117,0.9988592267036438,0.515128493309021,0.29531341791152954,-0.1481621414422989,0.9999256134033203,0.5348402857780457,0.31929078698158264,-0.13291537761688232,0.9997844696044922,0.5300649404525757,0.3193211257457733,-0.16079816222190857,0.9999183416366577,0.5352535843849182,0.3670073449611664,0.0636487826704979,0.9996178150177002,0.49078407883644104,0.37032100558280945,-0.14364080131053925,0.99995356798172,0.5344401001930237,0.4561821520328522,0.11839480698108673,0.40666669607162476,0.47924986481666565,0.4778120219707489,-0.13496406376361847,0.9962164163589478,0.5522981882095337,0.5039748549461365,0.013682717457413673,0.6805845499038696,0.5276817679405212,0.506836473941803,-0.13954590260982513,0.9859486818313599,0.5565508604049683,0.5210577249526978,-0.005506419111043215,0.6501826047897339,0.5415581464767456,0.5184220671653748,-0.1616930216550827,0.9683014750480652,0.5569636225700378,0.5150240659713745,-0.032047078013420105,0.6742655038833618,0.543036699295044,0.507771372795105,-0.16968666017055511,0.9671651721000671,0.5545063018798828,0.5088862776756287,-0.0012474874965846539,0.642521321773529,0.5390403270721436,0.5013689994812012,-0.14039410650730133,0.9488459229469299,0.5361574292182922,0.5582712292671204,0.06832950562238693,0.9979487657546997,0.5057731866836548,0.5605649352073669,-0.06827478855848312,0.9983508586883545,0.5297458171844482,0.7084714770317078,0.08615246415138245,0.8588733673095703,0.5037428736686707,0.7126971483230591,-0.04934399202466011,0.9779383540153503,0.5225476026535034,0.8301112055778503,0.19233006238937378,0.9313017129898071,0.4970289170742035,0.8429837226867676,0.0582590214908123,0.9799188375473022,0.5154983997344971,0.842310905456543,0.19784852862358093,0.9198480248451233,0.49134522676467896,0.8587128520011902,0.06422803550958633,0.8780556321144104,0.5353097319602966,0.8759683966636658,0.1259356141090393,0.9552364945411682,0.5171592831611633,0.8853209018707275,-0.03160635381937027,0.976265013217926
14433.333333333418,0.5357265472412109,0.307947039604187,-0.17851249873638153,0.9999018907546997,0.5345257520675659,0.29456737637519836,-0.1616678088903427,0.9998144507408142,0.5350393056869507,0.2941887378692627,-0.16169145703315735,0.9997400641441345,0.5355255603790283,0.29364651441574097,-0.16168372333049774,0.9997024536132812,0.530645489692688,0.2939232885837555,-0.18268752098083496,0.9998606443405151,0.5284857153892517,0.29325103759765625,-0.18272344768047333,0.9998524785041809,0.5260178446769714,0.292486310005188,-0.18277116119861603,0.9998725652694702,0.5284022688865662,0.29569247364997864,-0.057465810328722,0.998772919178009,0.5153313279151917,0.2960013449192047,-0.15071766078472137,0.9999198913574219,0.5350846648216248,0.32016023993492126,-0.13535656034946442,0.9997634887695312,0.530379593372345,0.3202197253704071,-0.16354675590991974,0.9999104142189026,0.5350576043128967,0.3669583797454834,0.06274633854627609,0.9996118545532227,0.49110183119773865,0.3707210123538971,-0.14662262797355652,0.9999524354934692,0.5343751311302185,0.45585572719573975,0.11954738199710846,0.39415693283081055,0.47908154129981995,0.47839486598968506,-0.13720203936100006,0.9961116909980774,0.5522709488868713,0.5038822293281555,0.01693221926689148,0.6722596883773804,0.5281035304069519,0.5070784091949463,-0.13981346786022186,0.9853289127349854,0.5564790964126587,0.5210156440734863,-0.001558326301164925,0.6432325839996338,0.5417589545249939,0.5182698369026184,-0.16193906962871552,0.9672557711601257,0.5568990707397461,0.5149059891700745,-0.0279984213411808,0.6681734323501587,0.5433940887451172,0.5076391696929932,-0.16962391138076782,0.966157853603363,0.5544456243515015,0.5088033676147461,0.0020665046758949757,0.6361691355705261,0.5394290685653687,0.5014047622680664,-0.14063893258571625,0.9473159909248352,0.53647780418396,0.5585437417030334,0.06830307841300964,0.9978386759757996,0.506127119064331,0.5611885190010071,-0.06825720518827438,0.9982726573944092,0.530136227607727,0.708446741104126,0.08669234067201614,0.8598141670227051,0.5040042400360107,0.7127651572227478,-0.04920808598399162,0.9778962135314941,0.5227399468421936,0.8299710154533386,0.19361241161823273,0.931731104850769,0.4976566433906555,0.8430161476135254,0.058942798525094986,0.9802847504615784,0.5156237483024597,0.842174768447876,0.19923575222492218,0.9208890199661255,0.4918152093887329,0.8588589429855347,0.06470679491758347,0.8810900449752808,0.5353145003318787,0.8759811520576477,0.12771138548851013,0.9556021094322205,0.5173624157905579,0.885565996170044,-0.031409382820129395,0.97669917345047
14466.666666666752,0.5358432531356812,0.3085418939590454,-0.18598626554012299,0.9998944401741028,0.5346768498420715,0.29509595036506653,-0.1690659523010254,0.9997999668121338,0.5351954102516174,0.29467302560806274,-0.1690853238105774,0.9997192621231079,0.535683810710907,0.2940896451473236,-0.16907477378845215,0.9996777772903442,0.5307835936546326,0.294490784406662,-0.18884076178073883,0.9998512268066406,0.5286093354225159,0.2938011586666107,-0.1888795644044876,0.9998424649238586,0.52610844373703,0.29300597310066223,-0.18892569839954376,0.9998645186424255,0.5284534096717834,0.29600030183792114,-0.06368383020162582,0.9986760020256042,0.5153596997261047,0.29638317227363586,-0.15314802527427673,0.9999149441719055,0.5352369546890259,0.3207019865512848,-0.14337097108364105,0.999739408493042,0.5304709076881409,0.32076025009155273,-0.1696370393037796,0.999902069568634,0.5349422693252563,0.3669067323207855,0.05678100511431694,0.99959796667099,0.4912613332271576,0.37089189887046814,-0.14829453825950623,0.999951183795929,0.5343807935714722,0.4556809067726135,0.11754271388053894,0.3799985945224762,0.47906455397605896,0.4791699945926666,-0.13882778584957123,0.9959797859191895,0.5523022413253784,0.5038183927536011,0.017444925382733345,0.6594428420066833,0.5286566019058228,0.5071716904640198,-0.13981246948242188,0.9844545125961304,0.5563463568687439,0.5208559036254883,-0.00028968093101866543,0.6320071220397949,0.5421449542045593,0.5181546807289124,-0.16136033833026886,0.9656725525856018,0.5568414330482483,0.5148122906684875,-0.026521805673837662,0.6577267646789551,0.5439437627792358,0.5075318217277527,-0.16814352571964264,0.9646151065826416,0.5544643402099609,0.5087740421295166,0.002791258506476879,0.6256039142608643,0.5399828553199768,0.501412034034729,-0.14029544591903687,0.9451104402542114,0.536833643913269,0.5592207312583923,0.06805139034986496,0.9977561235427856,0.506423830986023,0.561781644821167,-0.06801175326108932,0.9982234239578247,0.5303995609283447,0.7088272571563721,0.0888780876994133,0.8627029657363892,0.5040413737297058,0.712769627571106,-0.04664147272706032,0.9781965017318726,0.5231665968894958,0.8299410939216614,0.20229794085025787,0.93314528465271,0.498014360666275,0.8428204655647278,0.06673889607191086,0.9808012247085571,0.5163590312004089,0.8420349955558777,0.20828215777873993,0.922367513179779,0.4924924969673157,0.8588477969169617,0.0730370581150055,0.883647084236145,0.5353769659996033,0.8758757710456848,0.13627637922763824,0.9564772248268127,0.5174709558486938,0.88556969165802,-0.02185196988284588,0.9772830605506897
14500.000000000085,0.5358973741531372,0.3091074824333191,-0.185333251953125,0.9998909831047058,0.534784734249115,0.29559844732284546,-0.16848212480545044,0.9997938871383667,0.535308301448822,0.29516133666038513,-0.1685025990009308,0.9997108578681946,0.5358010530471802,0.2945643365383148,-0.16849252581596375,0.9996683597564697,0.5308657288551331,0.2949559688568115,-0.18871359527111053,0.9998463988304138,0.5286794304847717,0.2942393720149994,-0.18875114619731903,0.9998369812965393,0.5261504650115967,0.2934142053127289,-0.18879519402980804,0.9998595714569092,0.5284833312034607,0.2964463531970978,-0.06216346472501755,0.9986393451690674,0.5153629779815674,0.29675137996673584,-0.15179722011089325,0.999911904335022,0.535292387008667,0.321228951215744,-0.14240217208862305,0.9997296929359436,0.5304917693138123,0.32125192880630493,-0.16903750598430634,0.9998976588249207,0.5348473787307739,0.3668241500854492,0.05887303873896599,0.9996012449264526,0.49133923649787903,0.37102481722831726,-0.14656120538711548,0.9999503493309021,0.5344415903091431,0.4546804130077362,0.11775552481412888,0.37337449193000793,0.47904032468795776,0.4791702926158905,-0.13564394414424896,0.9958811402320862,0.5525394678115845,0.5024122595787048,0.013063916936516762,0.6587629914283752,0.5286325216293335,0.5069703459739685,-0.13735897839069366,0.9840148091316223,0.5564348697662354,0.5190938115119934,-0.006076144054532051,0.6323776841163635,0.5420218706130981,0.5172170400619507,-0.15880678594112396,0.9649434685707092,0.5568299889564514,0.5132938623428345,-0.031604327261447906,0.6586400270462036,0.543775737285614,0.5068691968917847,-0.16591069102287292,0.9639230370521545,0.5544998645782471,0.5074179172515869,-0.001483187428675592,0.6261012554168701,0.5398431420326233,0.5010111331939697,-0.13773490488529205,0.9440579414367676,0.5370259881019592,0.559258222579956,0.0680089220404625,0.9976973533630371,0.5066263675689697,0.5620462894439697,-0.0679718479514122,0.9981710910797119,0.530606210231781,0.7089294195175171,0.08893654495477676,0.8643054366111755,0.5040469169616699,0.7128123044967651,-0.046934083104133606,0.9782974123954773,0.5233872532844543,0.829801082611084,0.20201294124126434,0.9337895512580872,0.4982651472091675,0.8428230285644531,0.0658501461148262,0.9811098575592041,0.5164639949798584,0.8419110774993896,0.20783238112926483,0.923438549041748,0.49288129806518555,0.8590729832649231,0.07203701138496399,0.8858209252357483,0.5354999899864197,0.8758009672164917,0.13553430140018463,0.9568709135055542,0.5175713896751404,0.8857979774475098,-0.023275667801499367,0.9776366949081421
14533.33333333342,0.5359125733375549,0.3095308542251587,-0.1805606484413147,0.9998855590820312,0.5348446369171143,0.2960464060306549,-0.1634901463985443,0.999783992767334,0.5353679060935974,0.2956083416938782,-0.16351501643657684,0.9996974468231201,0.5358608961105347,0.29501309990882874,-0.163505420088768,0.9996541738510132,0.5309142470359802,0.2953570783138275,-0.18369267880916595,0.9998375773429871,0.528723418712616,0.294613778591156,-0.18372562527656555,0.9998271465301514,0.5261766314506531,0.29376015067100525,-0.18377219140529633,0.9998505711555481,0.5285034775733948,0.2968240976333618,-0.05752847343683243,0.998585045337677,0.5153689384460449,0.297025591135025,-0.1490289866924286,0.9999060034751892,0.5353056788444519,0.3216135799884796,-0.13805459439754486,0.9997197985649109,0.5304821729660034,0.3216068148612976,-0.16460104286670685,0.9998924136161804,0.5348554253578186,0.3668888509273529,0.0605073906481266,0.9996085166931152,0.4913214445114136,0.3712539076805115,-0.14312081038951874,0.9999492168426514,0.534865140914917,0.45454737544059753,0.11711995303630829,0.3726109564304352,0.47899726033210754,0.4792473614215851,-0.1331958919763565,0.995768129825592,0.5530266165733337,0.501660943031311,0.012101003900170326,0.6633129119873047,0.5288817882537842,0.5069162249565125,-0.1363172084093094,0.9837701320648193,0.556695282459259,0.5183878540992737,-0.00862499512732029,0.6373026371002197,0.5420221090316772,0.516761839389801,-0.15811023116111755,0.9646121263504028,0.5568002462387085,0.5122708678245544,-0.034583039581775665,0.6638334393501282,0.543715238571167,0.506549060344696,-0.16568820178508759,0.9636240601539612,0.5544986724853516,0.5063710808753967,-0.0026564456056803465,0.6310318112373352,0.5398223996162415,0.5008458495140076,-0.13685284554958344,0.9435137510299683,0.5371811389923096,0.559944748878479,0.06753544509410858,0.997657299041748,0.5066515803337097,0.5631148815155029,-0.06749501079320908,0.9981144070625305,0.5306797623634338,0.7105807662010193,0.08698002994060516,0.86397385597229,0.5040341019630432,0.7142806053161621,-0.04753584414720535,0.9775914549827576,0.5233981013298035,0.8298632502555847,0.20161813497543335,0.9329156875610352,0.49821075797080994,0.8429403901100159,0.0660906508564949,0.9806763529777527,0.5163495540618896,0.8418182134628296,0.20725266635417938,0.9232115745544434,0.4928455650806427,0.8593239784240723,0.07225441187620163,0.8848080635070801,0.5354818105697632,0.8759062886238098,0.13454493880271912,0.9562270045280457,0.5175694823265076,0.8862714171409607,-0.0237786453217268,0.9771942496299744
14566.666666666753,0.536008894443512,0.3096134662628174,-0.1788993924856186,0.9998747110366821,0.5349333882331848,0.29615312814712524,-0.16189497709274292,0.9997636675834656,0.5354394912719727,0.2957121431827545,-0.1619213968515396,0.9996703863143921,0.5359163284301758,0.29511240124702454,-0.16191233694553375,0.9996253848075867,0.531048595905304,0.2954746186733246,-0.18227270245552063,0.9998210668563843,0.5288606286048889,0.2947326600551605,-0.1823059618473053,0.9998093843460083,0.526341438293457,0.2938753664493561,-0.1823558807373047,0.9998345971107483,0.5285024046897888,0.2968962490558624,-0.05711175128817558,0.9984769821166992,0.5154367089271545,0.29711347818374634,-0.14864085614681244,0.9998952150344849,0.5353577733039856,0.32168006896972656,-0.13700270652770996,0.9996998906135559,0.5305750370025635,0.32166969776153564,-0.16373665630817413,0.999882698059082,0.5349303483963013,0.3669072985649109,0.05989276245236397,0.9996094703674316,0.49131643772125244,0.3713868260383606,-0.14338748157024384,0.999946653842926,0.5357744693756104,0.4545053541660309,0.11678463965654373,0.37188366055488586,0.47899994254112244,0.4792799651622772,-0.1333092451095581,0.995598316192627,0.553165853023529,0.5015110969543457,0.01028529368340969,0.664931058883667,0.5290046334266663,0.5066763758659363,-0.13658642768859863,0.9832680225372314,0.5566879510879517,0.518234372138977,-0.01042963657528162,0.6389500498771667,0.5419498085975647,0.5164207220077515,-0.15839102864265442,0.9638609290122986,0.556726336479187,0.511719286441803,-0.03637205436825752,0.6658564805984497,0.5436230301856995,0.506243884563446,-0.16615737974643707,0.96290522813797,0.5544278621673584,0.505757749080658,-0.004530555568635464,0.6328126788139343,0.5397358536720276,0.5006234645843506,-0.13719430565834045,0.9423463344573975,0.5371703505516052,0.5601577758789062,0.06718380004167557,0.9976034760475159,0.5066114664077759,0.5634226202964783,-0.067144475877285,0.9980423450469971,0.5309360027313232,0.7107992172241211,0.08649223297834396,0.8643258213996887,0.5040169954299927,0.7145752906799316,-0.04748818650841713,0.9769508838653564,0.5235073566436768,0.8298048973083496,0.20182456076145172,0.932462215423584,0.49825000762939453,0.8429584503173828,0.06823096424341202,0.9803429841995239,0.5163477659225464,0.841801106929779,0.20764903724193573,0.9231264591217041,0.4928922951221466,0.8593491911888123,0.07454963773488998,0.8840080499649048,0.5356000065803528,0.8759520649909973,0.13466933369636536,0.9558658003807068,0.5175931453704834,0.8865979313850403,-0.021702809259295464,0.9768709540367126
14600.000000000087,0.5360882878303528,0.3096933960914612,-0.17870576679706573,0.9998651742935181,0.5350260138511658,0.29627713561058044,-0.16172577440738678,0.9997467994689941,0.5355157256126404,0.29584044218063354,-0.1617528796195984,0.9996472597122192,0.5359755754470825,0.2952437102794647,-0.16174349188804626,0.9996009469032288,0.53116774559021,0.2955845892429352,-0.18209420144557953,0.9998074769973755,0.52897047996521,0.294829785823822,-0.18212762475013733,0.9997943639755249,0.526469886302948,0.2939485013484955,-0.18217839300632477,0.9998214244842529,0.5285013914108276,0.29700547456741333,-0.05716586858034134,0.9983842968940735,0.5154988765716553,0.29713499546051025,-0.14911527931690216,0.999886691570282,0.5353817343711853,0.32175859808921814,-0.13701635599136353,0.9996843338012695,0.5306209921836853,0.32173675298690796,-0.16370733082294464,0.9998753070831299,0.5350795388221741,0.3669046461582184,0.05740998685359955,0.999607264995575,0.4912232458591461,0.371675580739975,-0.14383366703987122,0.9999444484710693,0.5366407036781311,0.45444440841674805,0.11022591590881348,0.3691732883453369,0.47897377610206604,0.47933101654052734,-0.1335352063179016,0.9953500032424927,0.5534847378730774,0.5005388855934143,-0.0026668133214116096,0.6628115177154541,0.5292658805847168,0.5061330199241638,-0.13586753606796265,0.9823904037475586,0.5567113161087036,0.5173999071121216,-0.02441725693643093,0.6375683546066284,0.5419220328330994,0.5156699419021606,-0.1574678122997284,0.9624748229980469,0.5567025542259216,0.5097929835319519,-0.04941803216934204,0.6648980975151062,0.5435502529144287,0.5055103302001953,-0.16557924449443817,0.9615359306335449,0.5543798804283142,0.5035781264305115,-0.01719789020717144,0.6316617727279663,0.5397056937217712,0.5001821517944336,-0.136585533618927,0.940270721912384,0.5371626019477844,0.5604768395423889,0.06649499386548996,0.997559130191803,0.5065788626670837,0.5639326572418213,-0.06646232306957245,0.9979842901229858,0.5311302542686462,0.7110885977745056,0.08685396611690521,0.8649153709411621,0.5040019750595093,0.7147131562232971,-0.04542193189263344,0.9764422178268433,0.5237564444541931,0.8297592997550964,0.20541493594646454,0.9325250387191772,0.49824246764183044,0.8429418206214905,0.07405201345682144,0.9800309538841248,0.5164949297904968,0.8417328000068665,0.21162262558937073,0.9233065247535706,0.4929751455783844,0.8593449592590332,0.08066264539957047,0.8828266859054565,0.5358542203903198,0.8759226202964783,0.1386568397283554,0.9557748436927795,0.5175672769546509,0.8866850137710571,-0.015286351554095745,0.9765231609344482
14633.333333333421,0.5360904335975647,0.309872031211853,-0.17838266491889954,0.9998632073402405,0.5350421667098999,0.2964754104614258,-0.16137787699699402,0.9997442364692688,0.5355303883552551,0.29605501890182495,-0.16140566766262054,0.9996432065963745,0.5359898209571838,0.29547634720802307,-0.1613946110010147,0.9995972514152527,0.5311801433563232,0.29570576548576355,-0.18147429823875427,0.9998041987419128,0.5289775133132935,0.2949049770832062,-0.1815039962530136,0.9997897744178772,0.5264710783958435,0.29398587346076965,-0.18155130743980408,0.9998171925544739,0.5284979343414307,0.2971547842025757,-0.05654383823275566,0.9983738660812378,0.5155049562454224,0.297132283449173,-0.1479029357433319,0.9998841881752014,0.5353783369064331,0.32188495993614197,-0.13657182455062866,0.9996837377548218,0.5306074619293213,0.3218374252319336,-0.16292043030261993,0.9998743534088135,0.5351307988166809,0.3662940263748169,0.057303618639707565,0.9996176362037659,0.4910154342651367,0.3716815710067749,-0.13912102580070496,0.999943733215332,0.5368265509605408,0.45295020937919617,0.10635964572429657,0.37189340591430664,0.47863900661468506,0.4793189764022827,-0.12959256768226624,0.9952415823936462,0.5536982417106628,0.49774089455604553,-0.015727603808045387,0.6692230701446533,0.5292221903800964,0.5043863654136658,-0.1349429041147232,0.9821908473968506,0.5567816495895386,0.5144395232200623,-0.03929862007498741,0.6447858214378357,0.541785478591919,0.5138671398162842,-0.1568416804075241,0.9622456431388855,0.5566568970680237,0.5073029398918152,-0.06442321091890335,0.6719867587089539,0.5434637069702148,0.5039718151092529,-0.16512884199619293,0.9613282084465027,0.5543633699417114,0.5011583566665649,-0.030397875234484673,0.6387525200843811,0.5396950840950012,0.49893906712532043,-0.13572707772254944,0.93988436460495,0.5373247861862183,0.5604036450386047,0.06557555496692657,0.997567355632782,0.5066606402397156,0.5638803839683533,-0.06554897129535675,0.9979616403579712,0.5313588976860046,0.7110454440116882,0.08701891452074051,0.8650608062744141,0.5040526986122131,0.7146618962287903,-0.04467880353331566,0.9760297536849976,0.5239337682723999,0.8297585248947144,0.20556098222732544,0.9325145483016968,0.49830469489097595,0.8428511023521423,0.074061319231987,0.9797592759132385,0.5166158080101013,0.8416776061058044,0.21182039380073547,0.9238197207450867,0.4930773377418518,0.8592871427536011,0.08059126883745193,0.8820078372955322,0.5360390543937683,0.8759106993675232,0.13894107937812805,0.9556188583374023,0.5174752473831177,0.8866944313049316,-0.015456934459507465,0.9761252403259277
14666.666666666755,0.5360186100006104,0.31013023853302,-0.17586649954319,0.999866247177124,0.5350337624549866,0.29677900671958923,-0.1585250049829483,0.9997509121894836,0.5355276465415955,0.29641225934028625,-0.15855379402637482,0.9996514916419983,0.5360021591186523,0.29589176177978516,-0.15854166448116302,0.9996065497398376,0.5311429500579834,0.2958379089832306,-0.17730776965618134,0.9998081922531128,0.5289232730865479,0.2949792742729187,-0.17733147740364075,0.9997934103012085,0.5263593792915344,0.29401761293411255,-0.1773693859577179,0.9998204112052917,0.528712809085846,0.29754939675331116,-0.05191715434193611,0.998412013053894,0.5155007243156433,0.2971194088459015,-0.13727188110351562,0.9998865723609924,0.5352835059165955,0.3221123516559601,-0.13359619677066803,0.999693751335144,0.5303947329521179,0.3220086395740509,-0.1583159863948822,0.9998784065246582,0.5353660583496094,0.36619871854782104,0.05941007286310196,0.9996302723884583,0.49093466997146606,0.3716016709804535,-0.12510468065738678,0.9999442100524902,0.5379186868667603,0.4528210461139679,0.1068866103887558,0.3758181631565094,0.47757574915885925,0.47901904582977295,-0.1158113181591034,0.995189905166626,0.5538070201873779,0.4973509609699249,-0.01738802343606949,0.6755326986312866,0.5285037755966187,0.5036293864250183,-0.1272335946559906,0.9822041988372803,0.5567577481269836,0.5136637091636658,-0.04191475361585617,0.6515592932701111,0.5408163070678711,0.5135319828987122,-0.1496632844209671,0.9623405933380127,0.5562866926193237,0.5065473318099976,-0.06686386466026306,0.6785290241241455,0.5428049564361572,0.5035591125488281,-0.15789340436458588,0.961449384689331,0.554164707660675,0.5004297494888306,-0.03200213983654976,0.6451197266578674,0.5391778945922852,0.4983893930912018,-0.12804637849330902,0.9400416612625122,0.5373966097831726,0.5602588057518005,0.06359979510307312,0.9976252913475037,0.5066492557525635,0.5638613700866699,-0.06357555091381073,0.9979887008666992,0.5315981507301331,0.7111914753913879,0.08181021362543106,0.8675652742385864,0.5040435194969177,0.7147068977355957,-0.04480363056063652,0.9759954810142517,0.5244559645652771,0.8297320604324341,0.20537585020065308,0.9335895776748657,0.49831217527389526,0.8428010940551758,0.07415502518415451,0.9797253608703613,0.5173665285110474,0.8416253924369812,0.2112187296152115,0.9248855710029602,0.49321168661117554,0.8591095805168152,0.08084381371736526,0.8806269764900208,0.5362060070037842,0.8758721947669983,0.13848282396793365,0.9560575485229492,0.5173676013946533,0.88669753074646,-0.015789946541190147,0.9759727716445923
